time[s] x1[m] x2[m] x1_dot[m/s] x2_dot[m/s]
0.000000000000000000e+00 0.000000000000000000e+00 0.000000000000000000e+00 0.000000000000000000e+00 0.000000000000000000e+00
9.999999999999999124e-05 3.315174284774372881e-08 3.984198184694489028e-15 6.630297961159439856e-04 1.199264016431134905e-10
1.100000000000000066e-03 4.010744015954951389e-06 5.835919410554613069e-12 7.291640472537892770e-03 1.644903994046724231e-08
1.110000000000000049e-02 4.077213271828778992e-04 1.146602576873156520e-08 7.339108937753482942e-02 3.645252934282813087e-06
6.190411018843799962e-02 1.253435932811979188e-02 6.765921201879401492e-06 4.013934155620486610e-01 4.211219531285862513e-04
1.619041101884380052e-01 8.253670196262938297e-02 2.833689688549698724e-04 9.810666583243211614e-01 6.824045042244027658e-03
2.619041101884380107e-01 2.036432882649267528e-01 1.837369328443487406e-03 1.404161426488021114e+00 2.710820333818447433e-02
3.619041101884380440e-01 3.557454918600866378e-01 6.341090885688226500e-03 1.608295501698495000e+00 6.634028879334136208e-02
4.619041101884380218e-01 5.203770223875778811e-01 1.578411834558531013e-02 1.655994785185009643e+00 1.258342032373627184e-01
5.619041101884379996e-01 6.797095331633322690e-01 3.212103189017675997e-02 1.487955959869743827e+00 2.035895892979667776e-01
6.619041101884379774e-01 8.101054440468913320e-01 5.692023011949499944e-02 1.095938729165521153e+00 2.937608840652707887e-01
7.619041101884379552e-01 8.975436174812212453e-01 9.097853227426314082e-02 6.511040373452925412e-01 3.870681192955889860e-01
8.619041101884379330e-01 9.398237249302200391e-01 1.340931472029295579e-01 1.989578381219531122e-01 4.731551486805808393e-01
9.619041101884379108e-01 9.393600377828564829e-01 1.850324802113264278e-01 -1.984326961704855896e-01 5.419820419756713470e-01
1.061904110188437889e+00 9.034148049711709927e-01 2.416262898722617292e-01 -4.931353871717740200e-01 5.849941052368440308e-01
1.161904110188437977e+00 8.466679355121350392e-01 3.009704555455767760e-01 -6.112489777388572243e-01 5.963101329709753484e-01
1.261904110188438066e+00 7.883706022139955749e-01 3.597594690822676355e-01 -5.216383973805682750e-01 5.739116666355935648e-01
1.361904110188438155e+00 7.456827396273861819e-01 4.146991810970951930e-01 -3.238193211178094777e-01 5.199955963909932422e-01
1.461904110188438244e+00 7.258522621067755587e-01 4.628780698529871285e-01 -6.476130434667992652e-02 4.397346920997138864e-01
1.561904110188438333e+00 7.327556903177195879e-01 5.020032806840277750e-01 2.010967783737089287e-01 3.402161408776315232e-01
1.661904110188438422e+00 7.656283760989298637e-01 5.305473923845338557e-01 4.496478079007780737e-01 2.294909257239302058e-01
1.761904110188438510e+00 8.208854336329056700e-01 5.478021445243966836e-01 6.469359762068027653e-01 1.157653618625986980e-01
1.861904110188438599e+00 8.927957482944787193e-01 5.538555331059166198e-01 7.762133739434725621e-01 6.653942612485461150e-03
1.961904110188438688e+00 9.725283181483233008e-01 5.495015536634003661e-01 7.967008741834213925e-01 -9.146587037141212795e-02
2.061904110188438555e+00 1.047362777998965155e+00 5.360758500313231867e-01 6.779368340287437178e-01 -1.742709218285784512e-01
2.161904110188438644e+00 1.104135103096923309e+00 5.152184703002106181e-01 4.376227341120648706e-01 -2.400241108487732866e-01
2.261904110188438732e+00 1.131547674451272911e+00 4.886168598926004525e-01 1.003748686011655677e-01 -2.894732442299139952e-01
2.361904110188438821e+00 1.123210111923810706e+00 4.577768119763802601e-01 -2.686055601332908438e-01 -3.253664072631957671e-01
2.461904110188438910e+00 1.078058529976251734e+00 4.238691667307824540e-01 -6.303797195639646578e-01 -3.515029057069964380e-01
2.561904110188438999e+00 9.995940001617643622e-01 3.876655192341244560e-01 -9.153353032038529236e-01 -3.719328607429521760e-01
2.661904110188439088e+00 8.998586790410904035e-01 3.495664603522183334e-01 -1.063970829621966319e+00 -3.897819010274499174e-01
2.761904110188439176e+00 7.891873881969597715e-01 3.097452462685968966e-01 -1.132522346950779246e+00 -4.065152360807146592e-01
2.861904110188439265e+00 6.770455662429152310e-01 2.682923366651209784e-01 -1.095754395113373914e+00 -4.223291079081813448e-01
2.961904110188439354e+00 5.728838801339248832e-01 2.253485768768536124e-01 -9.705934909026255886e-01 -4.360299352061878242e-01
3.061904110188439443e+00 4.861378452799669514e-01 1.812365728382713814e-01 -7.520546027868083572e-01 -4.451841221495366208e-01
3.161904110188439532e+00 4.235146762343281468e-01 1.365792667083281786e-01 -5.034257996824520465e-01 -4.463095494528454554e-01
3.261904110188439621e+00 3.845186613587275870e-01 9.236160574892603170e-02 -2.779293778080759170e-01 -4.358554121651876945e-01
3.361904110188439709e+00 3.671468214937141372e-01 4.988880174256837829e-02 -8.139611559428458487e-02 -4.110142904430097999e-01
3.461904110188439798e+00 3.655694598443527399e-01 1.069614971587684593e-02 4.158143485374135584e-02 -3.701112763224261304e-01
3.561904110188439887e+00 3.740434152646552879e-01 -2.359447949966527597e-02 1.158986133182901418e-01 -3.130822723506000438e-01
3.661904110188439976e+00 3.856901169063032819e-01 -5.142877119872328595e-02 1.049926501792221439e-01 -2.413719109391448403e-01
3.761904110188440065e+00 3.944500004947883443e-01 -7.148291573907619711e-02 7.372643127198955093e-02 -1.581069639383266834e-01
3.861904110188440153e+00 4.003982689535074413e-01 -8.279645767725718475e-02 3.835700494335323590e-02 -6.724353872818296385e-02
3.961904110188440242e+00 4.005822794580649604e-01 -8.482477746527597451e-02 -3.928509113849993489e-02 2.679840776264112712e-02
4.061904110188439887e+00 3.925281198328802179e-01 -7.749895637838348506e-02 -1.162605625713309943e-01 1.189776328817149509e-01
4.161904110188439532e+00 3.790424683907241965e-01 -6.125634003292129703e-02 -1.475291551445054306e-01 2.043777134242154014e-01
4.261904110188439176e+00 3.634172347511029355e-01 -3.698620638431215912e-02 -1.613440054876853491e-01 2.789142416802181113e-01
4.361904110188438821e+00 3.485686474284022118e-01 -5.945744392388378069e-03 -1.238889560465840367e-01 3.393294056177054152e-01
4.461904110188438466e+00 3.406523560125189753e-01 3.034213824174436872e-02 -2.927932043240390192e-02 3.836691510568174812e-01
4.561904110188438111e+00 3.426103429135612388e-01 7.023315133785720810e-02 6.918381055572707383e-02 4.113827160588099385e-01
4.661904110188437755e+00 3.566437085221300096e-01 1.120751882619875489e-01 2.267894360376022656e-01 4.228468600445434156e-01
4.761904110188437400e+00 3.889066797306561796e-01 1.543195350274202127e-01 4.124079918159317404e-01 4.198536783779016623e-01
4.861904110188437045e+00 4.381885085761920151e-01 1.956556930390876414e-01 5.735574839768698974e-01 4.051579718748809511e-01
4.961904110188436690e+00 5.033050421076489256e-01 2.350604351780812840e-01 7.198434257282080306e-01 3.817488740128723301e-01
5.061904110188436334e+00 5.796205681788391129e-01 2.718161858197333247e-01 7.973365976854783765e-01 3.526334195362244572e-01
5.161904110188435979e+00 6.618262135164294513e-01 3.054773054160715984e-01 8.393759340839082039e-01 3.202150976531848436e-01
5.261904110188435624e+00 7.449356614831008638e-01 3.358133877340480078e-01 8.099285358216478103e-01 2.863868951201609114e-01
5.361904110188435268e+00 8.214153787210310975e-01 3.627417316054936114e-01 7.054907878347715933e-01 2.521363065580001228e-01
5.461904110188434913e+00 8.837951380957217440e-01 3.862245259942212461e-01 5.382821813679204981e-01 2.173710126994122249e-01
5.561904110188434558e+00 9.285340989987046489e-01 4.061691333084306854e-01 3.510483104072478211e-01 1.811954246147677583e-01
5.661904110188434203e+00 9.537070017319978499e-01 4.223772040567865260e-01 1.574187375611674211e-01 1.424273009813705471e-01
5.761904110188433847e+00 9.608545757272418664e-01 4.345305990785417460e-01 -1.338403621658637577e-02 9.995574758261965842e-02
5.861904110188433492e+00 9.519193879366645294e-01 4.422219882471368768e-01 -1.544560468120902696e-01 5.311276503534437948e-02
5.961904110188433137e+00 9.326355558303025539e-01 4.450070404277247649e-01 -2.211211704085390695e-01 1.930516437593482459e-03
6.061904110188432782e+00 9.084084305145475602e-01 4.425009887951042442e-01 -2.608220170623679612e-01 -5.245062274345141384e-02
6.161904110188432426e+00 8.820039487096636988e-01 4.344684779776415984e-01 -2.609202280691275133e-01 -1.082603957431594321e-01
6.261904110188432071e+00 8.559470195456357899e-01 4.208776379494231223e-01 -2.607567846926526767e-01 -1.632140076002135121e-01
6.361904110188431716e+00 8.309099297890431002e-01 4.019332713713772431e-01 -2.410789168613121647e-01 -2.149288345140948353e-01
6.461904110188431360e+00 8.051573315109750162e-01 3.780780774671302913e-01 -2.841330919791853482e-01 -2.611030852239504818e-01
6.561904110188431005e+00 7.742197751823715057e-01 3.499447742413184237e-01 -3.344939647211718770e-01 -3.003203414959410567e-01
6.661904110188430650e+00 7.368707190946498509e-01 3.182749628990613200e-01 -4.170684866449140826e-01 -3.317407010317791616e-01
6.761904110188430295e+00 6.915114289964505723e-01 2.838632310550677773e-01 -4.845201414892355007e-01 -3.551632754563623373e-01
6.861904110188429939e+00 6.405532708679265719e-01 2.475089719372821073e-01 -5.320224283551315825e-01 -3.705892941508410199e-01
6.961904110188429584e+00 5.859959647556510776e-01 2.100109430036464220e-01 -5.534173308983995065e-01 -3.780463258816693650e-01
7.061904110188429229e+00 5.308325537583852283e-01 1.721655453222142584e-01 -5.485171045241133969e-01 -3.775260488548636828e-01
7.161904110188428874e+00 4.759689268515722160e-01 1.347717877408097786e-01 -5.477979696747783400e-01 -3.690398972098875574e-01
7.261904110188428518e+00 4.228310576789607311e-01 9.861342902824511703e-02 -5.061674569766557719e-01 -3.528656207313884963e-01
7.361904110188428163e+00 3.748478654154130396e-01 6.445067413867180961e-02 -4.571125024274658166e-01 -3.291410592747473496e-01
7.461904110188427808e+00 3.318777428405140784e-01 3.302750731143209301e-02 -3.969418756152559569e-01 -2.981503048593984184e-01
7.561904110188427452e+00 2.954657022296003910e-01 5.047693336902008693e-03 -3.318997237764674257e-01 -2.603570848615407995e-01
7.661904110188427097e+00 2.666925673112570117e-01 -1.883767486072347383e-02 -2.387673708834078812e-01 -2.163677157475848711e-01
7.761904110188426742e+00 2.468920498331671209e-01 -3.803856681840062787e-02 -1.599219399643511952e-01 -1.667801683283414438e-01
7.861904110188426387e+00 2.360313738781463500e-01 -5.203637221737844598e-02 -5.279453717161321225e-02 -1.124592302449055892e-01
7.961904110188426031e+00 2.349690710811928873e-01 -6.040030800838998987e-02 2.230180351530013094e-02 -5.426167799335582936e-02
8.061904110188425676e+00 2.395283949171327642e-01 -6.280440486580826653e-02 6.600325619285493661e-02 6.448621325281914118e-03
8.161904110188425321e+00 2.486780256595147176e-01 -5.908985927139562278e-02 1.254163162303276180e-01 6.778763627254812130e-02
8.261904110188424966e+00 2.647031880487935029e-01 -4.928365097628127633e-02 1.845812424989977385e-01 1.280247461194676806e-01
8.361904110188424610e+00 2.841434775736771390e-01 -3.357957317144893289e-02 2.034892167647510686e-01 1.854059696279672098e-01
8.461904110188424255e+00 3.048827906496586193e-01 -1.236804897609091250e-02 2.072076703017200483e-01 2.378184462494710993e-01
8.561904110188423900e+00 3.257622457061419841e-01 1.374722617859236440e-02 2.147478435548579589e-01 2.831374649843987901e-01
8.661904110188423545e+00 3.486667260983603578e-01 4.396344808175801921e-02 2.481663572482817048e-01 3.196007491695408431e-01
8.761904110188423189e+00 3.760365214905989628e-01 7.733687632055601113e-02 2.988429073752770782e-01 3.461718543824686689e-01
8.861904110188422834e+00 4.084161141524770278e-01 1.128543432650749717e-01 3.505175437703689778e-01 3.624531096689855847e-01
8.961904110188422479e+00 4.463695478636199310e-01 1.494868140021910485e-01 4.095312460577380520e-01 3.685315123502855283e-01
9.061904110188422123e+00 4.903184090849420085e-01 1.862403972969541022e-01 4.637318193192798699e-01 3.650155107212874617e-01
9.161904110188421768e+00 5.370173781858865736e-01 2.221990310857313577e-01 4.612686366663051873e-01 3.527548107604732697e-01
9.261904110188421413e+00 5.813352010954949689e-01 2.565171525956382870e-01 4.195322056682739831e-01 3.322622212273489417e-01
9.361904110188421058e+00 6.206401811024018222e-01 2.883866590241031536e-01 3.695812036064460293e-01 3.038326993220424876e-01
9.461904110188420702e+00 6.552503721666053105e-01 3.170354334998413681e-01 3.198967372118377006e-01 2.679653371346301105e-01
9.561904110188420347e+00 6.850096649191097509e-01 3.417585908710629727e-01 2.800055718870460009e-01 2.254794936927140003e-01
9.661904110188419992e+00 7.115198920422274309e-01 3.619510375349669351e-01 2.510160189690137100e-01 1.775958176950892808e-01
9.761904110188419637e+00 7.355981228859629351e-01 3.771514651662735695e-01 2.284526665987728355e-01 1.259343463069476643e-01
9.861904110188419281e+00 7.564356936475553628e-01 3.870723051720739716e-01 1.902386194129377928e-01 7.229677013123156359e-02
9.961904110188418926e+00 7.745730454595510794e-01 3.916040554657716499e-01 1.703120912525385167e-01 1.846967249213096046e-02
1.006190411018841857e+01 7.887070171671902719e-01 3.908230288043236245e-01 1.052558247267261077e-01 -3.368230051772395234e-02
1.016190411018841822e+01 7.955099656480822956e-01 3.849673744204095138e-01 3.177849580144109787e-02 -8.284605704105738044e-02
1.026190411018841786e+01 7.941110058061299215e-01 3.743863365603566362e-01 -6.799880431857137364e-02 -1.280544385083929315e-01
1.036190411018841750e+01 7.812215172411647313e-01 3.595040981563725202e-01 -1.893905483082100050e-01 -1.688500305232225052e-01
1.046190411018841715e+01 7.558023336454965380e-01 3.407625447740036950e-01 -3.203701046370199812e-01 -2.052719555408409335e-01
1.056190411018841679e+01 7.184697953152875405e-01 3.185852765739590198e-01 -4.167390824241439806e-01 -2.376127868193862736e-01
1.066190411018841644e+01 6.735275724532565622e-01 2.933744628355398620e-01 -4.751037168740822603e-01 -2.659101858570081522e-01
1.076190411018841608e+01 6.256734724043545581e-01 2.655509154029950247e-01 -4.755231597288543943e-01 -2.897514535327102569e-01
1.086190411018841573e+01 5.784482297483676261e-01 2.356034069701151146e-01 -4.678353631751370756e-01 -3.082235561109075705e-01
1.096190411018841537e+01 5.323651231800721195e-01 2.041153231911755350e-01 -4.546010474876991947e-01 -3.204268278966622141e-01
1.106190411018841502e+01 4.886403522813259626e-01 1.717511091761018960e-01 -4.094347563348361696e-01 -3.256311541061037151e-01
1.116190411018841466e+01 4.501425369771555607e-01 1.392502287374921544e-01 -3.720327481464014152e-01 -3.230188047168559007e-01
1.126190411018841431e+01 4.140704420326773438e-01 1.074222216372104910e-01 -3.402462161497230575e-01 -3.121720607754499555e-01
1.136190411018841395e+01 3.824340428938486358e-01 7.709105738997631962e-02 -2.983040242796433095e-01 -2.930762279816858662e-01
1.146190411018841360e+01 3.539874057696696941e-01 4.907443502544107938e-02 -2.687508608756444262e-01 -2.659728647781700039e-01
1.156190411018841324e+01 3.294281371586136875e-01 2.414057937126069114e-02 -2.151038893072518554e-01 -2.315459489112501323e-01
1.166190411018841289e+01 3.121699947178296908e-01 2.987427330139388881e-03 -1.315884657099640198e-01 -1.904462551677072457e-01
1.176190411018841253e+01 3.019122443923007437e-01 -1.374643414871928176e-02 -7.740468403119518670e-02 -1.433052432623519723e-01
1.186190411018841218e+01 2.968764513140441652e-01 -2.551085171165020857e-02 -2.075514923305435411e-02 -9.128475565473773146e-02
1.196190411018841182e+01 2.971389449147344708e-01 -3.188725272080502465e-02 1.627107135983751202e-02 -3.579516353458761513e-02
1.206190411018841147e+01 2.987968962956805141e-01 -3.261527119149628534e-02 1.714893451560833837e-02 2.131208845837256893e-02
1.216190411018841111e+01 3.003089574965940312e-01 -2.764939360484671912e-02 7.481960429177030025e-03 7.767927343973447807e-02
1.226190411018841075e+01 3.002076532980102463e-01 -1.718806566454969542e-02 -3.844661596822741487e-03 1.307909650022169301e-01
1.236190411018841040e+01 2.997002533461772811e-01 -1.679458444449629870e-03 -1.028467746441420055e-02 1.782640784948358315e-01
1.246190411018841004e+01 2.987564966921769094e-01 1.820711354246177388e-02 2.408325317544458832e-03 2.180288840040378318e-01
1.256190411018840969e+01 3.018670555186687143e-01 4.162077102963879227e-02 6.059677293653575186e-02 2.486631537453048435e-01
1.266190411018840933e+01 3.101758623551822414e-01 6.761770595999028188e-02 1.050448999446951526e-01 2.696399840362268541e-01
1.276190411018840898e+01 3.246490188870122529e-01 9.522129343409635460e-02 1.970065496790937287e-01 2.808329708557972260e-01
1.286190411018840862e+01 3.503701122936543899e-01 1.234856900747998421e-01 3.151367485158307891e-01 2.830904762626429427e-01
1.296190411018840827e+01 3.876783501345695826e-01 1.515945615420481729e-01 4.304510935560381113e-01 2.780142515553485349e-01
1.306190411018840791e+01 4.353490017852960636e-01 1.789057381910458822e-01 5.157125192429932170e-01 2.674452544569449475e-01
1.316190411018840756e+01 4.891152584465774389e-01 2.049562346865767548e-01 5.487532037924020001e-01 2.530361013301574702e-01
1.326190411018840720e+01 5.440062868152051312e-01 2.294217322091578193e-01 5.496145983767327658e-01 2.358791453010819494e-01
1.336190411018840685e+01 5.975864882896315677e-01 2.520650771748651486e-01 5.064667663693658284e-01 2.166933047724919903e-01
1.346190411018840649e+01 6.434990007526073530e-01 2.726986224862755215e-01 4.077996379084402601e-01 1.956319694565638312e-01
1.356190411018840614e+01 6.770170248215262587e-01 2.911108693407896131e-01 2.518552691262005983e-01 1.721244325674914644e-01
1.366190411018840578e+01 6.943187990009977995e-01 3.070025284993843639e-01 1.031594701824099514e-01 1.450005122950600300e-01
1.376190411018840543e+01 6.987550000749864765e-01 3.199572484126751437e-01 -7.327242476686104955e-03 1.132863295826473105e-01
1.386190411018840507e+01 6.949402723565449858e-01 3.294991598382523423e-01 -6.233830761192627606e-02 7.678989064770250228e-02
1.396190411018840472e+01 6.870613020942810678e-01 3.351788498085559453e-01 -8.871457855098967282e-02 3.621870440436653765e-02
1.406190411018840436e+01 6.781007378236697525e-01 3.366517474647764963e-01 -9.187991409510189167e-02 -7.070674789321593212e-03
1.416190411018840400e+01 6.681412464261220485e-01 3.337318860994655800e-01 -1.105183181439089030e-01 -5.135138991231953665e-02
1.426190411018840365e+01 6.547982163285435142e-01 3.264011395903698709e-01 -1.612548479206404317e-01 -9.506010426855868167e-02
1.436190411018840329e+01 6.361533383638228178e-01 3.147774856295609824e-01 -2.071943726309221911e-01 -1.370379233846901468e-01
1.446190411018840294e+01 6.140024359630564810e-01 2.990884076246843049e-01 -2.333428852298772838e-01 -1.761652768431051785e-01
1.456190411018840258e+01 5.896328471502428892e-01 2.796814030273832574e-01 -2.559137576276061532e-01 -2.111872989039987325e-01
1.466190411018840223e+01 5.624951085852992749e-01 2.570256214847222442e-01 -2.870529284466115660e-01 -2.409809626151157291e-01
1.476190411018840187e+01 5.321630632316027842e-01 2.316866993998031865e-01 -3.202680521648092471e-01 -2.647393865680330860e-01
1.486190411018840152e+01 4.984363738546451206e-01 2.042963058873336069e-01 -3.520968198758482326e-01 -2.819498776712528465e-01
1.496190411018840116e+01 4.631746228185815162e-01 1.755251702176310324e-01 -3.437554417131322704e-01 -2.922955907277329235e-01
1.506190411018840081e+01 4.299798623411970611e-01 1.460834715384658755e-01 -3.258689214272882939e-01 -2.952600724185854286e-01
1.516190411018840045e+01 3.979292044264025052e-01 1.167313960594145578e-01 -3.081298617599544931e-01 -2.904879533459762131e-01
1.526190411018840010e+01 3.693673476783444487e-01 8.824682375781650601e-02 -2.626816304993150331e-01 -2.778846002031805096e-01
1.536190411018839974e+01 3.453161423615317416e-01 6.141848194885375645e-02 -2.188848310276137743e-01 -2.573731364998062543e-01
1.546190411018839939e+01 3.253537588102201616e-01 3.702793016115563801e-02 -1.817095297847051427e-01 -2.292039645484675869e-01
1.556190411018839903e+01 3.082885583732544732e-01 1.581092075613790143e-02 -1.648087940015225961e-01 -1.940576997603367659e-01
1.566190411018839868e+01 2.922357857653739566e-01 -1.591869885560877329e-03 -1.524696612632454873e-01 -1.531689229767738136e-01
1.576190411018839832e+01 2.778614545117049084e-01 -1.468267332635979014e-02 -1.378122249255551712e-01 -1.080799784072696834e-01
1.586190411018839796e+01 2.653061565291104928e-01 -2.312383460550827829e-02 -1.043842825074058067e-01 -6.046359099102471130e-02
1.596190411018839761e+01 2.580491420847625395e-01 -2.674151343656588214e-02 -4.071195684329954878e-02 -1.181795108163161134e-02
1.606190411018839725e+01 2.569381613889988869e-01 -2.549221947476328770e-02 1.730694442284182177e-02 3.668088448292874948e-02
1.616190411018839868e+01 2.615658311313038831e-01 -1.945022509103739791e-02 7.815527540149515284e-02 8.383603134066416884e-02
1.626190411018840010e+01 2.729006904408963208e-01 -8.806377359597593671e-03 1.465904003863418015e-01 1.285581541143323570e-01
1.636190411018840152e+01 2.908903443861767801e-01 6.149859249126050226e-03 2.181743772112887392e-01 1.699392607723755333e-01
1.646190411018840294e+01 3.170796819683693868e-01 2.504722464905073318e-02 3.011260732176487820e-01 2.073056070131104600e-01
1.656190411018840436e+01 3.497568930506411711e-01 4.746252780378144853e-02 3.484969516480248553e-01 2.402053004347037279e-01
1.666190411018840578e+01 3.866746071040099153e-01 7.291739384044462757e-02 3.915816756513528785e-01 2.679845469957564119e-01
1.676190411018840720e+01 4.284328936640413032e-01 1.008710128478472190e-01 4.414209976790315348e-01 2.901237578339843082e-01
1.686190411018840862e+01 4.733670633098369107e-01 1.307450380041098315e-01 4.496754825388135091e-01 3.063348125748862616e-01
1.696190411018841004e+01 5.180932502716854016e-01 1.619231261195936133e-01 4.443379178487624204e-01 3.161061145280047446e-01
1.706190411018841147e+01 5.610991489290135803e-01 1.937343707340498100e-01 4.105695020869064571e-01 3.189135415179564781e-01
1.716190411018841289e+01 6.004827017177695181e-01 2.254550605305402355e-01 3.800138654636867064e-01 3.142129639536508368e-01
1.726190411018841431e+01 6.369951030039066042e-01 2.563180389726399389e-01 3.504918351064990056e-01 3.017534760919017289e-01
1.736190411018841573e+01 6.712597245585826267e-01 2.855512999308540412e-01 3.380011397453861477e-01 2.816811897057167613e-01
1.746190411018841715e+01 7.053015873881297582e-01 3.124225334867403170e-01 3.480695427440549383e-01 2.546765058572844076e-01
1.756190411018841857e+01 7.409078003387945532e-01 3.362978768584616862e-01 3.572565983482772767e-01 2.220177983322850768e-01
1.766190411018841999e+01 7.759129724045814580e-01 3.566869590455065686e-01 3.433490710372417154e-01 1.851795712680736894e-01
1.776190411018842141e+01 8.087643232949008887e-01 3.732399138336568445e-01 3.043247008523803920e-01 1.455165066909812899e-01
1.786190411018842283e+01 8.358174245491943877e-01 3.857328489635394320e-01 2.375149371700722156e-01 1.041206873273174960e-01
1.796190411018842426e+01 8.564649826984784831e-01 3.940335216856146738e-01 1.769105913435729538e-01 6.181291394725325905e-02
1.806190411018842568e+01 8.710909110618811901e-01 3.980952561213603746e-01 1.064738021510538007e-01 1.949741614402230455e-02
1.816190411018842710e+01 8.752662625508172978e-01 3.979555912325715705e-01 -2.595854058804748787e-02 -2.217688109719066769e-02
1.826190411018842852e+01 8.672305176811078153e-01 3.936803552487250224e-01 -1.313387907103228391e-01 -6.321826679223158107e-02
1.836190411018842994e+01 8.484116877076069985e-01 3.853375323681312858e-01 -2.442810142955036679e-01 -1.035020727042930272e-01
1.846190411018843136e+01 8.195284603888964847e-01 3.730094264467015419e-01 -3.298786919970431719e-01 -1.428856628184176913e-01
1.856190411018843278e+01 7.829045478294328619e-01 3.568034376940963370e-01 -3.966697098239568842e-01 -1.809733385548787654e-01
1.866190411018843420e+01 7.414511999005162224e-01 3.368801747609004305e-01 -4.278138335520444979e-01 -2.170832094493412023e-01
1.876190411018843562e+01 6.986601098539704235e-01 3.134883499944260965e-01 -4.220104716299963865e-01 -2.501317223688138691e-01
1.886190411018843704e+01 6.568457801751180769e-01 2.870035040611555455e-01 -4.162504700830292337e-01 -2.786997621987042373e-01
1.896190411018843847e+01 6.164769311345953406e-01 2.579421001151381287e-01 -3.867979187896081750e-01 -3.014488001524830985e-01
1.906190411018843989e+01 5.782623610877044573e-01 2.269514203005587039e-01 -3.848146858659783898e-01 -3.170961876944562441e-01
1.916190411018844131e+01 5.397995561223850602e-01 1.947842963436748898e-01 -3.810209765642074142e-01 -3.249061852716951804e-01
1.926190411018844273e+01 5.017582988692803614e-01 1.622434942944104841e-01 -3.820333856749044132e-01 -3.245334333484122258e-01
1.936190411018844415e+01 4.632841362033728871e-01 1.301496684601143317e-01 -3.876211580649456256e-01 -3.160114672551466164e-01
1.946190411018844557e+01 4.249050214127096936e-01 9.929876345159881212e-02 -3.728553337253303068e-01 -2.997633836572806687e-01
1.956190411018844699e+01 3.896149396008111720e-01 7.043902945241056757e-02 -3.315500926829585415e-01 -2.762519258657845089e-01
1.966190411018844841e+01 3.588754632245106380e-01 4.427668206334253037e-02 -2.839155034294098545e-01 -2.458969864083070112e-01
1.976190411018844983e+01 3.322994860727924160e-01 2.146706076554806553e-02 -2.470832638635350464e-01 -2.093355190302715330e-01
1.986190411018845126e+01 3.101848478214099258e-01 2.584236042745973599e-03 -1.929326438660132481e-01 -1.675308671375271841e-01
1.996190411018845268e+01 2.941984007100174603e-01 -1.189749011381729428e-02 -1.233637142789180824e-01 -1.214766576637050510e-01
2.006190411018845410e+01 2.849391882686588828e-01 -2.160156491843758658e-02 -6.968757823483985592e-02 -7.215008728346039568e-02
2.016190411018845552e+01 2.801293106394678323e-01 -2.626159666898725958e-02 -2.055342488087558844e-02 -2.084958661045722278e-02
2.026190411018845694e+01 2.812067325574407750e-01 -2.575356902343576768e-02 4.110788991763841826e-02 3.099226399853470537e-02
2.036190411018845836e+01 2.886907591525527672e-01 -2.008828735509167462e-02 1.092262238254702034e-01 8.208613967550422441e-02
2.046190411018845978e+01 3.028637742204407513e-01 -9.401062077636903810e-03 1.779069081384978546e-01 1.312385073435482497e-01
2.056190411018846120e+01 3.251777003675495048e-01 6.060146144617218136e-03 2.650059858294446791e-01 1.774296781766041553e-01
2.066190411018846262e+01 3.545414845806617032e-01 2.596061232901539229e-02 3.205360827149911773e-01 2.198792628087292977e-01
2.076190411018846405e+01 3.891193914418009658e-01 4.987993505575906428e-02 3.665664908923023657e-01 2.576511215911111985e-01
2.086190411018846547e+01 4.279102490579863582e-01 7.730382463106655333e-02 4.197464106791383709e-01 2.898225821999675378e-01
2.096190411018846689e+01 4.753411097603007507e-01 1.076406921600875227e-01 5.305526034510725797e-01 3.159216586455453335e-01
2.106190411018846831e+01 5.321352463494213314e-01 1.402980827919847739e-01 5.925955974669254722e-01 3.362984389904896121e-01
2.116190411018846973e+01 5.922364903883395870e-01 1.747114857560091439e-01 6.037937442471875693e-01 3.509938431905674228e-01
2.126190411018847115e+01 6.515499139358909009e-01 2.102925687721637904e-01 5.778269973723267894e-01 3.595499573208538746e-01
2.136190411018847257e+01 7.074261725872431628e-01 2.463935731755569902e-01 5.337005816671510638e-01 3.612728774431728240e-01
2.146190411018847399e+01 7.558998221506436632e-01 2.822935638804279779e-01 4.261874056811287836e-01 3.553640305591738158e-01
2.156190411018847541e+01 7.917899824771290618e-01 3.171704298337226224e-01 2.863726349220039324e-01 3.405768436680601807e-01
2.166190411018847684e+01 8.124337525476486022e-01 3.500661970224564490e-01 1.319028891356116284e-01 3.155116933864968720e-01
2.176190411018847826e+01 8.201957122901606390e-01 3.798940189273062873e-01 2.794576995845672596e-02 2.791286554510414297e-01
2.186190411018847968e+01 8.178832968656852831e-01 4.055130564970892415e-01 -7.120487262481768609e-02 2.313929550012497893e-01
2.196190411018848110e+01 8.080501211639072867e-01 4.258158358137432153e-01 -1.135828751247442009e-01 1.729998703701736973e-01
2.206190411018848252e+01 7.962027951236431145e-01 4.398182161463488060e-01 -1.230205642377995984e-01 1.057887247795671476e-01
2.216190411018848394e+01 7.842195891115999462e-01 4.467691587329923886e-01 -1.083435206918034743e-01 3.246569029802694184e-02
2.226190411018848536e+01 7.756394562072737031e-01 4.462182098199042879e-01 -6.261389255087303207e-02 -4.363218587881109722e-02
2.236190411018848678e+01 7.715711348198872610e-01 4.380779947629269144e-01 -2.132759037930016116e-02 -1.186749817189725054e-01
2.246190411018848820e+01 7.699763690830763174e-01 4.226425954772229376e-01 -1.692142438923376763e-02 -1.889629262681613298e-01
2.256190411018848962e+01 7.684675212250960952e-01 4.005466869699496613e-01 -9.186323674493380997e-03 -2.514183129281182816e-01
2.266190411018849105e+01 7.674248491857807997e-01 3.727106194303189679e-01 -2.032862451518371860e-02 -3.033491758607282374e-01
2.276190411018849247e+01 7.630787669401095652e-01 3.402949077435276637e-01 -7.410114507194925926e-02 -3.427746237453113132e-01
2.286190411018849389e+01 7.500567430688384052e-01 3.046009447424389283e-01 -1.981901326359115645e-01 -3.688983895766853593e-01
2.296190411018849531e+01 7.235557061615428553e-01 2.669381781201677351e-01 -3.198783488452889845e-01 -3.823480119521471821e-01
2.306190411018849673e+01 6.881943164421070458e-01 2.285160972356543307e-01 -3.831988448130001501e-01 -3.842419661917432783e-01
2.316190411018849815e+01 6.476638240060595963e-01 1.904453015258048276e-01 -4.198899835812720527e-01 -3.754744791767400947e-01
2.326190411018849957e+01 6.057497070032115127e-01 1.537473587657604834e-01 -4.126282237756723204e-01 -3.569141078294569280e-01
2.336190411018850099e+01 5.670429900935928247e-01 1.193662643713127719e-01 -3.469715792292311085e-01 -3.292249607398826661e-01
2.346190411018850241e+01 5.380411651195555756e-01 8.819929074450769124e-02 -2.361974446973264807e-01 -2.926177370135237266e-01
2.356190411018850384e+01 5.184955969570961276e-01 6.113864276639704998e-02 -1.590383630928550451e-01 -2.471638732447606623e-01
2.366190411018850526e+01 5.049618999827116816e-01 3.903512552159890681e-02 -1.222854228445104247e-01 -1.936816934421196068e-01
2.376190411018850668e+01 4.926863802448364082e-01 2.261220287319348071e-02 -1.217801963966346213e-01 -1.339298427298511451e-01
2.386190411018850810e+01 4.814191577622445872e-01 1.237674415251277527e-02 -1.014401586586913956e-01 -7.034424384380059958e-02
2.396190411018850952e+01 4.725944392134104888e-01 8.590746151236410347e-03 -7.454646054513330844e-02 -5.336446240435957500e-03
2.406190411018851094e+01 4.661819533437850938e-01 1.127791302496201561e-02 -5.596403017495509002e-02 5.872133254293918081e-02
2.416190411018851236e+01 4.615065931921065179e-01 2.022268043662356005e-02 -3.613267230108724304e-02 1.194155098078018146e-01
2.426190411018851378e+01 4.586927091250313504e-01 3.497272282459439052e-02 -2.244175151672780921e-02 1.744644927254206668e-01
2.436190411018851520e+01 4.569224084600371771e-01 5.485681889031196468e-02 -1.307951657638219654e-02 2.217602908656048644e-01
2.446190411018851663e+01 4.559240055352473675e-01 7.900422706179906218e-02 -6.057156143518587811e-03 2.594506729512625620e-01
2.456190411018851805e+01 4.566902677447041703e-01 1.063782264662406080e-01 2.950216077455104779e-02 2.861094212940780146e-01
2.466190411018851947e+01 4.633295511721773896e-01 1.358385129220332221e-01 1.077211240107038143e-01 3.011778303665962886e-01
2.476190411018852089e+01 4.788347348539339632e-01 1.662428179135900241e-01 2.075929363975932140e-01 3.051415664681295659e-01
2.486190411018852231e+01 5.061415323703490898e-01 1.965400475838926242e-01 3.413042673642765479e-01 2.993344422836309859e-01
2.496190411018852373e+01 5.465839532244087806e-01 2.258547317934367360e-01 4.626579348487106502e-01 2.858811222300470800e-01
2.506190411018852515e+01 5.973952273426925696e-01 2.535382942791667427e-01 5.457725196320438732e-01 2.670779712275831441e-01
2.516190411018852657e+01 6.547661139702134481e-01 2.791588980192675762e-01 5.991804149941607482e-01 2.449233497647728408e-01
2.526190411018852799e+01 7.154817888392804859e-01 3.024677350408637722e-01 5.995123319559347852e-01 2.210881525342086873e-01
2.536190411018852942e+01 7.721840345287467322e-01 3.233535150885161746e-01 5.282006046913211295e-01 1.965287601557861863e-01
2.546190411018853084e+01 8.201771854691620733e-01 3.417513288995486231e-01 4.272843811500219857e-01 1.712918640634516210e-01
2.556190411018853226e+01 8.568630107699612974e-01 3.575764323585141069e-01 3.009994901865394867e-01 1.449812891365618861e-01
2.566190411018853368e+01 8.791925034675601713e-01 3.706874667605867812e-01 1.427127736813072201e-01 1.168523858411261301e-01
2.576190411018853510e+01 8.851438540186392645e-01 3.808506767119373970e-01 -2.602512397981995851e-02 8.583653447765957067e-02
2.586190411018853652e+01 8.740808693987073275e-01 3.877209684546849555e-01 -1.901831588241472693e-01 5.081354449588722233e-02
2.596190411018853794e+01 8.482412845517414146e-01 3.908508719233752537e-01 -3.181985943815083262e-01 1.093835963495275870e-02
2.606190411018853936e+01 8.141702983753029699e-01 3.897435070154252612e-01 -3.402004334985309075e-01 -3.382938667228771457e-02
2.616190411018854078e+01 7.823780946347572707e-01 3.839724622380482622e-01 -2.941043264835344617e-01 -8.193889557220437880e-02
2.626190411018854221e+01 7.562009615490631331e-01 3.733328113855063912e-01 -2.272446480393357227e-01 -1.307220409383395565e-01
2.636190411018854363e+01 7.356257447833585150e-01 3.579041185297305860e-01 -1.891975445395468469e-01 -1.772454972393202877e-01
2.646190411018854505e+01 7.196131440196236184e-01 3.380455958513532977e-01 -1.226205349397675448e-01 -2.188995283235301570e-01
2.656190411018854647e+01 7.114109249588523864e-01 3.143759913441929177e-01 -4.199796728323279549e-02 -2.530071869639184401e-01
2.666190411018854789e+01 7.102232239070749298e-01 2.877816996418763318e-01 2.537501833441341281e-03 -2.770175948416566114e-01
2.676190411018854931e+01 7.086638905617470563e-01 2.593617973717816660e-01 -4.060679138358768564e-02 -2.894106238231612949e-01
2.686190411018855073e+01 7.011239562911651957e-01 2.302863940240772456e-01 -1.199875283754955058e-01 -2.902295820412408300e-01
2.696190411018855215e+01 6.838542702985408450e-01 2.016643274722126622e-01 -2.181725606140418328e-01 -2.806204517941670029e-01
2.706190411018855357e+01 6.583182984056650255e-01 1.744511607941152398e-01 -2.995995803045277128e-01 -2.623474330279464972e-01
2.716190411018855499e+01 6.225230413607247826e-01 1.494159867091306715e-01 -4.147841905017252695e-01 -2.374691551085366115e-01
2.726190411018855642e+01 5.768160025061627172e-01 1.270900405090870100e-01 -4.910912052691497331e-01 -2.085941404011662781e-01
2.736190411018855784e+01 5.259626774661303461e-01 1.077528649732551330e-01 -5.169916460655505919e-01 -1.780268063843997162e-01
2.746190411018855926e+01 4.750212746894897364e-01 9.148543320576990601e-02 -4.960115306611814767e-01 -1.474142828353222634e-01
2.756190411018856068e+01 4.278881527108933658e-01 7.823783416124199808e-02 -4.388712024437003145e-01 -1.177492608231755084e-01
2.766190411018856210e+01 3.888181085657482217e-01 6.789027100577298135e-02 -3.380465427308120274e-01 -8.941914335824310833e-02
2.776190411018856352e+01 3.609496953067652947e-01 6.031707759901747817e-02 -2.135752366486937115e-01 -6.218537973271903718e-02
2.786190411018856494e+01 3.466629642033550729e-01 5.543853058594663819e-02 -7.840740745894361763e-02 -3.538355616841799833e-02
2.796190411018856636e+01 3.431749141167415029e-01 5.325061159289687374e-02 1.519747217141945161e-03 -8.304638438534930195e-03
2.806190411018856778e+01 3.465946953642408124e-01 5.378928655129538994e-02 6.818594758652726795e-02 1.911998211011051510e-02
2.816190411018856921e+01 3.575017892119075613e-01 5.708071941742068334e-02 1.535804453806905445e-01 4.673777251392320642e-02
2.826190411018857063e+01 3.771847328418941325e-01 6.314480991961683720e-02 2.361069780811773655e-01 7.459200688861443440e-02
2.836190411018857205e+01 4.040326131690615830e-01 7.200712215130719573e-02 2.973014102636272193e-01 1.026762947656189584e-01
2.846190411018857347e+01 4.354014202767578223e-01 8.367733398241324061e-02 3.222857678389282055e-01 1.306604421755266365e-01
2.856190411018857489e+01 4.672503603142965090e-01 9.810869742161922036e-02 3.102250228633222084e-01 1.577129348498159944e-01
2.866190411018857631e+01 4.963973711482986828e-01 1.151453754908767085e-01 2.664777767493433647e-01 1.825168332351790879e-01
2.876190411018857773e+01 5.201440782340378544e-01 1.344816773757786799e-01 2.132433742868279913e-01 2.034095425262082424e-01
2.886190411018857915e+01 5.399614054939682051e-01 1.556434198645644251e-01 1.812569053971483379e-01 2.188063792921335071e-01
2.896190411018858057e+01 5.555570561795111217e-01 1.780206483861606903e-01 1.299555060548141794e-01 2.275312202419389196e-01
2.906190411018858200e+01 5.661808870742605082e-01 2.008915410692375114e-01 8.305364763739908618e-02 2.285265813765424980e-01
2.916190411018858342e+01 5.729682537358257166e-01 2.234446467743561870e-01 6.078851555655844646e-02 2.211061184312165251e-01
2.926190411018858484e+01 5.793538620380773718e-01 2.448321843615220150e-01 6.815664516328692746e-02 2.052940736355136631e-01
2.936190411018858626e+01 5.874967754284570187e-01 2.642491824030122061e-01 1.026190509968666342e-01 1.818779598002803477e-01
2.946190411018858768e+01 6.005209739415077186e-01 2.810036992409242207e-01 1.545991110758186959e-01 1.523565281210044198e-01
2.956190411018858910e+01 6.174057694319730061e-01 2.945818662229392482e-01 1.781923278186022530e-01 1.186679900352138606e-01
2.966190411018859052e+01 6.353484997985507921e-01 3.046574547222991036e-01 1.783968122237116205e-01 8.257626353484176507e-02
2.976190411018859194e+01 6.526497813600627973e-01 3.110684449784877348e-01 1.623295827754799858e-01 4.561912418283597948e-02
2.986190411018859336e+01 6.663162939160907072e-01 3.137955454546843548e-01 1.063279279150699530e-01 9.068000054010781630e-03
2.996190411018859479e+01 6.742063639097621852e-01 3.129219122958737387e-01 5.540236598885690117e-02 -2.628390698594582769e-02
3.006190411018859621e+01 6.773035085550691559e-01 3.086035240018056292e-01 2.371969571172700963e-03 -5.969788045314115832e-02
3.016190411018859763e+01 6.747318022435769835e-01 3.010682969593683755e-01 -4.591943361854558536e-02 -9.053480833356131185e-02
3.026190411018859905e+01 6.698640352895323113e-01 2.906044049288560305e-01 -4.887494840782322103e-02 -1.181164871501587804e-01
3.036190411018860047e+01 6.644915124263314210e-01 2.775883706470592682e-01 -6.069106437259059322e-02 -1.414101903604840504e-01
3.046190411018860189e+01 6.570690233934415314e-01 2.624924622027038357e-01 -9.495536106508391250e-02 -1.596178569604653763e-01
3.056190411018860331e+01 6.443680159040848787e-01 2.458428345512900792e-01 -1.602429900804070440e-01 -1.725079002525932714e-01
3.066190411018860473e+01 6.247355864225634381e-01 2.281557679670800365e-01 -2.324352448886725653e-01 -1.804622349599657727e-01
3.076190411018860615e+01 6.000356877644330567e-01 2.098935368875457785e-01 -2.462291567102706247e-01 -1.840962725708100156e-01
3.086190411018860758e+01 5.754465486234946470e-01 1.914767546998580872e-01 -2.551566991114214700e-01 -1.835317258938176099e-01
3.096190411018860900e+01 5.497177221265391323e-01 1.733226835657315501e-01 -2.482605131052763314e-01 -1.788959228886782826e-01
3.106190411018861042e+01 5.254780367564880761e-01 1.558290450050999199e-01 -2.440715573826087725e-01 -1.703278696612665621e-01
3.116190411018861184e+01 5.012035974020391249e-01 1.393789201208937012e-01 -2.388588732429220984e-01 -1.581050939383097098e-01
3.126190411018861326e+01 4.768940816472723165e-01 1.243137684944183863e-01 -2.479609869022474655e-01 -1.427269024401054132e-01
3.136190411018861468e+01 4.526811645005501816e-01 1.109149759303496297e-01 -2.352035654871366677e-01 -1.248932601372443607e-01
3.146190411018861610e+01 4.293158313754475430e-01 9.939600989903697725e-02 -2.312125494552383087e-01 -1.052435306344558230e-01
3.156190411018861752e+01 4.067236662865735264e-01 8.990219527472202710e-02 -2.214826253818306667e-01 -8.451340587216468747e-02
3.166190411018861894e+01 3.855227315460303950e-01 8.250490539161076109e-02 -1.973145440985321075e-01 -6.342879513890006815e-02
3.176190411018862036e+01 3.678050407932779153e-01 7.721019716590871163e-02 -1.538741657080886505e-01 -4.252357096844083112e-02
3.186190411018862179e+01 3.554450375114274197e-01 7.398608726105687650e-02 -9.553459099061528681e-02 -2.203093512072494542e-02
3.196190411018862321e+01 3.484430883161794834e-01 7.278812295331599236e-02 -3.565668105024536599e-02 -2.017044893147010298e-03
3.206190411018862108e+01 3.499342417819417683e-01 7.356987024953118293e-02 6.077894902922518355e-02 1.763567392794302899e-02
3.216190411018862250e+01 3.591068038563693943e-01 7.631842835499209887e-02 1.217006246047219187e-01 3.736229039519253781e-02
3.226190411018862392e+01 3.738035875423415533e-01 8.104795048054774798e-02 1.648133282833667557e-01 5.725028653763369890e-02
3.236190411018862534e+01 3.913068426512346099e-01 8.776626244277535571e-02 1.855364226781306691e-01 7.706144989182708849e-02
3.246190411018862676e+01 4.107022990152628394e-01 9.644039476086432860e-02 2.029702259519492458e-01 9.627495791325811625e-02
3.256190411018862818e+01 4.326202739679356202e-01 1.069838220997223754e-01 2.351222356322859863e-01 1.143774812911573929e-01
3.266190411018862960e+01 4.568120098685284902e-01 1.192669811829724646e-01 2.478382354214447858e-01 1.310014291169857015e-01
3.276190411018863102e+01 4.828400809684921802e-01 1.331194608091646747e-01 2.730190448623441291e-01 1.456982712907408661e-01
3.286190411018863244e+01 5.103819174121387858e-01 1.483320562729792402e-01 2.713915798141459668e-01 1.581453559834582745e-01
3.296190411018863387e+01 5.368847029339125498e-01 1.646560303870759634e-01 2.647197842939150170e-01 1.678190091968005948e-01
3.306190411018863529e+01 5.644454428450540462e-01 1.817882153715121296e-01 2.834189202764201276e-01 1.742830972682806456e-01
3.316190411018863671e+01 5.920220554509988409e-01 1.994025865297614497e-01 2.647386657145486266e-01 1.774275976307679303e-01
3.326190411018863813e+01 6.173714676926131961e-01 2.171516044972408577e-01 2.389024113704890928e-01 1.769130923174561665e-01
3.336190411018863955e+01 6.386256191542841743e-01 2.346502197346765073e-01 1.813420038238161003e-01 1.723374492828748106e-01
3.346190411018864097e+01 6.530013025300310803e-01 2.514630687379420526e-01 1.058360802021193620e-01 1.630787533391288291e-01
3.356190411018864239e+01 6.606454651069910700e-01 2.670879675758379146e-01 5.312386758073756043e-02 1.485000658827745346e-01
3.366190411018864381e+01 6.646201361413337505e-01 2.809807942389617175e-01 3.154822287506654777e-02 1.284743345150559657e-01
3.376190411018864523e+01 6.675711858617680017e-01 2.926187257328172198e-01 2.571349589325958376e-02 1.035406600407001443e-01
3.386190411018864665e+01 6.693134127461853877e-01 3.015563396074005809e-01 9.587372151464618880e-03 7.462871543986995815e-02
3.396190411018864808e+01 6.695223871139472926e-01 3.074453674268981529e-01 -6.123363792055257909e-03 4.274843764025948456e-02
3.406190411018864950e+01 6.684912329864806102e-01 3.100446467660973870e-01 -1.139221783696063237e-02 9.035509333475501281e-03
3.416190411018865092e+01 6.672438620021929889e-01 3.092358003239164543e-01 -1.428448239591385317e-02 -2.517710183311857447e-02
3.426190411018865234e+01 6.655217883742331475e-01 3.050393666089550315e-01 -2.481600179955458299e-02 -5.848846125100633925e-02
3.436190411018865376e+01 6.613637997573614813e-01 2.976088123750621484e-01 -5.455141502054590419e-02 -8.969413213541578556e-02
3.446190411018865518e+01 6.560295753472958902e-01 2.872030616915290935e-01 -5.341841159626883190e-02 -1.178083784756369379e-01
3.456190411018865660e+01 6.493937320669911362e-01 2.741870465075961771e-01 -7.929993407702608244e-02 -1.417496759472326728e-01
3.466190411018865802e+01 6.412746827514544945e-01 2.590162197344165196e-01 -8.079313084442496518e-02 -1.607887574634077887e-01
3.476190411018865944e+01 6.330234897933726401e-01 2.422171238997370413e-01 -8.438419477665401458e-02 -1.742042882137729010e-01
3.486190411018866087e+01 6.242180520143891798e-01 2.243801330338363043e-01 -9.369485313272872540e-02 -1.814878534252935827e-01
3.496190411018866229e+01 6.143157125758971215e-01 2.061299244220910765e-01 -1.046165100177262608e-01 -1.824685834930674933e-01
3.506190411018866371e+01 6.027103338896850904e-01 1.880918521687249823e-01 -1.264323768508140711e-01 -1.773032337499030331e-01
3.516190411018866513e+01 5.905730730028060371e-01 1.708587190485756913e-01 -1.121211226876934891e-01 -1.664401855687497322e-01
3.526190411018866655e+01 5.793636521304940112e-01 1.549825248647263842e-01 -1.150895460622621963e-01 -1.502374478621752441e-01
3.536190411018866797e+01 5.684061849061807781e-01 1.409670915746022990e-01 -1.013998173691669225e-01 -1.293525265924750922e-01
3.546190411018866939e+01 5.581205958939698952e-01 1.292433046753923009e-01 -1.103520134545872694e-01 -1.045494656108208326e-01
3.556190411018867081e+01 5.461281218518264646e-01 1.201494890497990520e-01 -1.271118444796029423e-01 -7.698378979591015414e-02
3.566190411018867223e+01 5.328939660046376758e-01 1.138922582193501731e-01 -1.401900861338038484e-01 -4.804658320281432471e-02
3.576190411018867366e+01 5.175292788474792349e-01 1.105379551519951875e-01 -1.652909579262909490e-01 -1.918361525679090906e-02
3.586190411018867508e+01 5.008438338853035132e-01 1.100020795173412280e-01 -1.643932828317148653e-01 8.092568528485544893e-03
3.596190411018867650e+01 4.856622924554714893e-01 1.120653410465077687e-01 -1.312855218327312889e-01 3.265332040141017550e-02
3.606190411018867792e+01 4.753303840188081164e-01 1.164234942071708245e-01 -7.728909674570397237e-02 5.395121543223088678e-02
3.616190411018867934e+01 4.707220345204444212e-01 1.227423996352542263e-01 -6.735454386298925233e-03 7.186670062556056726e-02
3.626190411018868076e+01 4.742930084792322809e-01 1.306929353672742766e-01 7.078181472064240531e-02 8.667281010537689068e-02
3.636190411018868218e+01 4.833297758459901838e-01 1.399879518048869620e-01 1.043701647349886685e-01 9.879065029253952801e-02
3.646190411018868360e+01 4.944638825809448690e-01 1.503615541829576296e-01 1.183853380169228586e-01 1.082172599588677453e-01
3.656190411018868502e+01 5.070504901413187548e-01 1.615361725269157944e-01 1.292966117236977464e-01 1.147913162395968051e-01
3.666190411018868645e+01 5.194568759305837613e-01 1.732196434199525237e-01 1.188067151311079095e-01 1.183521379799183509e-01
3.676190411018868787e+01 5.309091996672851144e-01 1.850972897274676954e-01 1.089858544634035586e-01 1.186396479427852813e-01
3.686190411018868929e+01 5.419214586570914038e-01 1.968336284887577392e-01 1.207601746565909462e-01 1.155240639440170969e-01
3.696190411018869071e+01 5.567706161154327704e-01 2.080997674800775243e-01 1.818340952539232169e-01 1.093670100401093470e-01
3.706190411018869213e+01 5.791834044924842884e-01 2.186428401353667506e-01 2.669911063507275917e-01 1.012996444608969676e-01
3.716190411018869355e+01 6.090701211226687839e-01 2.283463779164105201e-01 3.239427964544618344e-01 9.281708645754362108e-02
3.726190411018869497e+01 6.426221592824967743e-01 2.372319642510911375e-01 3.353364641193200546e-01 8.508517329899725756e-02
3.736190411018869639e+01 6.733635352982443312e-01 2.454033089278812862e-01 2.715107522978840171e-01 7.850883016338425224e-02
3.746190411018869781e+01 6.961786357936917691e-01 2.529532905385041830e-01 1.776725481306859755e-01 7.250772315439767135e-02
3.756190411018869924e+01 7.073638976242903054e-01 2.598861657096969702e-01 4.562291774725332760e-02 6.592480170433917541e-02
3.766190411018870066e+01 7.061154156015476691e-01 2.660671543186854393e-01 -6.993950019759838377e-02 5.722337771280951862e-02
3.776190411018870208e+01 6.929884319423101902e-01 2.712152129348651686e-01 -1.912677905900653508e-01 4.505192582270878265e-02
3.786190411018870350e+01 6.687849037180482181e-01 2.749219210406123604e-01 -2.880099867758466603e-01 2.823176780878352762e-02
3.796190411018870492e+01 6.365490851110439108e-01 2.766835854156833308e-01 -3.482174917989516172e-01 6.096393615543035244e-03
3.806190411018870634e+01 6.010790873597583461e-01 2.759667878936268859e-01 -3.523211052713243197e-01 -2.123621960175449061e-02
3.816190411018870776e+01 5.674992480535945294e-01 2.722987781009025832e-01 -3.118072862452659910e-01 -5.266947713390961183e-02
3.826190411018870918e+01 5.411985196527980824e-01 2.653607738881490485e-01 -1.997300858450535843e-01 -8.622682088854204119e-02
3.836190411018871060e+01 5.282088961858746323e-01 2.550821239145267816e-01 -6.996845779698307455e-02 -1.189162230092214029e-01
3.846190411018871202e+01 5.250693588507504561e-01 2.417120958464964720e-01 3.689371010982822607e-04 -1.476040037572156627e-01
3.856190411018871345e+01 5.271624140832772420e-01 2.257702349084514948e-01 3.832472948058611439e-02 -1.700486424437305799e-01
3.866190411018871487e+01 5.331065593016713899e-01 2.079619252573365884e-01 8.273627131056339457e-02 -1.847114429781808176e-01
3.876190411018871629e+01 5.431908743656208571e-01 1.891284051612904804e-01 1.147047518599241256e-01 -1.903811769614012495e-01
3.886190411018871771e+01 5.547107441113572346e-01 1.702083948525420498e-01 1.022700371287168786e-01 -1.864030383321934048e-01
3.896190411018871913e+01 5.607026758170917669e-01 1.521561511148482315e-01 8.367935714470961517e-03 -1.732294153546502513e-01
3.906190411018872055e+01 5.553761963208192487e-01 1.358075425658363811e-01 -1.185720691394476917e-01 -1.527294852539274883e-01
3.916190411018872197e+01 5.368409457945187979e-01 1.217652289419354494e-01 -2.505080925342778042e-01 -1.275890943156005319e-01
3.926190411018872339e+01 5.056993929783839548e-01 1.103458690378622264e-01 -3.664885688053106105e-01 -1.007607987354141033e-01
3.936190411018872481e+01 4.658432765132526354e-01 1.015774403680254068e-01 -4.172017114044869190e-01 -7.496645090381064136e-02
3.946190411018872624e+01 4.250365474205481386e-01 9.525742897450135971e-02 -3.839921517194723743e-01 -5.198301556588118266e-02
3.956190411018872766e+01 3.909468602705933327e-01 9.106987543185204870e-02 -2.949700233435877950e-01 -3.229719755867759001e-02
3.966190411018872908e+01 3.672493422706354926e-01 8.870224501647049065e-02 -1.684439565236067471e-01 -1.546145397216330472e-02
3.976190411018873050e+01 3.581278920997113535e-01 8.791971430909409357e-02 -1.783040510501684994e-02 -3.478108672189707262e-04
3.986190411018873192e+01 3.626454138809200312e-01 8.862466520677594883e-02 1.037583046469728459e-01 1.451136165886822600e-02
3.996190411018873334e+01 3.785661653278563632e-01 9.085196951724106018e-02 2.173750440330066702e-01 3.026506136410481856e-02
4.006190411018873476e+01 4.059140222640463813e-01 9.474060421762318940e-02 3.184424799952739193e-01 4.790013604940566300e-02
4.016190411018873618e+01 4.394422060528423435e-01 1.005158804113192306e-01 3.431279233079634339e-01 6.800820751206332337e-02
4.026190411018873760e+01 4.737980469873357969e-01 1.084107337314981073e-01 3.429316606527395561e-01 9.015812074132903420e-02
4.036190411018873903e+01 5.079389410618477818e-01 1.185850464896323758e-01 3.369809710444500728e-01 1.134310159084378489e-01
4.046190411018874045e+01 5.397142934875517328e-01 1.310974149348638762e-01 2.899610661171310166e-01 1.366962385771958721e-01
4.056190411018874187e+01 5.649575659167573871e-01 1.458692376474454433e-01 2.153889655462406516e-01 1.582987968446107618e-01
4.066190411018874329e+01 5.836349474602061660e-01 1.626373915886590027e-01 1.591020325303111882e-01 1.763244863949306462e-01
4.076190411018874471e+01 5.952152533180395944e-01 1.809598643598491485e-01 6.451915785291696681e-02 1.891058557981322996e-01
4.086190411018874613e+01 5.968534405193264281e-01 2.002222646963004726e-01 -2.696545074268631714e-02 1.948136916960590548e-01
4.096190411018874755e+01 5.900274664634235222e-01 2.196343532963150047e-01 -1.075244706232594410e-01 1.918882177560984892e-01
4.106190411018874897e+01 5.761765533805740525e-01 2.382781409926300331e-01 -1.664124597338728084e-01 1.793353759753468779e-01
4.116190411018875039e+01 5.584770269320807889e-01 2.551701930169534283e-01 -1.698161824123654295e-01 1.568852697711433652e-01
4.126190411018875182e+01 5.452169682639927961e-01 2.693565606281907998e-01 -8.847980258007201448e-02 1.255311627412660780e-01
4.136190411018875324e+01 5.420144722151485350e-01 2.800607913495632983e-01 2.949457802039776033e-02 8.773502831545643144e-02
4.146190411018875466e+01 5.504990527313736726e-01 2.867970384736267531e-01 1.339216205202607979e-01 4.673822319731727598e-02
4.156190411018875608e+01 5.682756931040690018e-01 2.894101099583574754e-01 2.169503733775269283e-01 5.784962521392260359e-03
4.166190411018875750e+01 5.921796021553592526e-01 2.880517994222516753e-01 2.561125693748753651e-01 -3.226377312654437474e-02
4.176190411018875892e+01 6.191167861411743800e-01 2.831283268085303395e-01 2.774313890393904081e-01 -6.519549661594777057e-02
4.186190411018876034e+01 6.464806368302438155e-01 2.752389065276004687e-01 2.662333328785821962e-01 -9.136753857329563133e-02
4.196190411018876176e+01 6.709124595098435728e-01 2.651116089271258192e-01 2.119224155315623248e-01 -1.098679456909946728e-01
4.206190411018876318e+01 6.880499878273614867e-01 2.535215150366130210e-01 1.313383138467847933e-01 -1.207041472269547860e-01
4.216190411018876461e+01 6.961514295901879423e-01 2.412025787663734100e-01 2.207371785446100854e-02 -1.246120990096726694e-01
4.226190411018876603e+01 6.918168426614318411e-01 2.287832392891186173e-01 -1.068984806732112408e-01 -1.230119750143500446e-01
4.236190411018876745e+01 6.758016064520528943e-01 2.167208981299514614e-01 -2.048168297170865904e-01 -1.177808186912960575e-01
4.246190411018876887e+01 6.517759796990050258e-01 2.052935710658281843e-01 -2.798765120530192219e-01 -1.105456915880481672e-01
4.256190411018877029e+01 6.188496040115823993e-01 1.946299522013409111e-01 -3.772081658224920031e-01 -1.027793910647080838e-01
4.266190411018877171e+01 5.772528506334401177e-01 1.846996552453868679e-01 -4.507793508089669166e-01 -9.613943717970971359e-02
4.276190411018877313e+01 5.302187025067006676e-01 1.753199074951312109e-01 -4.761634827798107428e-01 -9.193831534368288039e-02
4.286190411018877455e+01 4.844753433877159177e-01 1.662135027973688783e-01 -4.329478976123452560e-01 -9.065317383543111673e-02
4.296190411018877597e+01 4.446421153442865482e-01 1.571091561049037799e-01 -3.533165860577338058e-01 -9.175294930882388345e-02
4.306190411018877739e+01 4.162785338677331137e-01 1.478248944782886432e-01 -2.061396582660311727e-01 -9.395605719824944024e-02
4.316190411018877882e+01 4.038106775979916074e-01 1.383529109944806601e-01 -4.507524065418458403e-02 -9.510639334103937470e-02
4.326190411018878024e+01 4.057970169997673904e-01 1.289163354324919797e-01 7.333067162173406706e-02 -9.290101123390751003e-02
4.336190411018878166e+01 4.172124395136170283e-01 1.199387661255901794e-01 1.551433843218164577e-01 -8.573768508688486834e-02
4.346190411018878308e+01 4.364379468487573632e-01 1.119645513936605580e-01 2.247166970057958013e-01 -7.271567967335385019e-02
4.356190411018878450e+01 4.624956870942890097e-01 1.056067645401367744e-01 3.017053997244691921e-01 -5.336279721533435799e-02
4.366190411018878592e+01 4.950727828919071483e-01 1.015112438396977984e-01 3.284683447105154475e-01 -2.746823120037473684e-02
4.376190411018878734e+01 5.257768975729867345e-01 1.003067810243441077e-01 2.882382396835842520e-01 4.195669544233681519e-03
4.386190411018878876e+01 5.530146833799997053e-01 1.024820224416742448e-01 2.486900454057691112e-01 3.980625766316095437e-02
4.396190411018879018e+01 5.735116805693112330e-01 1.083279353398865497e-01 1.541919876427372549e-01 7.718240724382066653e-02
4.406190411018879161e+01 5.830816292149012536e-01 1.178806151780285721e-01 3.825726077326385699e-02 1.134126521861239800e-01
4.416190411018879303e+01 5.824465135252884229e-01 1.308675310015520454e-01 -4.519391570544409320e-02 1.453791161749734273e-01
4.426190411018879445e+01 5.741330545557905563e-01 1.467276717120661322e-01 -1.202379787774440212e-01 1.704925636116003951e-01
4.436190411018879587e+01 5.596861363885030638e-01 1.646673317283686711e-01 -1.605818861170738299e-01 1.866762126576821668e-01
4.446190411018879729e+01 5.434994792194621782e-01 1.837229074335665069e-01 -1.531857494240047579e-01 1.926951177073402688e-01
4.456190411018879871e+01 5.312894465503819053e-01 2.028633748089570532e-01 -8.358919562494519784e-02 1.884711464262378011e-01
4.466190411018880013e+01 5.273239438000506540e-01 2.211132525338496413e-01 5.191033880912840348e-03 1.751508554861508082e-01
4.476190411018880155e+01 5.324340323131503405e-01 2.376514791221186473e-01 9.735115369090976967e-02 1.545807204168304083e-01
4.486190411018880297e+01 5.468348433739583792e-01 2.518611147663351035e-01 1.881066389039657283e-01 1.289698977879932817e-01
4.496190411018880440e+01 5.685257850528420143e-01 2.633556834512687517e-01 2.373424968103612920e-01 1.006475650723375054e-01
4.506190411018880582e+01 5.937773016484964028e-01 2.719649933097920136e-01 2.674429380734946737e-01 7.155067471752486752e-02
4.516190411018880724e+01 6.205056868080992549e-01 2.776946634297915995e-01 2.536497215207060285e-01 4.329524131904899376e-02
4.526190411018880866e+01 6.431053506433707101e-01 2.806852024856563710e-01 2.015109845176607517e-01 1.685356306733266224e-02
4.536190411018881008e+01 6.618774784384985344e-01 2.811405981092933715e-01 1.757749358510420912e-01 -7.319513443890788423e-03
4.546190411018881150e+01 6.781774850201740534e-01 2.793171591384731589e-01 1.492216619164371816e-01 -2.862237561859639831e-02
4.556190411018881292e+01 6.910557597771527227e-01 2.755284893727428797e-01 1.031999888534743254e-01 -4.656890738707437222e-02
4.566190411018881434e+01 6.980725693716033353e-01 2.701182666763812246e-01 3.516830184533611958e-02 -6.108403752757687183e-02
4.576190411018881576e+01 6.980781130999036410e-01 2.634143964424471851e-01 -3.301827161984596803e-02 -7.252218527436805895e-02
4.586190411018881719e+01 6.913490085968326815e-01 2.556996428833519519e-01 -1.067175879961307638e-01 -8.139201993183518835e-02
4.596190411018881861e+01 6.762744802584743642e-01 2.471979923093042819e-01 -1.908847098608368875e-01 -8.841055651516038782e-02
4.606190411018882003e+01 6.540397381835947321e-01 2.380499564675343238e-01 -2.503205090560285395e-01 -9.444540363821310458e-02
4.616190411018882145e+01 6.278617153584526989e-01 2.283220531474673687e-01 -2.621165022770884367e-01 -1.000623639252256891e-01
4.626190411018882287e+01 6.027847351993641523e-01 2.180530216486209483e-01 -2.373429327893213370e-01 -1.051979383602375667e-01
4.636190411018882429e+01 5.809296745129801653e-01 2.073170331679394240e-01 -1.992114987008163918e-01 -1.092900246120262348e-01
4.646190411018882571e+01 5.626449679964609096e-01 1.962529183920729003e-01 -1.650374485525872570e-01 -1.116516515763638501e-01
4.656190411018882713e+01 5.487871496207249455e-01 1.850654775048370115e-01 -1.085644563714485422e-01 -1.116404540984281685e-01
4.666190411018882855e+01 5.413988857096431184e-01 1.740306113175600911e-01 -3.870131454652338265e-02 -1.084537234824932278e-01
4.676190411018882997e+01 5.401008422415886079e-01 1.635084803022281985e-01 3.942061581374327328e-03 -1.012744457963128536e-01
4.686190411018883140e+01 5.400539189065498569e-01 1.539183420286393544e-01 -1.744475088775918753e-02 -8.985325240925205736e-02
4.696190411018883282e+01 5.354658970166101817e-01 1.456536592063753244e-01 -6.679316708885035814e-02 -7.497698795620622025e-02
4.706190411018883424e+01 5.288898593194099051e-01 1.389971080828096561e-01 -6.141222023252480844e-02 -5.784793297330464990e-02
4.716190411018883566e+01 5.228174480560257020e-01 1.341346996611649522e-01 -6.228289562031525534e-02 -3.920826846248808006e-02
4.726190411018883708e+01 5.154276481675400534e-01 1.311787071726095988e-01 -9.012646530373381870e-02 -1.988653978180363394e-02
4.736190411018883850e+01 5.053480894214519292e-01 1.301411986314927327e-01 -1.082694532316292035e-01 -1.041454513195236992e-03
4.746190411018883992e+01 4.928975575782910679e-01 1.309176121693361450e-01 -1.427818247702771215e-01 1.620835960547889129e-02
4.756190411018884134e+01 4.784114836286436079e-01 1.332915340686147976e-01 -1.390625849282637327e-01 3.074615075863908892e-02
4.766190411018884276e+01 4.653723029762862895e-01 1.369559857120488111e-01 -1.173004657177917492e-01 4.196638836182181587e-02
4.776190411018884419e+01 4.567884462225222375e-01 1.415707668154512766e-01 -5.031859654309553398e-02 4.979676130817563967e-02
4.786190411018884561e+01 4.547415254417430663e-01 1.468208344847511393e-01 7.951736069292329734e-03 5.478740993848563168e-02
4.796190411018884703e+01 4.591016747897458394e-01 1.524561538013913253e-01 8.350617337693277964e-02 5.762945191439027698e-02
4.806190411018884845e+01 4.716953937606326863e-01 1.583069325712289088e-01 1.687446600197853031e-01 5.928291739519558901e-02
4.816190411018884987e+01 4.933749712334556392e-01 1.643121804000473030e-01 2.670897544468826545e-01 6.092762975864844666e-02
4.826190411018885129e+01 5.240422217741605992e-01 1.705358194353663592e-01 3.344201576985229019e-01 6.385504600709282497e-02
4.836190411018885271e+01 5.585697903320163693e-01 1.771536640451487898e-01 3.546411500867654998e-01 6.887074716052452028e-02
4.846190411018885413e+01 5.953924840021600495e-01 1.843846215668718536e-01 3.820543358387546440e-01 7.612885414804985984e-02
4.856190411018885555e+01 6.329601215983363671e-01 1.924549604862776375e-01 3.499701181069977407e-01 8.561894194828985338e-02
4.866190411018885698e+01 6.627101267063720824e-01 2.015532870425903178e-01 2.432574374603782008e-01 9.641640365964317116e-02
4.876190411018885840e+01 6.814959265325475357e-01 2.117182418979463576e-01 1.264067878811478973e-01 1.066122184866983291e-01
4.886190411018885982e+01 6.869122260249143075e-01 2.227837657549398276e-01 -1.760756678697220079e-02 1.140376072006031583e-01
4.896190411018886124e+01 6.791196254239272312e-01 2.343558057413686890e-01 -1.291603315832805521e-01 1.163880600799181292e-01
4.906190411018886266e+01 6.628100040131044146e-01 2.458355724320856472e-01 -1.907313575808388117e-01 1.119981487122940211e-01
4.916190411018886408e+01 6.423718497637892488e-01 2.565066125354629745e-01 -2.091772066497908367e-01 1.001740949343433024e-01
4.926190411018886550e+01 6.224786895813967380e-01 2.656302601664664031e-01 -1.800383985180224466e-01 8.117799053783886221e-02
4.936190411018886692e+01 6.093351596629948963e-01 2.725451938941974572e-01 -6.826974304565314178e-02 5.632307432590354102e-02
4.946190411018886834e+01 6.097055625206064811e-01 2.767860590661654352e-01 7.531958495833118716e-02 2.821993403490522662e-02
4.956190411018886977e+01 6.242545439971345367e-01 2.781889205281931066e-01 2.079842504030672279e-01 1.072216570219518272e-04
4.966190411018887119e+01 6.489126892895098475e-01 2.769082525361174496e-01 2.781691068586867877e-01 -2.502130667526730051e-02
4.976190411018887261e+01 6.788439217229281786e-01 2.733552669717215777e-01 3.101719647215954723e-01 -4.505351872914378775e-02
4.986190411018887403e+01 7.089990177629196255e-01 2.681099910170952061e-01 2.878286462962874048e-01 -5.874899573399518932e-02
4.996190411018887545e+01 7.352958985696265160e-01 2.618263254632547388e-01 2.318250557268055068e-01 -6.584417654039459444e-02
5.006190411018887687e+01 7.542249646795523566e-01 2.551443958986026606e-01 1.356964126185016550e-01 -6.686763138796106287e-02
5.016190411018887829e+01 7.594615436867895308e-01 2.486082726716860036e-01 -3.769156324836536731e-02 -6.327628678036006926e-02
5.026190411018887971e+01 7.474947537750924464e-01 2.425585428620769257e-01 -1.967709164150101275e-01 -5.759350311072600898e-02
5.036190411018888113e+01 7.207616582262489358e-01 2.370739814506360454e-01 -3.305022180792699382e-01 -5.236904450644418174e-02
5.046190411018888256e+01 6.835150663393880777e-01 2.319990613602220253e-01 -4.029826890681373341e-01 -4.968055776421974323e-02
5.056190411018888398e+01 6.427834719247893513e-01 2.270147940421980703e-01 -3.995916215636617919e-01 -5.064173636363748787e-02
5.066190411018888540e+01 6.053386831068480189e-01 2.217507874252780953e-01 -3.393821042205230620e-01 -5.517084374310918249e-02
5.076190411018888682e+01 5.770493672945089525e-01 2.158975391522240661e-01 -2.211315724767017876e-01 -6.215813973151371186e-02
5.086190411018888824e+01 5.613828753182148468e-01 2.093018549190015232e-01 -9.071050403789396310e-02 -6.966007663896932323e-02
5.096190411018888966e+01 5.584008340989647934e-01 2.020212542870950534e-01 2.451030322841804554e-02 -7.549967868651816238e-02
5.106190411018889108e+01 5.657251520080919249e-01 1.943210801341888061e-01 1.199971683522076810e-01 -7.777677217306955271e-02
5.116190411018889250e+01 5.804451258385388002e-01 1.866326217773880691e-01 1.625623954318428932e-01 -7.508800141849129861e-02
5.126190411018889392e+01 5.968782544149576763e-01 1.794867669980010350e-01 1.569004321807677405e-01 -6.692734152088319899e-02
5.136190411018889534e+01 6.090335584266965974e-01 1.734137732511420449e-01 7.861195099741284664e-02 -5.381539949292441644e-02
5.146190411018889677e+01 6.132914116725971532e-01 1.688364197359709107e-01 1.176618812013820181e-02 -3.731531343954801183e-02
5.156190411018889819e+01 6.113075105868952530e-01 1.660072413259384705e-01 -5.440159244882647460e-02 -1.912412835506003758e-02
5.166190411018889961e+01 6.021900977563527935e-01 1.650103028432747809e-01 -1.248926798769876001e-01 -9.743716596117314721e-04
5.176190411018890103e+01 5.875759735032413111e-01 1.657530316732614417e-01 -1.640471378146187986e-01 1.541537561566950001e-02
5.186190411018890245e+01 5.690374636813771980e-01 1.679909199454561464e-01 -2.068768621133234842e-01 2.873012035428407912e-02
5.196190411018890387e+01 5.469116543831211708e-01 1.713584245898875369e-01 -2.331800438658364061e-01 3.784238764194300386e-02
5.206190411018890529e+01 5.234164564618639659e-01 1.753936442196479539e-01 -2.226258856586455503e-01 4.200439387478567543e-02
5.216190411018890671e+01 5.056173294793678830e-01 1.795959208248325278e-01 -1.252952580339929400e-01 4.131787592498723655e-02
5.226190411018890813e+01 4.988406805255009013e-01 1.835401836563967382e-01 -5.760460246828219555e-03 3.713211470777189049e-02
5.236190411018890956e+01 5.053982122398960053e-01 1.869699350194035659e-01 1.363517465947419460e-01 3.138986949728123782e-02
5.246190411018891098e+01 5.255406623701321944e-01 1.898411257466655622e-01 2.662368523912858054e-01 2.632799711643938820e-02
5.256190411018891240e+01 5.585784679577069367e-01 1.923287665802409230e-01 3.894458594458500844e-01 2.405834201897108157e-02
5.266190411018891382e+01 6.019235056009557550e-01 1.948069360387620630e-01 4.718998925522628340e-01 2.638510816077890148e-02
5.276190411018891524e+01 6.516384616075872049e-01 1.977961464848924378e-01 5.090639394369542714e-01 3.439521705772169424e-02
5.286190411018891666e+01 7.003662335150372398e-01 2.018800079755051768e-01 4.533942997052269330e-01 4.816972797646444648e-02
5.296190411018891808e+01 7.413561544516267254e-01 2.075788971763569135e-01 3.623888973490470566e-01 6.638871901854839774e-02
5.306190411018891950e+01 7.710642638048869069e-01 2.152355894087297217e-01 2.227472939668455332e-01 8.691303914698329802e-02
5.316190411018892092e+01 7.859211201507090294e-01 2.249439600558642838e-01 8.220398337518264320e-02 1.069128746106524919e-01
5.326190411018892235e+01 7.882045837176187009e-01 2.365056344979067637e-01 -4.095556014199186468e-02 1.235498759874985031e-01
5.336190411018892377e+01 7.769736243835708711e-01 2.494573451014860666e-01 -1.822983961092297100e-01 1.342866363621593728e-01
5.346190411018892519e+01 7.525112392641885029e-01 2.630846183688267392e-01 -3.008086742483074283e-01 1.366958036060380577e-01
5.356190411018892661e+01 7.188837261688691971e-01 2.764595691683476297e-01 -3.625235611717879114e-01 1.290406028117811188e-01
5.366190411018892803e+01 6.802026106263723282e-01 2.885361344694558072e-01 -4.109037785736918136e-01 1.107041780879895881e-01
5.376190411018892945e+01 6.389267473016733145e-01 2.982487512159556764e-01 -3.977821028340834397e-01 8.186643702738172212e-02
5.386190411018893087e+01 6.025332082131091838e-01 3.046057238123038857e-01 -3.263992440338965295e-01 4.395655173795830206e-02
5.396190411018893229e+01 5.750465063586976955e-01 3.068246482239482820e-01 -2.126918951817137193e-01 -3.852143318934034277e-04
5.406190411018893371e+01 5.620361601487650072e-01 3.044319770596070618e-01 -3.913139506194940331e-02 -4.759440176495234598e-02
5.416190411018893514e+01 5.681470369521133268e-01 2.973590900423094818e-01 1.605535883578548817e-01 -9.319284129324861832e-02
5.426190411018893656e+01 5.927933899768922377e-01 2.860053189262915518e-01 3.209441045270078341e-01 -1.324623759334610518e-01
5.436190411018893798e+01 6.299715383436985672e-01 2.712093298776271921e-01 4.119828860063852738e-01 -1.614981796498705935e-01
5.446190411018893940e+01 6.724427399752773704e-01 2.541316377282210048e-01 4.189484274421279575e-01 -1.778129843052394521e-01
5.456190411018894082e+01 7.107457160531454043e-01 2.360968776180355777e-01 3.395014573598384988e-01 -1.806848450119395433e-01
5.466190411018894224e+01 7.387856798126456459e-01 2.184104735035769795e-01 2.090814785981832680e-01 -1.711231383646237558e-01
5.476190411018894366e+01 7.505914330005288848e-01 2.022098846369974057e-01 2.279861869648155959e-02 -1.514748151307260260e-01
5.486190411018894508e+01 7.426754101533444841e-01 1.883358199126495547e-01 -1.845342510988421669e-01 -1.252368127509174700e-01
5.496190411018894650e+01 7.137651385751718758e-01 1.772459592493129399e-01 -3.892271365084093437e-01 -9.649812640104468708e-02
5.506190411018894793e+01 6.664645181169135402e-01 1.689817528073348785e-01 -5.435001877970480066e-01 -6.936703014032721826e-02
5.516190411018894935e+01 6.083262516784228024e-01 1.632078084053187605e-01 -6.028163386186484729e-01 -4.712470094199643772e-02
5.526190411018895077e+01 5.490435221566846158e-01 1.593334698896048673e-01 -5.701285510701455950e-01 -3.152881800450336308e-02
5.536190411018895219e+01 4.953529716397608307e-01 1.566719972475607014e-01 -5.018316822124204712e-01 -2.281033020882044376e-02
5.546190411018895361e+01 4.499133384519952150e-01 1.545629300019940311e-01 -3.992078524494622194e-01 -2.031862323023732320e-02
5.556190411018895503e+01 4.165872298708523380e-01 1.524462896806370593e-01 -2.606474867267259965e-01 -2.266400991540425819e-02
5.566190411018895645e+01 3.991760509502359500e-01 1.499394521892266352e-01 -8.660549887684254600e-02 -2.770563963519202810e-02
5.576190411018895787e+01 3.986485639462740149e-01 1.469040223412232116e-01 7.415397080610824920e-02 -3.279014896224927145e-02
5.586190411018895929e+01 4.129722458271371521e-01 1.434646742197997205e-01 2.000337340330473612e-01 -3.539564927304439390e-02
5.596190411018896071e+01 4.358345818871288690e-01 1.399702145156111466e-01 2.431091986069183197e-01 -3.368792639424806473e-02
5.606190411018896214e+01 4.587634380485212660e-01 1.368894348787644544e-01 2.073866611983108954e-01 -2.715662023242966516e-02
5.616190411018896356e+01 4.777257451604959293e-01 1.346768147082077483e-01 1.754300832697918977e-01 -1.648656774832388261e-02
5.626190411018896498e+01 4.933437371509453717e-01 1.336985440024169580e-01 1.336247277464191752e-01 -2.636773136817425686e-03
5.636190411018896640e+01 5.033804138242282677e-01 1.342156791015619022e-01 5.479858982480131924e-02 1.318082633072736702e-02
5.646190411018896782e+01 5.028533100746377382e-01 1.363392678932610902e-01 -5.839714086461494924e-02 2.911534898794870818e-02
5.656190411018896924e+01 4.936848000956132743e-01 1.399695194514103957e-01 -1.213959791079045197e-01 4.300388261294263437e-02
5.666190411018897066e+01 4.797470838697823758e-01 1.448204977133895621e-01 -1.446664800409653284e-01 5.332827585387395208e-02
5.676190411018897208e+01 4.663941717789003572e-01 1.504912874662740763e-01 -1.227340057698956544e-01 5.936448272108762331e-02
5.686190411018897350e+01 4.550122618661340268e-01 1.565504228136136711e-01 -1.029233352900452703e-01 6.111531549063959484e-02
5.696190411018897493e+01 4.468577267413398335e-01 1.625797871365250724e-01 -5.196814044425640544e-02 5.885047118454778819e-02
5.706190411018897635e+01 4.459414215393704972e-01 1.682146670256676746e-01 3.659700452873886067e-02 5.343342263116993007e-02
5.716190411018897777e+01 4.546752932458078544e-01 1.732107505126780078e-01 1.396351860662943256e-01 4.635441586051511353e-02
5.726190411018897919e+01 4.734347956344615027e-01 1.774888309657011998e-01 2.332973154509190294e-01 3.936751344898713895e-02
5.736190411018898061e+01 5.009473610082508799e-01 1.811427107370298661e-01 3.078341749967662411e-01 3.412619038801360805e-02
5.746190411018898203e+01 5.323890241426970649e-01 1.844130792309596201e-01 3.156692913846954607e-01 3.181383773678965465e-02
5.756190411018898345e+01 5.640662064596054792e-01 1.876134105747332415e-01 3.113932180710397013e-01 3.273485979109602706e-02
5.766190411018898487e+01 5.928331737116462330e-01 1.910622391923376129e-01 2.622347558867850204e-01 3.669096467072977680e-02
5.776190411018898629e+01 6.170916026015568212e-01 1.950263162455436738e-01 2.244802174172472464e-01 4.289390557618932842e-02
5.786190411018898772e+01 6.378907424559856487e-01 1.996884525972534852e-01 1.893866945123337531e-01 5.051941555211714868e-02
5.796190411018898914e+01 6.530641661168198331e-01 2.051479503257176429e-01 1.036561517279298988e-01 5.864844826278540341e-02
5.806190411018899056e+01 6.582381991613902583e-01 2.113838305927134564e-01 3.718310045836711875e-03 6.574524433806903934e-02
5.816190411018899198e+01 6.551661042010619163e-01 2.182059267328322061e-01 -5.369703792111156504e-02 7.013320987834602283e-02
5.826190411018899340e+01 6.495798087280542088e-01 2.252871169987111788e-01 -5.517362480342854342e-02 7.085471558079456389e-02
5.836190411018899482e+01 6.435944895149953160e-01 2.322500327915421880e-01 -6.772274783925877339e-02 6.776818590385549901e-02
5.846190411018899624e+01 6.360395189372836100e-01 2.387126898504836892e-01 -7.935302416171216566e-02 6.084581432951405300e-02
5.856190411018899766e+01 6.286760982273947862e-01 2.442964430476043947e-01 -6.462790247232813590e-02 5.025977933316938540e-02
5.866190411018899908e+01 6.243524361773779008e-01 2.486645389527152861e-01 -1.342358968730617691e-02 3.669282547972427255e-02
5.876190411018900051e+01 6.253253422756432922e-01 2.515777833556100962e-01 1.793208893775422724e-02 2.140043079720394675e-02
5.886190411018900193e+01 6.268369862884607402e-01 2.529230139345544637e-01 1.981930712874269487e-02 5.446989319651599631e-03
5.896190411018900335e+01 6.297145996862563155e-01 2.526704426625336342e-01 3.065072175733159904e-02 -1.040384860211105225e-02
5.906190411018900477e+01 6.327629383876445246e-01 2.508721912294900602e-01 3.788981284769253610e-02 -2.535898113550989763e-02
5.916190411018900619e+01 6.379020187364687899e-01 2.476541194193719597e-01 5.966229370562550760e-02 -3.864469136340761141e-02
5.926190411018900761e+01 6.436373950267264554e-01 2.432261968684308884e-01 5.455727022644923929e-02 -4.946004995894331957e-02
5.936190411018900903e+01 6.493140227124026831e-01 2.378589749418020816e-01 5.969463559349149490e-02 -5.736624471496505617e-02
5.946190411018901045e+01 6.552665897510571158e-01 2.318624695059368634e-01 6.132055843598144956e-02 -6.199569013372691062e-02
5.956190411018901187e+01 6.625937117674729482e-01 2.255779751073672956e-01 8.388684501541768257e-02 -6.307159640133416789e-02
5.966190411018901329e+01 6.699860857223192134e-01 2.193757033479842300e-01 5.361967789916083360e-02 -6.035685698551783440e-02
5.976190411018901472e+01 6.719913335397197374e-01 2.136156867039011864e-01 -1.922304315559901500e-02 -5.439264476868638926e-02
5.986190411018901614e+01 6.663142083359157031e-01 2.085632441636080803e-01 -8.498529825827121076e-02 -4.644591865801227237e-02
5.996190411018901756e+01 6.559567179679416382e-01 2.043507380032315024e-01 -1.258550767220794064e-01 -3.776062124789960478e-02
6.000000000000000000e+01 6.507926617839701056e-01 2.029752373305907243e-01 -1.447143104339017883e-01 -3.446331047080614107e-02
