time[s] x1[m] x2[m] x1_dot[m/s] x2_dot[m/s]
0.000000000000000000e+00 0.000000000000000000e+00 0.000000000000000000e+00 0.000000000000000000e+00 0.000000000000000000e+00
9.999999999999999124e-05 3.994630289063285927e-08 4.800786330654287080e-15 7.989155046188001728e-04 1.445057222250644704e-10
1.100000000000000066e-03 4.832220561537305634e-06 7.031455105586374373e-12 8.784568328332501355e-03 1.981819454467694799e-08
1.110000000000000049e-02 4.906848755763564473e-04 1.380474843719599049e-08 8.827047946314513227e-02 4.387804380979546966e-06
5.997939952095505955e-02 1.409414005020971812e-02 7.189585368622796247e-06 4.645218171457802248e-01 4.609813098914743081e-04
1.599793995209550790e-01 9.556402373039880882e-02 3.225230039901830366e-04 1.140802208919863059e+00 7.840909816467050292e-03
2.599793995209550568e-01 2.357909813561597789e-01 2.116666051405962940e-03 1.619394992031236269e+00 3.134453451878062291e-02
3.599793995209550346e-01 4.103482157063153002e-01 7.324509629847207257e-03 1.836213766154450866e+00 7.668096432275023355e-02
4.599793995209550124e-01 5.972515038454406788e-01 1.822602852939973067e-02 1.869936585996246903e+00 1.450973451845621875e-01
5.599793995209549902e-01 7.763776187319253452e-01 3.703193401287888792e-02 1.666416419236575130e+00 2.340071012134160577e-01
6.599793995209549680e-01 9.220848901241917028e-01 6.548742375309647701e-02 1.222500569092070721e+00 3.365758721606281201e-01
7.599793995209549458e-01 1.019830564420303176e+00 1.044523340912275472e-01 7.334366598132925352e-01 4.422819473046789573e-01
8.599793995209549236e-01 1.068691502839099527e+00 1.536644176820171626e-01 2.506253236937461826e-01 5.396144457262749272e-01
9.599793995209549013e-01 1.072561437903270631e+00 2.117292396311545033e-01 -1.612041143589031944e-01 6.176308965087169423e-01
1.059979399520954990e+00 1.040122009086904109e+00 2.762386105736656661e-01 -4.574973077627024209e-01 6.671802483218857160e-01
1.159979399520955079e+00 9.874858367073479082e-01 3.440061717655582552e-01 -5.632144531895526551e-01 6.820965118775691449e-01
1.259979399520955168e+00 9.350064059800090588e-01 4.114318496309488649e-01 -4.520246462609619487e-01 6.603905888304506533e-01
1.359979399520955257e+00 9.001473080195998566e-01 4.749426134421782519e-01 -2.399440525093676502e-01 6.045245878649297966e-01
1.459979399520955345e+00 8.888207842215453125e-01 5.313776737379148907e-01 1.964024446396520074e-02 5.199537482742226935e-01
1.559979399520955434e+00 9.036065133679715977e-01 5.782181580897434170e-01 2.720938926993086149e-01 4.139501830578288244e-01
1.659979399520955523e+00 9.425390024877294826e-01 6.137242622414722515e-01 4.988671088739909942e-01 2.946530573038391720e-01
1.759979399520955612e+00 1.001450088776589809e+00 6.369815528984001940e-01 6.709894142763788150e-01 1.703197683312575317e-01
1.859979399520955701e+00 1.074660746685458079e+00 6.478784983569542133e-01 7.789527711704541391e-01 4.866184778112475628e-02
1.959979399520955790e+00 1.153834954902470677e+00 6.470253074335963195e-01 7.837889618007547465e-01 -6.371640104199920163e-02
2.059979399520955656e+00 1.226808370637726631e+00 6.356040876257174066e-01 6.547293090931110005e-01 -1.621143822526039668e-01
2.159979399520955745e+00 1.281097653475209874e+00 6.151461443606821566e-01 4.124483961005794841e-01 -2.442767153626927146e-01
2.259979399520955834e+00 1.306181277632153748e+00 5.872893708073170238e-01 8.037108536831810701e-02 -3.102877502330698700e-01
2.359979399520955923e+00 1.296476864420319952e+00 5.535623541799351566e-01 -2.747754817715507558e-01 -3.621162262662550591e-01
2.459979399520956012e+00 1.251587360926582182e+00 5.152414866602047505e-01 -6.190126821562178527e-01 -4.026951446406860646e-01
2.559979399520956100e+00 1.175123968858113210e+00 4.732909691564333166e-01 -8.860236466319324489e-01 -4.352201533113913001e-01
2.659979399520956189e+00 1.079319000722561039e+00 4.283853798166976645e-01 -1.016349078592272193e+00 -4.620459727029607722e-01
2.759979399520956278e+00 9.736088358826759936e-01 3.810425450568689643e-01 -1.083803363551508969e+00 -4.840305506001026936e-01
2.859979399520956367e+00 8.657660446226659312e-01 3.317405635508111628e-01 -1.061405353075309810e+00 -5.011370267023288472e-01
2.959979399520956456e+00 7.636105338073114757e-01 2.810110648346982321e-01 -9.667896931767633317e-01 -5.123406992822187034e-01
3.059979399520956544e+00 6.753610771554527936e-01 2.295310948680760743e-01 -7.869363647642190207e-01 -5.157525135073046663e-01
3.159979399520956633e+00 6.070609377775811888e-01 1.782095953754802287e-01 -5.833566710447858350e-01 -5.086964701258064325e-01
3.259979399520956722e+00 5.576143858192070812e-01 1.282268464953212339e-01 -4.061444173576065908e-01 -4.886218126115586258e-01
3.359979399520956811e+00 5.254223296252963360e-01 8.097754504048787494e-02 -2.479916775962431874e-01 -4.538046263529110780e-01
3.459979399520956900e+00 5.057102527663568381e-01 3.798251916467162287e-02 -1.513870706580363046e-01 -4.035437055016916075e-01
3.559979399520956989e+00 4.945325800858466625e-01 7.617106207765747539e-04 -8.049480734578620678e-02 -3.385253632650940259e-01
3.659979399520957077e+00 4.871320500937992848e-01 -2.928987137585035982e-02 -7.664501933498442388e-02 -2.605804947195969334e-01
3.759979399520957166e+00 4.793911689503436158e-01 -5.102846353259897494e-02 -7.019105994856225661e-02 -1.728678245999266672e-01
3.859979399520957255e+00 4.737153549567642008e-01 -6.365752084325140836e-02 -4.880636096047010625e-02 -7.897907801186060395e-02
3.959979399520957344e+00 4.681237333781245735e-01 -6.674241324176508061e-02 -6.797414699760373491e-02 1.734035252578765285e-02
4.059979399520956989e+00 4.599899561181873819e-01 -6.025168645184659361e-02 -8.994759752946417108e-02 1.117938206024791242e-01
4.159979399520956633e+00 4.516552267490429040e-01 -4.458755000871553881e-02 -7.268227011788597203e-02 2.001601204305422932e-01
4.259979399520956278e+00 4.452096273185421338e-01 -2.054056574290834616e-02 -5.624569655483367681e-02 2.789085647229030407e-01
4.359979399520955923e+00 4.415849245336141982e-01 1.077221014148985537e-02 -7.234034357881016786e-03 3.450337852129344851e-01
4.459979399520955567e+00 4.452106698876871493e-01 4.797625854408940627e-02 8.180603658857878158e-02 3.965015204422184802e-01
4.559979399520955212e+00 4.571175235155817140e-01 8.955203977409653682e-02 1.536909959711459939e-01 4.323649430636627988e-01
4.659979399520954857e+00 4.778390631184740167e-01 1.339160369411185603e-01 2.764761822261072033e-01 4.522833316695920591e-01
4.759979399520954502e+00 5.133296992852165452e-01 1.795074676556915882e-01 4.261903874893093747e-01 4.571970460809356984e-01
4.859979399520954146e+00 5.620797498503610212e-01 2.249184522880168513e-01 5.503720422615074881e-01 4.490064831583090443e-01
4.959979399520953791e+00 6.234862395522212664e-01 2.689448353535887626e-01 6.705993849616497249e-01 4.299140942485489836e-01
5.059979399520953436e+00 6.939541310580490396e-01 3.106202189957412707e-01 7.317683445926246311e-01 4.023702194719232517e-01
5.159979399520953081e+00 7.695525988074195523e-01 3.492078217215837665e-01 7.761502729168363590e-01 3.684998951514448229e-01
5.259979399520952725e+00 8.470896116512121043e-01 3.841764856708158593e-01 7.637221284438535651e-01 3.302935246316235363e-01
5.359979399520952370e+00 9.203018253289051431e-01 4.151703237150914383e-01 6.876643363164854916e-01 2.891765682520096026e-01
5.459979399520952015e+00 9.825696392207365903e-01 4.419358017960144380e-01 5.551776288929792802e-01 2.457538702021490884e-01
5.559979399520951659e+00 1.030995642684075619e+00 4.642435566621322396e-01 4.076686467640666667e-01 2.000027752502043787e-01
5.659979399520951304e+00 1.063660997242217521e+00 4.818515966920718929e-01 2.501591700560304443e-01 1.517064548528176682e-01
5.759979399520950949e+00 1.081640331974655478e+00 4.944932406988749585e-01 1.082753637955060910e-01 1.006737206752078007e-01
5.859979399520950594e+00 1.085691295285922342e+00 5.018979235281103568e-01 -1.855667795363585837e-02 4.699826080274016604e-02
5.959979399520950238e+00 1.080220013960096370e+00 5.038210965349413373e-01 -8.303492116071854723e-02 -8.795614103621299251e-03
6.059979399520949883e+00 1.069152832190917168e+00 5.001130541649835282e-01 -1.392153114090273480e-01 -6.536045911903173855e-02
6.159979399520949528e+00 1.053439932746277785e+00 4.907768600983667406e-01 -1.703362008963646979e-01 -1.210750128266829539e-01
6.259979399520949173e+00 1.034343432879987867e+00 4.759876915930981167e-01 -2.142114708438462300e-01 -1.741154084803871738e-01
6.359979399520948817e+00 1.011616774378009787e+00 4.560985159821092094e-01 -2.410959827206438644e-01 -2.228047869453813334e-01
6.459979399520948462e+00 9.833176345914047545e-01 4.316230805094306011e-01 -3.358468655983241069e-01 -2.656534812304421900e-01
6.559979399520948107e+00 9.449566369964875756e-01 4.031809639885857721e-01 -4.283927599909354567e-01 -3.021081800547975038e-01
6.659979399520947752e+00 8.966023031236692864e-01 3.714192894441024073e-01 -5.413426683894793090e-01 -3.320526366106952287e-01
6.759979399520947396e+00 8.380908882755098155e-01 3.369777290346108733e-01 -6.192402446876285049e-01 -3.557658232659918762e-01
6.859979399520947041e+00 7.739976438870888042e-01 3.004691412661193439e-01 -6.571717562676337998e-01 -3.733799354193483300e-01
6.959979399520946686e+00 7.080814496900177391e-01 2.625115749508676877e-01 -6.530084013348804728e-01 -3.846870429017200110e-01
7.059979399520946330e+00 6.447303392827771207e-01 2.237597125727266711e-01 -6.117974120022957596e-01 -3.891456339905220996e-01
7.159979399520945975e+00 5.853405843685585142e-01 1.849349334485067553e-01 -5.756867300278970534e-01 -3.860456215060638074e-01
7.259979399520945620e+00 5.311545163791681068e-01 1.468175962143249136e-01 -4.991034311083316077e-01 -3.749233187805466327e-01
7.359979399520945265e+00 4.853267109594446849e-01 1.102371072889258841e-01 -4.239211846266410233e-01 -3.552118577227095786e-01
7.459979399520944909e+00 4.464129549999706903e-01 7.607029689119849947e-02 -3.504289060915689591e-01 -3.266588696952080206e-01
7.559979399520944554e+00 4.147966617575229442e-01 4.519481808989002369e-02 -2.852232342570847345e-01 -2.894404434218491584e-01
7.659979399520944199e+00 3.902827258087291362e-01 1.845163998763701615e-02 -2.010813799947575864e-01 -2.441365625348514701e-01
7.759979399520943844e+00 3.733331270321040840e-01 -3.388543706997551586e-03 -1.427751002374609279e-01 -1.915431770123841027e-01
7.859979399520943488e+00 3.630365624217773979e-01 -1.965695535672161084e-02 -5.799206867708277258e-02 -1.329371552623200003e-01
7.959979399520943133e+00 3.602014901925715828e-01 -2.982020349513580734e-02 -9.135664025967028812e-03 -6.968836828819090223e-02
8.059979399520942778e+00 3.602518583789228734e-01 -3.350434287224701713e-02 7.950212508509597181e-03 -3.747393177867541780e-03
8.159979399520942422e+00 3.626252541697993492e-01 -3.056291482805486431e-02 5.086352045698180890e-02 6.240886553275916404e-02
8.259979399520942067e+00 3.709599244441930121e-01 -2.108772138583519390e-02 1.057306418751693261e-01 1.266192041898158704e-01
8.359979399520941712e+00 3.824397731920974874e-01 -5.369953259363496184e-03 1.248846952829262974e-01 1.868904371886437044e-01
8.459979399520941357e+00 3.957218555061390863e-01 1.608492523466160257e-02 1.375356565801093001e-01 2.410033575998849487e-01
8.559979399520941001e+00 4.103959960528164586e-01 4.255601135426897996e-02 1.620194488172160552e-01 2.868938515397490563e-01
8.659979399520940646e+00 4.292183303645798476e-01 7.313739297643508108e-02 2.202130682462143385e-01 3.230243543784997451e-01
8.759979399520940291e+00 4.551869738055006609e-01 1.068125085726935874e-01 2.984332644351307962e-01 3.487287940207678405e-01
8.859979399520939936e+00 4.887414517170111661e-01 1.425361119754829098e-01 3.737942715712206376e-01 3.640345989958818640e-01
8.959979399520939580e+00 5.300025100606410300e-01 1.792879198563886167e-01 4.513257301908762953e-01 3.694100079949516613e-01
9.059979399520939225e+00 5.787791173679203149e-01 2.161168524250206002e-01 5.168780199948013188e-01 3.657566288783811181e-01
9.159979399520938870e+00 6.307931933401216273e-01 2.521726401671557927e-01 5.121885235768331990e-01 3.540788786286562240e-01
9.259979399520938514e+00 6.796761928147837528e-01 2.866807919659513093e-01 4.586659955766207997e-01 3.348351515210251650e-01
9.359979399520938159e+00 7.221203374009681486e-01 3.188897815184260076e-01 3.936061179946251376e-01 3.080999799364044778e-01
9.459979399520937804e+00 7.584404513074798349e-01 3.480579058744850407e-01 3.298192565950885391e-01 2.740886082993230222e-01
9.559979399520937449e+00 7.885771691272123185e-01 3.734823693084265983e-01 2.789070657030030542e-01 2.333404854778128867e-01
9.659979399520937093e+00 8.146626707136125356e-01 3.945340667564480319e-01 2.442323574834496802e-01 1.868481408326032323e-01
9.759979399520936738e+00 8.380210769718972053e-01 4.107094971419381069e-01 2.215517926927948744e-01 1.360953897606325402e-01
9.859979399520936383e+00 8.582264602904899897e-01 4.216698830534348907e-01 1.852137958777693716e-01 8.283785212783761898e-02
9.959979399520936028e+00 8.762892449934885919e-01 4.272533532829220770e-01 1.746573539280133203e-01 2.888731029234939407e-02
1.005997939952093567e+01 8.912518335610212228e-01 4.274915786841037568e-01 1.168018385650277796e-01 -2.376599124073305175e-02
1.015997939952093532e+01 8.995920387680932384e-01 4.225917120793253878e-01 5.172494173492103720e-02 -7.367642348356395754e-02
1.025997939952093496e+01 9.005982953837267102e-01 4.128856416952574326e-01 -4.093990184412232836e-02 -1.197272636948604058e-01
1.035997939952093461e+01 8.905914480028142011e-01 3.987952093152453692e-01 -1.587443190980855345e-01 -1.613268574332996641e-01
1.045997939952093425e+01 8.683213884418279349e-01 3.807706853453886042e-01 -2.889712834915599826e-01 -1.984284147031146195e-01
1.055997939952093390e+01 8.341538705473483528e-01 3.592506856855984809e-01 -3.840332070928664243e-01 -2.312808325588666947e-01
1.065997939952093354e+01 7.925526189450009529e-01 3.346558690724789065e-01 -4.414403276837397527e-01 -2.598844849242182842e-01
1.075997939952093319e+01 7.481653113376943720e-01 3.074293396020303937e-01 -4.398294034318905310e-01 -2.837949298807124210e-01
1.085997939952093283e+01 7.043588615010196730e-01 2.780847384764957853e-01 -4.363694356756316894e-01 -3.020816970370992505e-01
1.095997939952093247e+01 6.609887036336963284e-01 2.472284662412798650e-01 -4.329574959301153436e-01 -3.139116897937288542e-01
1.105997939952093212e+01 6.188448918050569736e-01 2.155365507730779562e-01 -3.982761032105676113e-01 -3.187106382888938438e-01
1.115997939952093176e+01 5.809666907318989937e-01 1.837429883143943676e-01 -3.728653128132269345e-01 -3.158279716019047889e-01
1.125997939952093141e+01 5.440201104338427962e-01 1.526350394379996089e-01 -3.551406282755451005e-01 -3.050351540786485627e-01
1.135997939952093105e+01 5.104831083190869423e-01 1.229940233642978914e-01 -3.217824995262227872e-01 -2.865050478397922484e-01
1.145997939952093070e+01 4.792814304390657365e-01 9.558086863597589633e-02 -2.993841220035060036e-01 -2.605844139005372151e-01
1.155997939952093034e+01 4.515866865328517221e-01 7.109905415991552013e-02 -2.455772547577141918e-01 -2.280012981139374895e-01
1.165997939952092999e+01 4.316909921072600298e-01 5.018351425994369702e-02 -1.533041440995895899e-01 -1.893182939827580402e-01
1.175997939952092963e+01 4.196303121618731868e-01 3.342569254975651105e-02 -9.220173376251644681e-02 -1.449531554703144265e-01
1.185997939952092928e+01 4.134878479101878335e-01 2.135109098646689046e-02 -2.750592598215539919e-02 -9.584441158688969398e-02
1.195997939952092892e+01 4.134702165853901823e-01 1.437632644915098901e-02 1.607672876970255016e-02 -4.316588975845861431e-02
1.205997939952092857e+01 4.151177015795595726e-01 1.278275947272462451e-02 1.690897971191887908e-02 1.143325607728316873e-02
1.215997939952092821e+01 4.165478276442833305e-01 1.665230119041618412e-02 4.988523054453554428e-03 6.570750627220045548e-02
1.225997939952092786e+01 4.158989008065783199e-01 2.583117844090759146e-02 -1.184806825369023181e-02 1.171908018769013543e-01
1.235997939952092750e+01 4.143120818941072869e-01 3.991748220805148295e-02 -2.504999738993998748e-02 1.634926962919565074e-01
1.245997939952092715e+01 4.114140599822473932e-01 5.828561024412912128e-02 -2.094158102595243542e-02 2.024905847130736292e-01
1.255997939952092679e+01 4.119874696981410400e-01 8.012076618854051258e-02 3.309027138023666603e-02 2.326812931305377308e-01
1.265997939952092644e+01 4.171347702364439081e-01 1.045088189648651494e-01 6.855482994479081271e-02 2.534810078481072315e-01
1.275997939952092608e+01 4.276405592573969683e-01 1.304946582985271053e-01 1.560856758060202853e-01 2.646542880482859461e-01
1.285997939952092572e+01 4.493107755257887970e-01 1.571441978781929205e-01 2.747624468074322257e-01 2.669881373115896572e-01
1.295997939952092537e+01 4.826389878474143802e-01 1.836506699125207975e-01 3.918217489785968399e-01 2.620851898851885298e-01
1.305997939952092501e+01 5.265605308514549332e-01 2.093822117046988951e-01 4.791815046795108168e-01 2.518024798021227251e-01
1.315997939952092466e+01 5.767625280217241190e-01 2.338881840578029003e-01 5.136708842074513282e-01 2.378112257647410077e-01
1.325997939952092430e+01 6.282612562193777839e-01 2.568577464484574358e-01 5.183645815390777178e-01 2.212084154175421313e-01
1.335997939952092395e+01 6.791253009518539718e-01 2.780686197436338936e-01 4.825307185812676702e-01 2.027505884507317113e-01
1.345997939952092359e+01 7.229245090476278390e-01 2.973541511089338174e-01 3.903433574829188735e-01 1.826581730101230205e-01
1.355997939952092324e+01 7.550150204887280392e-01 3.145294774128348236e-01 2.396584987137006795e-01 1.604130004315872660e-01
1.365997939952092288e+01 7.714282364982036899e-01 3.293264624811880759e-01 9.936786012304998916e-02 1.348737417197589938e-01
1.375997939952092253e+01 7.761538080509509108e-01 3.413630850350409252e-01 2.585705627805370832e-03 1.051233300836177109e-01
1.385997939952092217e+01 7.741820286995328981e-01 3.502069810040128184e-01 -3.525809020533281907e-02 7.108682733796986564e-02
1.395997939952092182e+01 7.697114798311330830e-01 3.554650799871584277e-01 -4.828403303342453795e-02 3.360243586583805397e-02
1.405997939952092146e+01 7.652872294710570955e-01 3.568594028190794631e-01 -4.313120967906537706e-02 -5.910558005831630102e-03
1.415997939952092111e+01 7.601881469460781693e-01 3.542716153381154642e-01 -6.360979544974275368e-02 -4.577666014918761045e-02
1.425997939952092075e+01 7.510119597245509260e-01 3.477379684825385731e-01 -1.264713033984611046e-01 -8.464967847516360888e-02
1.435997939952092040e+01 7.350726603111497059e-01 3.374009751152198811e-01 -1.874129955788177426e-01 -1.217427196476693896e-01
1.445997939952092004e+01 7.142611697588064912e-01 3.234719722287995314e-01 -2.258294251971702249e-01 -1.563527278197066883e-01
1.455997939952091969e+01 6.901561342477090522e-01 3.062428963561256157e-01 -2.578756339180192647e-01 -1.875901176197567188e-01
1.465997939952091933e+01 6.624265304190760650e-01 2.860942420535083630e-01 -2.962400436433246242e-01 -2.146281539370027969e-01
1.475997939952091897e+01 6.310061048169625098e-01 2.634771829132686594e-01 -3.321121017334030534e-01 -2.368740777195748881e-01
1.485997939952091862e+01 5.961499011085316102e-01 2.388931123423461422e-01 -3.619581246361230908e-01 -2.539142568233629937e-01
1.495997939952091826e+01 5.603519517168891184e-01 2.128788763238957937e-01 -3.426463848381428035e-01 -2.654004052874947006e-01
1.505997939952091791e+01 5.280554208493166701e-01 1.860223616651293099e-01 -3.098856586780289746e-01 -2.706105089065076186e-01
1.515997939952091755e+01 4.982057462277313387e-01 1.589882223226332658e-01 -2.794522807426446098e-01 -2.688878122654004277e-01
1.525997939952091720e+01 4.732560053749461648e-01 1.324895816690532246e-01 -2.197018621554160389e-01 -2.598169153811615839e-01
1.535997939952091684e+01 4.540154393895199925e-01 1.072843475992110440e-01 -1.666090083328632954e-01 -2.429750978126840322e-01
1.545997939952091649e+01 4.394750756431786143e-01 8.415534130887036834e-02 -1.266613367768881226e-01 -2.183275676808202337e-01
1.555997939952091613e+01 4.277363828040382510e-01 6.386329377168656340e-02 -1.150052958708424750e-01 -1.863702951715132117e-01
1.565997939952091578e+01 4.161025820159842681e-01 4.708610971416243851e-02 -1.140154558296600645e-01 -1.482814462540653633e-01
1.575997939952091542e+01 4.049137590160760136e-01 3.435880475176741888e-02 -1.136082701195166023e-01 -1.056459748815947453e-01
1.585997939952091507e+01 3.939704081366893762e-01 2.604908685321792941e-02 -9.543336202418108150e-02 -6.023969013290568497e-02
1.595997939952091471e+01 3.870278679808894506e-01 2.234881378391048376e-02 -4.343852049586142267e-02 -1.368044755975574012e-02
1.605997939952091613e+01 3.850083114968910758e-01 2.330942024965077658e-02 1.728133102872855820e-03 3.276774607818239149e-02
1.615997939952091755e+01 3.874653055475896224e-01 2.885543286470921426e-02 5.103326843088648590e-02 7.781160429122330191e-02
1.625997939952091897e+01 3.956967604258060378e-01 3.878588105520412721e-02 1.119284664616845837e-01 1.202898486223870494e-01
1.635997939952092040e+01 4.099358865387186523e-01 5.279683480456064115e-02 1.790059749912628617e-01 1.592778252932559035e-01
1.645997939952092182e+01 4.322791780793674432e-01 7.050360091049766298e-02 2.635813880240140961e-01 1.941466454462023039e-01
1.655997939952092324e+01 4.612274322023670603e-01 9.147817801042157360e-02 3.114305670370732804e-01 2.245617860358227469e-01
1.665997939952092466e+01 4.945659263712038900e-01 1.152494110545124184e-01 3.578215091819682003e-01 2.499881594445629851e-01
1.675997939952092608e+01 5.333259384451901619e-01 1.412967399098712384e-01 4.156433658745012916e-01 2.700571213139483229e-01
1.685997939952092750e+01 5.759916288956155039e-01 1.690796133919263700e-01 4.291923522005914315e-01 2.846720873614109193e-01
1.695997939952092892e+01 6.188986085446565033e-01 1.980370414461627704e-01 4.289270834464204984e-01 2.934686735480442898e-01
1.705997939952093034e+01 6.605558559212524328e-01 2.275658929885157611e-01 3.982070115738933214e-01 2.960320675786491940e-01
1.715997939952093176e+01 6.988484140475880180e-01 2.570189774977494901e-01 3.711773886278872392e-01 2.918758164404622879e-01
1.725997939952093319e+01 7.346660096840688103e-01 2.857092822638440111e-01 3.451711998795197744e-01 2.807736762747762849e-01
1.735997939952093461e+01 7.686082275639666284e-01 3.129462233585812991e-01 3.370903439916399513e-01 2.628673547183925097e-01
1.745997939952093603e+01 8.028140118883687615e-01 3.380769950771045362e-01 3.526600089917835690e-01 2.388073989918539641e-01
1.755997939952093745e+01 8.391665590676378184e-01 3.605434522248549545e-01 3.665400301452277354e-01 2.098264142316041969e-01
1.765997939952093887e+01 8.751170763770586003e-01 3.799244783773623735e-01 3.530884238121623775e-01 1.773027272731462212e-01
1.775997939952094029e+01 9.089379971908383427e-01 3.959256827265010825e-01 3.130364702816503808e-01 1.424198812981188056e-01
1.785997939952094171e+01 9.366845872445490606e-01 4.083592674450215454e-01 2.432576404969274686e-01 1.060496679995045904e-01
1.795997939952094313e+01 9.579245745963360648e-01 4.171049920822916812e-01 1.836848035054795825e-01 6.876662585343178147e-02
1.805997939952094455e+01 9.734519563356983651e-01 4.221058274280000133e-01 1.175277289453016266e-01 3.128035749748667160e-02
1.815997939952094598e+01 9.786893602392885416e-01 4.233719728277786087e-01 -1.617869101341161409e-02 -5.918124734078530902e-03
1.825997939952094740e+01 9.718272335596168654e-01 4.209245741897593707e-01 -1.163714869476116937e-01 -4.302193788164208887e-02
1.835997939952094882e+01 9.547875898990418886e-01 4.147718182500702011e-01 -2.238892572648359947e-01 -8.000894988362751425e-02
1.845997939952095024e+01 9.283319095167947843e-01 4.049291047993268111e-01 -3.013883081465357217e-01 -1.167878332189934976e-01
1.855997939952095166e+01 8.949231280324503324e-01 3.914342310349096521e-01 -3.608127950129694783e-01 -1.529624061515906241e-01
1.865997939952095308e+01 8.574431867330615242e-01 3.743799592743060622e-01 -3.845803747253410676e-01 -1.878203412990145926e-01
1.875997939952095450e+01 8.192842282234723550e-01 3.539513998499366210e-01 -3.726196264387708901e-01 -2.202261609342867910e-01
1.885997939952095592e+01 7.824960848517232836e-01 3.304660093108895969e-01 -3.667877344461211719e-01 -2.487057135877519531e-01
1.895997939952095734e+01 7.469329991277863234e-01 3.043855715736594192e-01 -3.398788602296872741e-01 -2.719178074760101316e-01
1.905997939952095876e+01 7.130269942086696622e-01 2.763009652882449929e-01 -3.474709803713832423e-01 -2.886062597282947340e-01
1.915997939952096019e+01 6.776760660422839200e-01 2.469035832884766968e-01 -3.555063463883187946e-01 -2.981219917614804094e-01
1.925997939952096161e+01 6.415986402385845944e-01 2.169244269048943297e-01 -3.686050590963916851e-01 -3.002180062495717339e-01
1.935997939952096303e+01 6.038763065211388836e-01 1.871043255999434718e-01 -3.857849819240784517e-01 -2.949946340548175727e-01
1.945997939952096445e+01 5.652443921197732868e-01 1.581545125756765868e-01 -3.783693312071515491e-01 -2.828985099910629741e-01
1.955997939952096587e+01 5.293093707167185746e-01 1.307405884374548133e-01 -3.385559567313385365e-01 -2.643171661598702760e-01
1.965997939952096729e+01 4.978832235130468131e-01 1.054995020389624394e-01 -2.905063507560448066e-01 -2.394868535800971365e-01
1.975997939952096871e+01 4.705989797849684519e-01 8.303863912329555175e-02 -2.548180713960259691e-01 -2.088108209170463914e-01
1.985997939952097013e+01 4.477348965401967140e-01 6.390788793083870822e-02 -1.999473409111438282e-01 -1.730133191895551759e-01
1.995997939952097155e+01 4.311059389785785734e-01 4.858222519613102780e-02 -1.289146867222854265e-01 -1.328275698447957121e-01
2.005997939952097298e+01 4.212773228575547591e-01 3.746542248267389907e-02 -7.713221778761542025e-02 -8.896610780205524427e-02
2.015997939952097440e+01 4.154157339689802941e-01 3.087507291228837325e-02 -3.351216565650286250e-02 -4.252857654212307409e-02
2.025997939952097582e+01 4.149769373488746416e-01 2.900206240541336813e-02 2.318556609728457396e-02 5.182743821074344004e-03
2.035997939952097724e+01 4.203820864993166873e-01 3.191426613482836044e-02 8.565983858583048338e-02 5.297847490520485314e-02
2.045997939952097866e+01 4.318474954276759759e-01 3.956261353861179053e-02 1.474910188553948398e-01 9.971767423135916020e-02
2.055997939952098008e+01 4.509342181836819008e-01 5.178839037936563278e-02 2.308297095064232307e-01 1.443922769313335797e-01
2.065997939952098150e+01 4.765254688711293984e-01 6.834664375604825037e-02 2.791123638335003543e-01 1.862167003276671839e-01
2.075997939952098292e+01 5.066786547322125189e-01 8.890307572199537822e-02 3.194477112802887042e-01 2.241857675470012023e-01
2.085997939952098434e+01 5.405327899920718826e-01 1.130210739311235807e-01 3.698335771753199497e-01 2.572830634997527177e-01
2.095997939952098577e+01 5.833532573471356120e-01 1.401779652261700149e-01 4.894289983327058113e-01 2.849743519655498214e-01
2.105997939952098719e+01 6.364242039671897944e-01 1.698494919254408264e-01 5.580323803978979313e-01 3.076492846673499759e-01
2.115997939952098861e+01 6.932391181597641339e-01 2.015424228043217469e-01 5.727847386059274903e-01 3.253454010537560337e-01
2.125997939952099003e+01 7.496325718431349205e-01 2.347352972400362503e-01 5.504967229077218915e-01 3.375314694196865917e-01
2.135997939952099145e+01 8.030879974035682878e-01 2.688385944184648046e-01 5.129997065708524762e-01 3.434188597526283138e-01
2.145997939952099287e+01 8.496961336089547956e-01 3.031803526775339597e-01 4.087729995075626843e-01 3.421175771965292434e-01
2.155997939952099429e+01 8.839888329644611797e-01 3.369762390523535212e-01 2.718956242854589367e-01 3.322402586163562543e-01
2.165997939952099571e+01 9.032732571396212551e-01 3.692901284482005830e-01 1.197447417195214581e-01 3.122176749220123559e-01
2.175997939952099713e+01 9.102508311357158099e-01 3.990398669736203718e-01 2.516647911906338964e-02 2.808466812900032861e-01
2.185997939952099856e+01 9.080461809179776189e-01 4.250765856214981930e-01 -6.690359971282197615e-02 2.380011454720788178e-01
2.195997939952099998e+01 8.990658901455345076e-01 4.462760437313629813e-01 -9.993104118655929402e-02 1.842817588179687938e-01
2.205997939952100140e+01 8.890745130952125708e-01 4.616287254283212294e-01 -1.006451476897828740e-01 1.214622940869707346e-01
2.215997939952100282e+01 8.795804655790405713e-01 4.703525876274631257e-01 -8.073114597776870349e-02 5.218486761015005138e-02
2.225997939952100424e+01 8.740491046697912436e-01 4.719580347233248707e-01 -2.977071148323629651e-02 -2.030223723535506952e-02
2.235997939952100566e+01 8.733890958734105148e-01 4.663102280769460539e-01 1.357017680665241477e-02 -9.225074249703815732e-02
2.245997939952100708e+01 8.751905287314122317e-01 4.536466518426772732e-01 1.518722524679088845e-02 -1.600645905970744520e-01
2.255997939952100850e+01 8.768023955581673023e-01 4.345333532709253488e-01 2.253801006061720985e-02 -2.208003125083418117e-01
2.265997939952100992e+01 8.790761700032189152e-01 4.098105235174703265e-01 1.384450823786103658e-02 -2.718417408596571772e-01
2.275997939952101135e+01 8.782429161335592038e-01 3.805552092720453916e-01 -3.778897833405372997e-02 -3.112121542256909290e-01
2.285997939952101277e+01 8.688417331852652525e-01 3.479863730916572528e-01 -1.631009900947387181e-01 -3.380907973724711080e-01
2.295997939952101419e+01 8.458467893187445741e-01 3.133336867633072509e-01 -2.826513680747196333e-01 -3.530817389938547546e-01
2.305997939952101561e+01 8.148070090751492467e-01 2.777320499216996974e-01 -3.333876417524828661e-01 -3.571926170653190180e-01
2.315997939952101703e+01 7.798940381954155843e-01 2.422368829274804680e-01 -3.572601400835303531e-01 -3.510556910467658720e-01
2.325997939952101845e+01 7.448764071973242862e-01 2.078432147906747185e-01 -3.380300455338645094e-01 -3.352414777251851996e-01
2.335997939952101987e+01 7.140746638953880954e-01 1.754980241146507913e-01 -2.634894711756358698e-01 -3.101307354867302024e-01
2.345997939952102129e+01 6.937562347394022888e-01 1.461275701195145216e-01 -1.480588440499668035e-01 -2.756968045751230778e-01
2.355997939952102271e+01 6.826230117613208970e-01 1.206729607363950518e-01 -8.098858673940266539e-02 -2.318734992561924391e-01
2.365997939952102413e+01 6.759283595607441519e-01 1.000372665816582213e-01 -6.565588468785460430e-02 -1.795541232183881508e-01
2.375997939952102556e+01 6.678457413226035477e-01 8.497898934101690005e-02 -9.465540444701345257e-02 -1.207609252805467992e-01
2.385997939952102698e+01 6.579594935947468137e-01 7.600707247896711094e-02 -1.002039532581392167e-01 -5.829957595516922081e-02
2.395997939952102840e+01 6.481297837785603422e-01 7.334998407409495935e-02 -9.510194648510934823e-02 5.091884645260259801e-03
2.405997939952102982e+01 6.387302658516597065e-01 7.696925460115151829e-02 -9.466605939507359568e-02 6.679636155539597775e-02
2.415997939952103124e+01 6.294841741506231880e-01 8.656695581350301594e-02 -8.759978072938096050e-02 1.242420961639912752e-01
2.425997939952103266e+01 6.211075104096248634e-01 1.015979205096804727e-01 -8.176999946051292933e-02 1.751023171231902986e-01
2.435997939952103408e+01 6.131746909924259414e-01 1.212993802605520921e-01 -7.623733274618790801e-02 2.173342530089669156e-01
2.445997939952103550e+01 6.057948149591182441e-01 1.447202505717014032e-01 -7.013222951906827873e-02 2.492440141913946638e-01
2.455997939952103692e+01 6.002933142585942239e-01 1.707633133295866079e-01 -3.058025566216179825e-02 2.696410364042940988e-01
2.465997939952103835e+01 6.013767117791639638e-01 1.982555701952084248e-01 5.709736673111574790e-02 2.782920857971927786e-01
2.475997939952103977e+01 6.122967080709402765e-01 2.260589202442523649e-01 1.665193827246064240e-01 2.760829036454557350e-01
2.485997939952104119e+01 6.360382426323499816e-01 2.531669083826976197e-01 3.110495723170317861e-01 2.647490476386507585e-01
2.495997939952104261e+01 6.738327603342564309e-01 2.787880516871086845e-01 4.388695463721927759e-01 2.467940459521745233e-01
2.505997939952104403e+01 7.223289302062790851e-01 3.023913528456770305e-01 5.221180485761222068e-01 2.247928366117968313e-01
2.515997939952104545e+01 7.771772813522825896e-01 3.236833042343965072e-01 5.725758353103163056e-01 2.008799986014250805e-01
2.525997939952104687e+01 8.350428867084196405e-01 3.425612595606003508e-01 5.679812251484009922e-01 1.767577217038192594e-01
2.535997939952104829e+01 8.881412870244369540e-01 3.590587760607036882e-01 4.879693864986415219e-01 1.533154605904587797e-01
2.545997939952104971e+01 9.318367576035921918e-01 3.732435467271706386e-01 3.823240637903395633e-01 1.304365571913710109e-01
2.555997939952105114e+01 9.639938645108084847e-01 3.851463967284198819e-01 2.560217286441514029e-01 1.075577089528998442e-01
2.565997939952105256e+01 9.819161027587168800e-01 3.947257917134653349e-01 1.000272445843961022e-01 8.378471183712153658e-02
2.575997939952105398e+01 9.838670588785700666e-01 4.018329734209387660e-01 -6.307221350600161758e-02 5.790155636596856781e-02
2.585997939952105540e+01 9.694400102708723432e-01 4.061935666979401560e-01 -2.197272189559761613e-01 2.864911481300590895e-02
2.595997939952105682e+01 9.411584132371806355e-01 4.074171179803712239e-01 -3.372594321537305539e-01 -4.949680269040419855e-03
2.605997939952105824e+01 9.060013386778931199e-01 4.050517191812605944e-01 -3.405927538836248658e-01 -4.304069219534113061e-02
2.615997939952105966e+01 8.752815211327494849e-01 3.987092033668669377e-01 -2.738762401503314625e-01 -8.409061380032772925e-02
2.625997939952106108e+01 8.518488117922691227e-01 3.882231608118744126e-01 -1.934184704882773165e-01 -1.254434360349626909e-01
2.635997939952106250e+01 8.348731556448296676e-01 3.737048874508756002e-01 -1.532743566969165250e-01 -1.642938883453875787e-01
2.645997939952106393e+01 8.224177489891432158e-01 3.555250076945586923e-01 -8.651913198697762375e-02 -1.983128428608167404e-01
2.655997939952106535e+01 8.178743362833752473e-01 3.342821850975672970e-01 -5.156770646465663743e-03 -2.251425518097707468e-01
2.665997939952106677e+01 8.203668295349877404e-01 3.108122841639239242e-01 3.810006854477653027e-02 -2.425272603463717036e-01
2.675997939952106819e+01 8.219414131731593853e-01 2.861340594327155262e-01 -1.351970306535879573e-02 -2.492575209048686347e-01
2.685997939952106961e+01 8.168573973441974889e-01 2.613040006772985313e-01 -9.777105217568514417e-02 -2.457173380577929167e-01
2.695997939952107103e+01 8.016805006943150680e-01 2.372869426595081155e-01 -1.964444403823451257e-01 -2.333082105638851211e-01
2.705997939952107245e+01 7.787828914480503517e-01 2.148754069716002912e-01 -2.684489476279216524e-01 -2.139017510381475140e-01
2.715997939952107387e+01 7.464375801356714080e-01 1.946745260621017826e-01 -3.768744151524747177e-01 -1.894861642910631028e-01
2.725997939952107529e+01 7.050269953214127749e-01 1.770619462988613224e-01 -4.424307433217499752e-01 -1.625374925828184380e-01
2.735997939952107672e+01 6.596442683492885761e-01 1.621816794912669668e-01 -4.563528270054734159e-01 -1.351259024392170438e-01
2.745997939952107814e+01 6.152580941184488950e-01 1.500066389649704623e-01 -4.265985413681164240e-01 -1.085957057309029777e-01
2.755997939952107956e+01 5.751886222772014667e-01 1.404093015150446322e-01 -3.681782690075816600e-01 -8.364773001135740460e-02
2.765997939952108098e+01 5.430000864449429088e-01 1.332179954262147359e-01 -2.724333749927145276e-01 -6.045046071649581854e-02
2.775997939952108240e+01 5.210727312892277086e-01 1.282730825819061171e-01 -1.613222159125514976e-01 -3.862938634066342969e-02
2.785997939952108382e+01 5.111470308974130905e-01 1.254695121979138572e-01 -4.488924754312384469e-02 -1.748031523612596574e-02
2.795997939952108524e+01 5.096022912660851389e-01 1.247779140929937275e-01 5.574315958944316141e-03 3.659948022919932986e-03
2.805997939952108666e+01 5.118943178713795117e-01 1.261982447930460327e-01 4.241385404394539677e-02 2.469849319508656688e-02
2.815997939952108808e+01 5.190644771949451952e-01 1.297036570551645118e-01 1.064586186754506447e-01 4.533317986143878264e-02
2.825997939952108950e+01 5.333441205602733604e-01 1.352524417167496884e-01 1.760888140433276017e-01 6.559693357393939217e-02
2.835997939952109093e+01 5.538131973558546584e-01 1.428151567000343347e-01 2.309972192308314132e-01 8.561795384121489993e-02
2.845997939952109235e+01 5.784755928169766914e-01 1.523657842365314374e-01 2.549844437172311684e-01 1.053161951157420145e-01
2.855997939952109377e+01 6.036919250933101555e-01 1.638515565382900330e-01 2.456642929400643105e-01 1.241946080859865909e-01
2.865997939952109519e+01 6.266713979418878644e-01 1.771466996155560414e-01 2.077847351485821448e-01 1.413214342821108860e-01
2.875997939952109661e+01 6.448916124205550382e-01 1.920155469903696288e-01 1.623361261427478663e-01 1.554392367838858535e-01
2.885997939952109803e+01 6.602334467130211992e-01 2.080942034852580336e-01 1.424349887640905532e-01 1.653675266726356285e-01
2.895997939952109945e+01 6.723179358702043862e-01 2.249233724264597112e-01 9.762865646656521124e-02 1.703169911153298577e-01
2.905997939952110087e+01 6.798632788168968988e-01 2.419645147474209501e-01 5.292063401707253201e-02 1.694835564411322215e-01
2.915997939952110229e+01 6.835745103477308682e-01 2.586072574087557863e-01 2.944764933485262762e-02 1.622843731415241630e-01
2.925997939952110372e+01 6.867203521146668654e-01 2.742083714431980401e-01 3.376847776164880466e-02 1.487168962573536535e-01
2.935997939952110514e+01 6.911295997149772274e-01 2.881591003328113354e-01 6.265212282970047952e-02 1.294236912822806784e-01
2.945997939952110656e+01 6.999105118218943433e-01 2.999433031748274803e-01 1.090161367656568570e-01 1.056510659161337407e-01
2.955997939952110798e+01 7.117705931581378431e-01 3.091939102226862746e-01 1.228732235449734589e-01 7.900383249615415548e-02
2.965997939952110940e+01 7.236763931367943270e-01 3.156928713813098586e-01 1.135395839391104972e-01 5.081155175479691588e-02
2.975997939952111082e+01 7.342338091346701789e-01 3.193406277327923704e-01 9.315027712733039977e-02 2.214842882413998668e-02
2.985997939952111224e+01 7.409004004553892964e-01 3.201360899292601814e-01 3.625485516534409508e-02 -6.129384336523303889e-03
2.995997939952111366e+01 7.421294877735109541e-01 3.181421016637422938e-01 -5.447483402303145150e-03 -3.357774174468535627e-02
3.005997939952111508e+01 7.400335063799065027e-01 3.134662437659455070e-01 -4.002847549732057447e-02 -5.965465330933992366e-02
3.015997939952111651e+01 7.343433298726239622e-01 3.062766208443329363e-01 -6.421288504713343337e-02 -8.376644640736265190e-02
3.025997939952111793e+01 7.292829961836295727e-01 2.968027607197282203e-01 -3.376822663475303327e-02 -1.051583847206979394e-01
3.035997939952111935e+01 7.270074742329093453e-01 2.853773661848958421e-01 -1.476455501106880425e-02 -1.225920902806216795e-01
3.045997939952112077e+01 7.254643871638740693e-01 2.724500362897898098e-01 -2.504739150723371555e-02 -1.350745961555386565e-01
3.055997939952112219e+01 7.204937409575389307e-01 2.585393431466174730e-01 -7.682859580548422052e-02 -1.422789597341508894e-01
3.065997939952112361e+01 7.095583205586311060e-01 2.441565149892467312e-01 -1.434288163937161853e-01 -1.446296591078625737e-01
3.075997939952112503e+01 6.939332159375274367e-01 2.297488478535191225e-01 -1.526565321097079764e-01 -1.428914276365924885e-01
3.085997939952112645e+01 6.787957592022583198e-01 2.157053130997966250e-01 -1.626795222880516867e-01 -1.373517889206838094e-01
3.095997939952112787e+01 6.618856894050044737e-01 2.023931501448066328e-01 -1.635399652223006872e-01 -1.283678868499938952e-01
3.105997939952112930e+01 6.456273555198464020e-01 1.901325958553033435e-01 -1.712460067535634678e-01 -1.163711992164565279e-01
3.115997939952113072e+01 6.278480677909363816e-01 1.791995661603986434e-01 -1.812466166525385780e-01 -1.019537630543812107e-01
3.125997939952113214e+01 6.084488733562988250e-01 1.697959894665790614e-01 -2.077667842189329095e-01 -8.592849449997035094e-02
3.135997939952113356e+01 5.875702465791248219e-01 1.620347738992566899e-01 -2.078520255983576370e-01 -6.925808047142448243e-02
3.145997939952113498e+01 5.663438723351705839e-01 1.559400930818232167e-01 -2.152892979035283538e-01 -5.272411773339068242e-02
3.155997939952113640e+01 5.449546157427165305e-01 1.514598563886407900e-01 -2.130153313478914123e-01 -3.708525815494537192e-02
3.165997939952113782e+01 5.243844651984376215e-01 1.484722686003937253e-01 -1.919646493874965498e-01 -2.295772225232394978e-02
3.175997939952113924e+01 5.072456086032108846e-01 1.468081543287607649e-01 -1.472137724044621510e-01 -1.062291520613133783e-02
3.185997939952114066e+01 4.957620179949968620e-01 1.462924864828429872e-01 -8.484158393052428082e-02 6.997191277150621724e-05
3.195997939952114208e+01 4.898871677642492317e-01 1.467806882333863583e-01 -2.322960488459255984e-02 9.516146958023658300e-03
3.205997939952113995e+01 4.929404910657184113e-01 1.481734415426156359e-01 7.887864537134309240e-02 1.832044755220702675e-02
3.215997939952114137e+01 5.038195835034694481e-01 1.504559474747272640e-01 1.369517831881627845e-01 2.743323432869863854e-02
3.225997939952114280e+01 5.197466949077935716e-01 1.536874258623747436e-01 1.727930287757417360e-01 3.735634150514070134e-02
3.235997939952114422e+01 5.374257669591698816e-01 1.579570246587327365e-01 1.809979545157319458e-01 4.815956779946919952e-02
3.245997939952114564e+01 5.556953854455346509e-01 1.633381975338956404e-01 1.847985287562603773e-01 5.952397562077430676e-02
3.255997939952114706e+01 5.752214732936709041e-01 1.698676481383248060e-01 2.058446105517893476e-01 7.107506925091681971e-02
3.265997939952114848e+01 5.958518109038718480e-01 1.775511602469717065e-01 2.057353189927536574e-01 8.254987997541451961e-02
3.275997939952114990e+01 6.171844834367189447e-01 1.863610713487969806e-01 2.219408952747051744e-01 9.354079621858837901e-02
3.285997939952115132e+01 6.391800055063660002e-01 1.962335114416210169e-01 2.111097055177849902e-01 1.037424698311442545e-01
3.295997939952115274e+01 6.592247059523290709e-01 2.070645287766485765e-01 1.971783240990594432e-01 1.125935325473166465e-01
3.305997939952115416e+01 6.800589897815831897e-01 2.186899457799967306e-01 2.170152748709411328e-01 1.195988331867071375e-01
3.315997939952115559e+01 7.009806367805964111e-01 2.309189906395320013e-01 1.979502048865200703e-01 1.246238948062801943e-01
3.325997939952115701e+01 7.197659525481410192e-01 2.435346941720887004e-01 1.748104331186579874e-01 1.272531818131646952e-01
3.335997939952115843e+01 7.347311666538367536e-01 2.562734189145408625e-01 1.195243468443538126e-01 1.269823867089997227e-01
3.345997939952115985e+01 7.430487208951332967e-01 2.688089520997194448e-01 4.680712389385206784e-02 1.230415768375057867e-01
3.355997939952116127e+01 7.451227093275244462e-01 2.807315093148183283e-01 1.883060152731021175e-03 1.146155330599351874e-01
3.365997939952116269e+01 7.445783930855026655e-01 2.915726572102113612e-01 -6.963014185289138208e-03 1.014302702032202769e-01
3.375997939952116411e+01 7.444147874229875006e-01 3.008728189323465196e-01 1.539926220756968750e-03 8.391810275881231296e-02
3.385997939952116553e+01 7.442984984800292692e-01 3.082393066813946536e-01 -3.688721836074540170e-03 6.289344382389228105e-02
3.395997939952116695e+01 7.436639934018858256e-01 3.133622208827545608e-01 -1.015808705867251964e-02 3.919384631275428521e-02
3.405997939952116838e+01 7.426580562206844816e-01 3.160194481504829955e-01 -6.526714588714699686e-03 1.374401238806766470e-02
3.415997939952116980e+01 7.423344266109329626e-01 3.160897664876198276e-01 -1.004811603405205561e-03 -1.234332725128436600e-02
3.422443420615201148e+01 7.423658945827852351e-01 3.147572262118564779e-01 9.520552927105734899e-04 -2.894090394629997634e-02
3.428888901278285317e+01 7.420916544136946236e-01 3.123702359463542688e-01 -1.276143734772422662e-02 -4.501958998957351910e-02
3.438888901278285459e+01 7.396038581935271417e-01 3.066784339450947527e-01 -2.730435654290331443e-02 -6.847333365583288534e-02
3.448888901278285601e+01 7.374869040138014586e-01 2.987607072171626910e-01 -2.281705443584136628e-02 -8.936561581991948888e-02
3.458888901278285744e+01 7.341485161661572834e-01 2.889200031126957224e-01 -3.802832191687513519e-02 -1.068335104552741860e-01
3.468888901278285886e+01 7.309356762007752639e-01 2.775276878274735015e-01 -2.715435714839869313e-02 -1.202820104675415142e-01
3.478888901278286028e+01 7.284911367591689890e-01 2.650202286996358736e-01 -2.189730535837079023e-02 -1.290413658034299804e-01
3.488888901278286170e+01 7.261627983825175159e-01 2.518904285413002819e-01 -2.578348914162803193e-02 -1.326832694561383696e-01
3.498888901278286312e+01 7.233537196559011173e-01 2.386580163360929874e-01 -3.376324143688550633e-02 -1.310990259132908398e-01
3.508888901278286454e+01 7.189780707953119521e-01 2.258379354711042286e-01 -4.702262862607113625e-02 -1.245080126839660795e-01
3.518888901278286596e+01 7.154147017325447333e-01 2.139099977904374561e-01 -2.749857435061759878e-02 -1.132955844495370096e-01
3.528888901278286738e+01 7.122352594032278494e-01 2.033232295869452644e-01 -3.402659226559089090e-02 -9.777443337709897098e-02
3.538888901278286880e+01 7.094837872431883907e-01 1.944764131398697693e-01 -2.428655439700957985e-02 -7.860717577336275019e-02
3.548888901278287022e+01 7.058727246650060572e-01 1.876983569363364357e-01 -5.205318993182397880e-02 -5.656893851116222977e-02
3.558888901278287165e+01 6.992394246032621608e-01 1.832158484692385514e-01 -7.828959991108100369e-02 -3.293351998901080518e-02
3.568888901278287307e+01 6.899790773756854234e-01 1.811186222050204797e-01 -1.115484138294079441e-01 -9.093479520681287814e-03
3.578888901278287449e+01 6.767315050156932354e-01 1.813542905853537113e-01 -1.481782020632047836e-01 1.346023857803613569e-02
3.588888901278287591e+01 6.614305508379521026e-01 1.837197709067343587e-01 -1.538092865313692714e-01 3.330624780737410223e-02
3.598888901278287733e+01 6.474215610218351236e-01 1.878948229792444247e-01 -1.187684860519839930e-01 4.955684536403279911e-02
3.608888901278287875e+01 6.377684506759017102e-01 1.935038425754599389e-01 -7.540403331541309373e-02 6.199453117566459948e-02
3.618888901278288017e+01 6.336273471471035590e-01 2.001713007366820174e-01 -5.200794327129693029e-04 7.078387741708562497e-02
3.628888901278288159e+01 6.368972615346204513e-01 2.075606382260548888e-01 5.612572229178752758e-02 7.656548808432891984e-02
3.638888901278288301e+01 6.433949302589998531e-01 2.154028214372386285e-01 6.884524269379090067e-02 7.988319177024744144e-02
3.648888901278288444e+01 6.503771590743239184e-01 2.234577906671013636e-01 7.296570134352943493e-02 8.081583535237833738e-02
3.658888901278288586e+01 6.577224163518307076e-01 2.314873688402555307e-01 6.814484573230270015e-02 7.938875856381180651e-02
3.668888901278288728e+01 6.635992090089041229e-01 2.392563205607444732e-01 5.157706762501550191e-02 7.558315087498289342e-02
3.678888901278288870e+01 6.680720138376409212e-01 2.465225499902859718e-01 3.860873501946509440e-02 6.933783365993134717e-02
3.688888901278289012e+01 6.729354176474814375e-01 2.530465642248819202e-01 7.033016967659180829e-02 6.080038107940906322e-02
3.698888901278289154e+01 6.837306659195497849e-01 2.586332746972730967e-01 1.513628533013290367e-01 5.080683528899117285e-02
3.708888901278289296e+01 7.037869500892549590e-01 2.632116086087532558e-01 2.455808171859744093e-01 4.093147828945478683e-02
3.718888901278289438e+01 7.312782523909008292e-01 2.668805517550880135e-01 2.977510662294342025e-01 3.286045283845523413e-02
3.728888901278289580e+01 7.613351117904852972e-01 2.698804381480436332e-01 2.869167138253057581e-01 2.765826638104366963e-02
3.738888901278289723e+01 7.861679080539161202e-01 2.725093668446424977e-01 2.060679455354043066e-01 2.533190874822671343e-02
3.748888901278289865e+01 8.015956081946113976e-01 2.750090119198064231e-01 9.256018142817459826e-02 2.485420537757257117e-02
3.758888901278290007e+01 8.038257368750774123e-01 2.774876057145516106e-01 -4.268521593483137755e-02 2.458667896436238579e-02
3.768888901278290149e+01 7.938579674192345337e-01 2.798704628939198691e-01 -1.587240139116876669e-01 2.265532327360613926e-02
3.778888901278290291e+01 7.719945838211371703e-01 2.819087680606681134e-01 -2.738039728890328539e-01 1.743053102910153973e-02
3.788888901278290433e+01 7.402474656100211936e-01 2.831999262879870694e-01 -3.557578619848072443e-01 7.529272700521177572e-03
3.798888901278290575e+01 7.024163532752419892e-01 2.832333072254247242e-01 -3.903055164427414181e-01 -7.780889322681016490e-03
3.808888901278290717e+01 6.642095072245058907e-01 2.814686280258462125e-01 -3.658758841690268881e-01 -2.830847517182540768e-02
3.818888901278290859e+01 6.306712082981159595e-01 2.774374076366294961e-01 -2.943532873060162869e-01 -5.283536696854010395e-02
3.828888901278291002e+01 6.083339702685188755e-01 2.708387680376542761e-01 -1.420280436047385297e-01 -7.919993798713365063e-02
3.838888901278291144e+01 6.011753982053974488e-01 2.616424780783641046e-01 -1.570665141792482178e-02 -1.042319512680876525e-01
3.848888901278291286e+01 6.031271648219903581e-01 2.501321743799643782e-01 4.798855736815736683e-02 -1.251041227816022672e-01
3.858888901278291428e+01 6.097845071040278730e-01 2.368214810743517196e-01 8.567266807539192230e-02 -1.400033953726606828e-01
3.868888901278291570e+01 6.209599083467379765e-01 2.223716590631446000e-01 1.374360146449797593e-01 -1.476976077278864818e-01
3.878888901278291712e+01 6.365021314811265540e-01 2.075562590228275384e-01 1.690083644604884194e-01 -1.471859453137386031e-01
3.888888901278291854e+01 6.526483486584986338e-01 1.932215781730440007e-01 1.365378858000296236e-01 -1.381044227047495965e-01
3.898888901278291996e+01 6.611912610667555201e-01 1.801921498266762789e-01 2.835990469816185300e-02 -1.213673033270314672e-01
3.908888901278292138e+01 6.575228968695987497e-01 1.691296647075840320e-01 -1.038598933941792535e-01 -9.920316827545255789e-02
3.918888901278292280e+01 6.406285919534047135e-01 1.604385346667389078e-01 -2.323387320692031910e-01 -7.442924395925787362e-02
3.928888901278292423e+01 6.118350586459281315e-01 1.542342829834484619e-01 -3.333315876021056279e-01 -4.992960218594647004e-02
3.938888901278292565e+01 5.767107269628160005e-01 1.503622071288860385e-01 -3.554409128281739161e-01 -2.809875317512060267e-02
3.948888901278292707e+01 5.436868160590963006e-01 1.484840148459672382e-01 -2.921179660109911591e-01 -1.013602292545234124e-02
3.958888901278292849e+01 5.191913024627810014e-01 1.482090573677256329e-01 -1.961980278484233842e-01 4.065956629787939591e-03
3.968888901278292991e+01 5.060012835978472401e-01 1.491987624836293436e-01 -5.973125112132898762e-02 1.534211132296129688e-02
3.978888901278293133e+01 5.068955964145045456e-01 1.512279048096563105e-01 7.021541906408301781e-02 2.512696408962485084e-02
3.988888901278293275e+01 5.187870826798428592e-01 1.542225739781908911e-01 1.633472365171740881e-01 3.484742989802436935e-02
3.998888901278293417e+01 5.397149264837343141e-01 1.582279094135452258e-01 2.586271127552989268e-01 4.548494934025022057e-02
4.008888901278293559e+01 5.692921619434285763e-01 1.633800274732137292e-01 3.170651896488224097e-01 5.791493087335627954e-02
4.018888901278293702e+01 6.007125033524491897e-01 1.698801236510974200e-01 3.070386590040270480e-01 7.238544213361379487e-02
4.028888901278293844e+01 6.306136513261945131e-01 1.779024930699532048e-01 2.926709724262097634e-01 8.821429040688635870e-02
4.038888901278293986e+01 6.592980225647190329e-01 1.875393291748311819e-01 2.761854717940208093e-01 1.045329212807586672e-01
4.048888901278294128e+01 6.842687358330818981e-01 1.987928056881733963e-01 2.167919881110045299e-01 1.203410500071423472e-01
4.058888901278294270e+01 7.024295021140878337e-01 2.115410632156393411e-01 1.514918586773753018e-01 1.341551765255973860e-01
4.068888901278294412e+01 7.154206254840022039e-01 2.255078203978298501e-01 1.030426366991678000e-01 1.445046092704388441e-01
4.078888901278294554e+01 7.209861475769913097e-01 2.402852743035005234e-01 5.440216565537642213e-03 1.501296864090737038e-01
4.088888901278294696e+01 7.173575842505919287e-01 2.553247057475238613e-01 -7.640873313810563061e-02 1.495044394596594661e-01
4.098888901278294838e+01 7.057191748260984721e-01 2.699379982686542778e-01 -1.528234786131380529e-01 1.414444589962385590e-01
4.108888901278294981e+01 6.874080029974886097e-01 2.833409555340230535e-01 -2.097018908579254548e-01 1.252256105207074921e-01
4.118888901278295123e+01 6.665771779901478178e-01 2.947084120739012492e-01 -1.871004426563613876e-01 1.008184891131494870e-01
4.128888901278295265e+01 6.521764539601758726e-01 3.032760815059129533e-01 -9.593136041194953723e-02 6.959406654649183399e-02
4.138888901278295407e+01 6.485156684243252867e-01 3.084868255829707473e-01 2.250834211782892780e-02 3.418007320723733672e-02
4.148888901278295549e+01 6.553357606590052287e-01 3.100766199951278668e-01 1.098436401982553906e-01 -2.316116079240239378e-03
4.158888901278295691e+01 6.699167488406871929e-01 3.080822735556593694e-01 1.732738322538514009e-01 -3.706243158657853559e-02
4.168888901278295833e+01 6.885689709209040776e-01 3.028008005329120844e-01 1.995126843163110841e-01 -6.773416817805362478e-02
4.178888901278295975e+01 7.094894761758792079e-01 2.947285179621773610e-01 2.130694787015084135e-01 -9.262663524741338028e-02
4.188888901278296117e+01 7.304990974181266861e-01 2.845092883881433221e-01 2.038517756611187004e-01 -1.105240216375309725e-01
4.198888901278296260e+01 7.485492411877070484e-01 2.728765973783389698e-01 1.503005234872888951e-01 -1.208705157315314166e-01
4.208888901278296402e+01 7.606367481229225902e-01 2.605777288178120488e-01 9.049224993721792509e-02 -1.239493216646704865e-01
4.218888901278296544e+01 7.651466718358701513e-01 2.483027126441161858e-01 -6.632001473230619837e-03 -1.205803856362114151e-01
4.228888901278296686e+01 7.593084218845016498e-01 2.366266957786922198e-01 -1.062999532907177025e-01 -1.122662445195446446e-01
4.238888901278296828e+01 7.453517610803209736e-01 2.259558489611378507e-01 -1.647217488535673013e-01 -1.007442665261751719e-01
4.248888901278296970e+01 7.261144678480124792e-01 2.165387487077865825e-01 -2.293363622628575293e-01 -8.740288422056287365e-02
4.258888901278297112e+01 6.986700205025764276e-01 2.084853029693523874e-01 -3.164231830943911583e-01 -7.377176992673552258e-02
4.268888901278297254e+01 6.634484614670999036e-01 2.017343903671992289e-01 -3.845655252652203648e-01 -6.163013844637535432e-02
4.278888901278297396e+01 6.238056660943348541e-01 1.960608711362214207e-01 -3.937022453759063123e-01 -5.240637430314402240e-02
4.288888901278297539e+01 5.863845592315697353e-01 1.911379919177528808e-01 -3.523950304024801028e-01 -4.660846458599084141e-02
4.298888901278297681e+01 5.547157469437686839e-01 1.866360800725441471e-01 -2.673768958362933712e-01 -4.387789295424338043e-02
4.308888901278297823e+01 5.350951178115707085e-01 1.822981635641334752e-01 -1.211252171337772743e-01 -4.304124880301119643e-02
4.318888901278297965e+01 5.303747492262430585e-01 1.780316055569922118e-01 2.170597843981642017e-02 -4.209344659697088209e-02
4.328888901278298107e+01 5.373347382598931965e-01 1.739488250512726819e-01 1.074486765748453865e-01 -3.909804242890547316e-02
4.338888901278298249e+01 5.515396935810432666e-01 1.703193782419369084e-01 1.784911944808126316e-01 -3.288906304559005567e-02
4.348888901278298391e+01 5.725743614858410657e-01 1.675034002490419505e-01 2.418794702455377699e-01 -2.272063601108256781e-02
4.358888901278298533e+01 6.012119693978722479e-01 1.659255272212557530e-01 3.317892865039913097e-01 -8.031382992124656839e-03
4.368888901278298675e+01 6.355943684455670484e-01 1.660657417728291507e-01 3.355831246539898172e-01 1.165965651316212826e-02
4.378888901278298817e+01 6.676226146650793281e-01 1.684012756808210831e-01 3.115002943708890526e-01 3.565149577498458178e-02
4.388888901278298960e+01 6.973098994333133405e-01 1.732943460328082996e-01 2.702944904373861812e-01 6.257773210130174180e-02
4.398888901278299102e+01 7.196947014813581678e-01 1.809555519230225951e-01 1.709675711844161894e-01 9.063616543987269847e-02
4.408888901278299244e+01 7.310512486730376125e-01 1.913734939923207035e-01 6.074271108834862487e-02 1.172478365707313175e-01
4.418888901278299386e+01 7.331186400509407397e-01 2.042682574772208826e-01 -1.856500764455969177e-02 1.397769685814526652e-01
4.428888901278299528e+01 7.269875343090892450e-01 2.191208530501928542e-01 -1.009065420947555664e-01 1.560684818501359150e-01
4.438888901278299670e+01 7.143444317521522313e-01 2.352133471333436865e-01 -1.457523255329850054e-01 1.643334443041993276e-01
4.448888901278299812e+01 6.993953042850205026e-01 2.516864921246687037e-01 -1.415130231018777995e-01 1.636022082414868017e-01
4.458888901278299954e+01 6.879339704728673066e-01 2.676373499936108291e-01 -8.417531096404338997e-02 1.540168958984939329e-01
4.468888901278300096e+01 6.827186630427111158e-01 2.822339096370877209e-01 -1.970894696990223294e-02 1.367658346154927984e-01
4.478888901278300239e+01 6.840833742929006700e-01 2.947902923847755541e-01 4.817971138482486648e-02 1.135181024087126012e-01
4.488888901278300381e+01 6.923142707135034879e-01 3.048031086209550544e-01 1.111159338134612290e-01 8.624257813112969073e-02
4.498888901278300523e+01 7.046949532803052918e-01 3.119715565043303385e-01 1.326298086004257804e-01 5.692965872502592228e-02
4.508888901278300665e+01 7.191203904631612298e-01 3.161749757924096627e-01 1.543113271276393972e-01 2.719976956339277205e-02
4.518888901278300807e+01 7.335184482634931058e-01 3.174474595191288384e-01 1.229251273127838912e-01 -1.483097666528151309e-03
4.528888901278300949e+01 7.438325677435276839e-01 3.159407227788421646e-01 9.261507535015760240e-02 -2.829393291051461937e-02
4.538888901278301091e+01 7.532937979428734332e-01 3.118753010473926390e-01 9.794075995817720648e-02 -5.249248087924075074e-02
4.548888901278301233e+01 7.634192108923486542e-01 3.055645611140690998e-01 1.027293632638155152e-01 -7.302624637613691627e-02
4.558888901278301375e+01 7.728524836704502299e-01 2.974224502959890160e-01 8.041934028743491503e-02 -8.900899158236182107e-02
4.568888901278301518e+01 7.787685549938547780e-01 2.879265600469869124e-01 3.576363886352724314e-02 -1.000948610070678396e-01
4.578888901278301660e+01 7.800206714795162588e-01 2.775615406182507794e-01 -1.037735108297217768e-02 -1.064453752934288872e-01
4.588888901278301802e+01 7.757014495721746838e-01 2.667810715469177696e-01 -8.331477763390711389e-02 -1.085092881603301196e-01
4.598888901278301944e+01 7.632406012927999139e-01 2.559711810629864970e-01 -1.616912580897418850e-01 -1.072337920777252512e-01
4.608888901278302086e+01 7.439170516307678227e-01 2.454065815189705735e-01 -2.198001850351918030e-01 -1.037856476495191971e-01
4.618888901278302228e+01 7.213193283959032920e-01 2.352550913012469436e-01 -2.235866892327123545e-01 -9.907850162060410915e-02
4.628888901278302370e+01 6.997613832539465450e-01 2.256225858728957423e-01 -2.053726835916288018e-01 -9.341432580762629168e-02
4.638888901278302512e+01 6.805773997464883429e-01 2.166048928507981475e-01 -1.803440058870497131e-01 -8.676677951263835065e-02
4.648888901278302654e+01 6.636292959535867730e-01 2.083040752424840381e-01 -1.536996452251591094e-01 -7.907568743996278016e-02
4.658888901278302797e+01 6.509300601664423924e-01 2.008278112607710664e-01 -9.637326846741581243e-02 -7.022881481676945814e-02
4.668888901278302939e+01 6.448808367325996604e-01 1.943114333920024639e-01 -2.605692232663880947e-02 -5.978322696658988633e-02
4.678888901278303081e+01 6.443326855064327452e-01 1.889417794277148954e-01 5.434216018482221355e-03 -4.724283494942811690e-02
4.688888901278303223e+01 6.436003452526002366e-01 1.849295270035470617e-01 -3.101440641321105002e-02 -3.273914941954406133e-02
4.698888901278303365e+01 6.386201685597744371e-01 1.824241284348357139e-01 -5.331622515276995822e-02 -1.732237215958163518e-02
4.708888901278303507e+01 6.348298256195672451e-01 1.814646303465882182e-01 -2.355023891164266525e-02 -1.892637848961901612e-03
4.718888901278303649e+01 6.333679704155245060e-01 1.820360699932425386e-01 -1.009473592082148555e-02 1.324374257586535819e-02
4.728888901278303791e+01 6.314934877683769932e-01 1.840879408727281452e-01 -2.825795963267226790e-02 2.759929625548825094e-02
4.738888901278303933e+01 6.284277851976836082e-01 1.875034641294082149e-01 -3.668412254306744474e-02 4.039320805348196874e-02
4.748888901278304076e+01 6.228988058342650458e-01 1.920899200566833220e-01 -6.969528151146253681e-02 5.087260977857639699e-02
4.758888901278304218e+01 6.162802372049965838e-01 1.975737885317845610e-01 -6.118685541025736113e-02 5.825614721782464145e-02
4.768888901278304360e+01 6.107893391415046835e-01 2.036293389408665722e-01 -3.995338944173174034e-02 6.229228357062024241e-02
4.778888901278304502e+01 6.096897767673546964e-01 2.099269305883788295e-01 1.507419217915305365e-02 6.319273602940055079e-02
4.788888901278304644e+01 6.129395541274192949e-01 2.161859354109742504e-01 5.157526969321803156e-02 6.162630643438248013e-02
4.798888901278304786e+01 6.209311461372606367e-01 2.221918131365364368e-01 1.108697712010193459e-01 5.826456435782757792e-02
4.808888901278304928e+01 6.352527669729129967e-01 2.278113057419739462e-01 1.778923523626891323e-01 5.407992179981340602e-02
4.818888901278305070e+01 6.572719099428844247e-01 2.330193562351217107e-01 2.618137935748481304e-01 5.025244508397779669e-02
4.828888901278305212e+01 6.857646172168274656e-01 2.379168889868145953e-01 2.965625447765467548e-01 4.804819672885430465e-02
4.838888901278305354e+01 7.157998948777190007e-01 2.427041446027645433e-01 3.075518482204549486e-01 4.808559003914908425e-02
4.848888901278305497e+01 7.479712427132746422e-01 2.476156753020327117e-01 3.320793764719046637e-01 5.057860940277991019e-02
4.858888901278305639e+01 7.790229515152959916e-01 2.529061802841130469e-01 2.695885177008693345e-01 5.561033861526772787e-02
4.868888901278305781e+01 8.005100541585246088e-01 2.587871958503743519e-01 1.628410783080287139e-01 6.210543320599890005e-02
4.878888901278305923e+01 8.110810770410920023e-01 2.653165155781056495e-01 4.092675790628824695e-02 6.826955399843301353e-02
4.888888901278306065e+01 8.081897506590643987e-01 2.723625020633727578e-01 -9.434812780971768564e-02 7.207243552607039971e-02
4.898888901278306207e+01 7.939074061809998639e-01 2.795838643456808881e-01 -1.811468044757940932e-01 7.149154470267789219e-02
4.908888901278306349e+01 7.734579972056593311e-01 2.864732662181252998e-01 -2.223880218791202679e-01 6.531316437488299265e-02
4.918888901278306491e+01 7.509440643386628977e-01 2.924485634511703180e-01 -2.201864354451898431e-01 5.322702482856735140e-02
4.928888901278306633e+01 7.308308761324776581e-01 2.969393147768011332e-01 -1.695495677664742573e-01 3.578851271761025049e-02
4.938888901278306776e+01 7.202335490236058124e-01 2.994787110141694519e-01 -3.414578212142777014e-02 1.457487676825010986e-02
4.948888901278306918e+01 7.239563513950233453e-01 2.998198126856488344e-01 1.082567415688033552e-01 -7.672770776585118024e-03
4.958888901278307060e+01 7.409279427996559031e-01 2.980092550341270075e-01 2.171826694502194677e-01 -2.798414011863451303e-02
4.968888901278307202e+01 7.651915534495890014e-01 2.943672004713620560e-01 2.645906467415851671e-01 -4.400556523933399355e-02
4.978888901278307344e+01 7.924485898853722565e-01 2.893978068738447540e-01 2.690768652378525139e-01 -5.436556387841923882e-02
4.988888901278307486e+01 8.177342249978761801e-01 2.836997111907852420e-01 2.336213825927721255e-01 -5.858295593944600615e-02
4.998888901278307628e+01 8.382313949854205415e-01 2.778751752546635423e-01 1.728310531158199215e-01 -5.700381017369871711e-02
5.008888901278307770e+01 8.509416902037841846e-01 2.724606890830156836e-01 6.567945227934980645e-02 -5.059977397830513202e-02
5.018888901278307912e+01 8.490743013010862983e-01 2.678540849011381009e-01 -1.002115258788007363e-01 -4.126593830700727578e-02
5.028888901278308055e+01 8.323689942529841623e-01 2.642162672299368520e-01 -2.304126155833013390e-01 -3.164880322149446479e-02
5.038888901278308197e+01 8.041043926097861672e-01 2.614565932213485655e-01 -3.241412237501796190e-01 -2.404463679964587847e-02
5.048888901278308339e+01 7.698376748364736954e-01 2.592853819833373374e-01 -3.487331924557401930e-01 -2.006124544185566849e-02
5.058888901278308481e+01 7.368482796802134915e-01 2.573062357231937769e-01 -3.028674285858408699e-01 -2.017963586847799570e-02
5.068888901278308623e+01 7.107061916992795103e-01 2.551334996821192358e-01 -2.095434360836742338e-01 -2.375089548728490790e-02
5.078888901278308765e+01 6.962636664334018732e-01 2.524910147920477743e-01 -7.999068368213105296e-02 -2.925202845370647800e-02
5.088888901278308907e+01 6.944762715205913262e-01 2.492872563257063079e-01 4.238045316257087192e-02 -3.463144092927083334e-02
5.098888901278309049e+01 7.033229078358111952e-01 2.456342265090799837e-01 1.280177281727309102e-01 -3.794913220467247689e-02
5.108888901278309191e+01 7.195893957687921061e-01 2.418134520923047870e-01 1.901069080300025749e-01 -3.779761180811061494e-02
5.118888901278309334e+01 7.388193966266014545e-01 2.382178304056135620e-01 1.864570649061625396e-01 -3.339486653302808222e-02
5.128888901278309476e+01 7.555834526811684437e-01 2.352701729384836238e-01 1.351286723730235340e-01 -2.494585084458716268e-02
5.138888901278309618e+01 7.636323304972114645e-01 2.333255823663283601e-01 2.825377251283540947e-02 -1.362407981126231848e-02
5.148888901278309760e+01 7.629309131977890512e-01 2.325780438468322553e-01 -3.815575514825662873e-02 -1.298951380310029574e-03
5.158888901278309902e+01 7.558652092320521376e-01 2.330476992236023281e-01 -1.044413132281499512e-01 1.048142033097604342e-02
5.168888901278310044e+01 7.424784620952745717e-01 2.346081366540897772e-01 -1.558798862940743990e-01 2.028562406762469614e-02
5.178888901278310186e+01 7.259541777255689166e-01 2.370013562899371262e-01 -1.754974638760927741e-01 2.700751188739770881e-02
5.188888901278310328e+01 7.068956389403960872e-01 2.398858660590943159e-01 -2.032315885305860659e-01 3.001450973901742536e-02
5.198888901278310470e+01 6.858569475979580110e-01 2.428640883706568721e-01 -2.166621351048075295e-01 2.883026308070175611e-02
5.208888901278310612e+01 6.653626345689853672e-01 2.455082027444573656e-01 -1.748324350123196813e-01 2.336786052600162839e-02
5.218888901278310755e+01 6.533446164704960202e-01 2.474236756217894073e-01 -6.437852594574755560e-02 1.452470835733633836e-02
5.228888901278310897e+01 6.527199989025519455e-01 2.483635015122354350e-01 5.690273881312339632e-02 4.198563010343053445e-03
5.238888901278311039e+01 6.649329656555347245e-01 2.482871619430019050e-01 1.825730080305386083e-01 -5.412734495816756350e-03
5.248888901278311181e+01 6.886573982007813122e-01 2.473779752953520483e-01 2.926723021369099786e-01 -1.212478257811611636e-02
5.258888901278311323e+01 7.229330343008659732e-01 2.460216828665657274e-01 3.848295968590552674e-01 -1.406726074524124355e-02
5.268888901278311465e+01 7.642818056321056819e-01 2.447698377827428051e-01 4.383343777576525491e-01 -9.877616351235437089e-03
5.278888901278311607e+01 8.087666252070550010e-01 2.442704298484039416e-01 4.342402184986025038e-01 1.003327168771326813e-03
5.288888901278311749e+01 8.482177269927949625e-01 2.451751293737427506e-01 3.495055655777887793e-01 1.797353781131593581e-02
5.298888901278311891e+01 8.783687546201641716e-01 2.480065047560069680e-01 2.479681596261164855e-01 3.917398762130486212e-02
5.308888901278312034e+01 8.961069415784402858e-01 2.530705210046547693e-01 1.036418249608049846e-01 6.216498649728459391e-02
5.318888901278312176e+01 9.004666643049704655e-01 2.604005160172970235e-01 -7.207458614302275635e-03 8.400813114370681012e-02
5.328888901278312318e+01 8.946300541503799941e-01 2.697482112368727036e-01 -1.159154400430176673e-01 1.021359021242072979e-01
5.338888901278312460e+01 8.769350740599280991e-01 2.806255861271027552e-01 -2.350183586665464119e-01 1.142043681585466347e-01
5.348888901278312602e+01 8.485300617044626570e-01 2.923138206114436199e-01 -3.244343107659384273e-01 1.180393461664555471e-01
5.358888901278312744e+01 8.140550404473317903e-01 3.039117331738358518e-01 -3.625413908889592030e-01 1.122642486809433821e-01
5.368888901278312886e+01 7.754795738715613007e-01 3.144329789284595611e-01 -4.041725790637031301e-01 9.648474857520780712e-02
5.378888901278313028e+01 7.362229312926281688e-01 3.228811306001166392e-01 -3.677019504977153130e-01 7.093650844394773503e-02
5.388888901278313170e+01 7.028907361804020981e-01 3.283456020123070584e-01 -2.951306010594115792e-01 3.717244230679257050e-02
5.398888901278313313e+01 6.790081102648471978e-01 3.301250655139446044e-01 -1.711373327048858473e-01 -2.272756380576987367e-03
5.408888901278313455e+01 6.706535455344532215e-01 3.278168982833233880e-01 1.146686944827615684e-02 -4.391062590976767266e-02
5.418888901278313597e+01 6.817398899690217950e-01 3.214148965181133910e-01 2.060303923174054419e-01 -8.338668523771126939e-02
5.428888901278313739e+01 7.099278747774012688e-01 3.113586924716352788e-01 3.452980739665761356e-01 -1.163255705564127801e-01
5.438888901278313881e+01 7.486279605913611634e-01 2.984812170039503054e-01 4.180224870871193654e-01 -1.393659728005650356e-01
5.448888901278314023e+01 7.903443181852950472e-01 2.838822405560901263e-01 3.982948706506043157e-01 -1.505668980680499036e-01
5.458888901278314165e+01 8.262706597947835352e-01 2.687701321849064739e-01 3.159150911329563494e-01 -1.497438568558826510e-01
5.468888901278314307e+01 8.517213304241206817e-01 2.542938628690878944e-01 1.810627732781427135e-01 -1.381513206311505149e-01
5.478888901278314449e+01 8.612084999609406211e-01 2.414181677502885703e-01 6.304509790760137733e-03 -1.182394351143234434e-01
5.488888901278314592e+01 8.522959253157860182e-01 2.308116369119549427e-01 -1.866228721614012764e-01 -9.337543093999998989e-02
5.498888901278314734e+01 8.243432494283042811e-01 2.227812972455433249e-01 -3.667626335802761650e-01 -6.735987479171307024e-02
5.508888901278314876e+01 7.810060783010089880e-01 2.172558932798178966e-01 -4.846510631399433278e-01 -4.382417917034926724e-02
5.518888901278315018e+01 7.305886336681185478e-01 2.138447022056808311e-01 -5.087257854306637128e-01 -2.538886053173350366e-02
5.528888901278315160e+01 6.818058294291996502e-01 2.119697421176062468e-01 -4.609659448298791262e-01 -1.316042308637836548e-02
5.538888901278315302e+01 6.383434987984180076e-01 2.110085961980118496e-01 -4.066945565613657720e-01 -7.045007173578107448e-03
5.548888901278315444e+01 6.016307678293545402e-01 2.103759478759138213e-01 -3.229972485153337347e-01 -6.448111042403388386e-03
5.558888901278315586e+01 5.746851105468897547e-01 2.095739502311315672e-01 -2.075792749915711388e-01 -1.018191860550952607e-02
5.568888901278315728e+01 5.610142930934135519e-01 2.082562735470602500e-01 -6.881178134152599046e-02 -1.639833262375768944e-02
5.578888901278315871e+01 5.604358404823950313e-01 2.062856212390413446e-01 5.622719864229092090e-02 -2.288066178233310460e-02
5.588888901278316013e+01 5.706647181952773096e-01 2.037398691838014364e-01 1.346687194427743095e-01 -2.759732587919610722e-02
5.598888901278316155e+01 5.847624544434388838e-01 2.008687603662444310e-01 1.335959248125952459e-01 -2.927719348687775336e-02
5.608888901278316297e+01 5.954453187211791176e-01 1.979880786784823099e-01 8.218143836265463797e-02 -2.787870517887281949e-02
5.618888901278316439e+01 6.027809334841868205e-01 1.953728333872045420e-01 6.685150836308409450e-02 -2.406646378605126202e-02
5.628888901278316581e+01 6.084759419390770585e-01 1.932401648711165043e-01 4.577771669562377688e-02 -1.830133775610923857e-02
5.638888901278316723e+01 6.102132582374707459e-01 1.917583730510987738e-01 -2.467766745629569602e-02 -1.118949195714512984e-02
5.648888901278316865e+01 6.035526691231165586e-01 1.910047165900361499e-01 -9.542800450217590880e-02 -4.002044970664233627e-03
5.658888901278317007e+01 5.925598354682082292e-01 1.909177697723890565e-01 -1.230485303328946456e-01 2.000513639278896950e-03
5.668888901278317149e+01 5.806566154176053818e-01 1.913435832338347964e-01 -1.036357142360636585e-01 6.194168254181385905e-03
5.678888901278317292e+01 5.721039524695074041e-01 1.920982549537951500e-01 -7.264790940118891205e-02 8.642105829388090077e-03
5.688888901278317434e+01 5.656483902524972462e-01 1.930245476442646324e-01 -5.495592373274968412e-02 9.662552448259960000e-03
5.698888901278317576e+01 5.621810855762879866e-01 1.939917778382236335e-01 -7.267539383521065544e-03 9.530713890349680820e-03
5.708888901278317718e+01 5.649054028897796398e-01 1.949150170575454366e-01 6.301231698047864149e-02 8.939220045119159602e-03
5.718888901278317860e+01 5.751103177842531444e-01 1.957986862834850961e-01 1.398569855361966319e-01 8.923732677116861037e-03
5.728888901278318002e+01 5.923221457508854870e-01 1.967549800263040938e-01 2.045924443906359802e-01 1.055451014322840789e-02
5.738888901278318144e+01 6.151782601568219766e-01 1.979935731658552800e-01 2.385924028484485426e-01 1.468840247024065168e-02
5.748888901278318286e+01 6.382501166899862133e-01 1.997853926127912405e-01 2.260728635910334572e-01 2.157598875501745561e-02
5.758888901278318428e+01 6.604242955109824731e-01 2.023872446618398546e-01 2.082238744699337618e-01 3.081389762324850470e-02
5.768888901278318571e+01 6.791216504081658556e-01 2.060037217002316234e-01 1.714826227133707803e-01 4.170603976913830890e-02
5.778888901278318713e+01 6.957975559335104476e-01 2.107525729410027193e-01 1.651587499623868860e-01 5.333571710993535719e-02
5.788888901278318855e+01 7.123631769276806969e-01 2.166752725373489452e-01 1.594799536901582993e-01 6.509967674148554873e-02
5.798888901278318997e+01 7.253542503941746711e-01 2.237549396414831304e-01 9.401422187480069914e-02 7.630347332511462632e-02
5.808888901278319139e+01 7.314988409536800074e-01 2.318729697934134026e-01 3.383244090316694236e-02 8.562579398585787316e-02
5.818888901278319281e+01 7.339278733594449822e-01 2.407764049259360217e-01 2.725028466403600289e-02 9.186779204856229675e-02
5.828888901278319423e+01 7.380527387492117342e-01 2.501312716633170008e-01 5.119417577246638401e-02 9.467134061178603122e-02
5.838888901278319565e+01 7.428964217195123121e-01 2.596011476564160092e-01 4.124030342801707216e-02 9.417572922803414681e-02
5.848888901278319707e+01 7.463092295182370828e-01 2.688537038077226105e-01 3.074172249760410980e-02 9.030408030737813174e-02
5.858888901278319850e+01 7.495723018530371373e-01 2.775502974023079106e-01 3.741566448767405517e-02 8.309479136025649249e-02
5.868888901278319992e+01 7.552246972518701362e-01 2.853757020453537296e-01 7.871500621550470145e-02 7.300126642155335688e-02
5.878888901278320134e+01 7.629096268872015418e-01 2.920845588134586834e-01 6.070121708119721737e-02 6.089487792326165466e-02
5.888888901278320276e+01 7.678130284266652117e-01 2.974990511246763392e-01 4.629894127148910521e-02 4.713063748606589887e-02
5.898888901278320418e+01 7.717049967965181612e-01 3.014667667698155973e-01 2.628976031531786439e-02 3.204244465313845630e-02
5.908888901278320560e+01 7.742270658293528562e-01 3.038766828166799550e-01 3.369770443456475417e-02 1.604803606117274906e-02
5.918888901278320702e+01 7.784583682742558519e-01 3.046710021130423218e-01 4.480047126309165406e-02 -1.086652005575262925e-04
5.928888901278320844e+01 7.828147030810770346e-01 3.038771630350211583e-01 4.625220874811208221e-02 -1.560405449726766890e-02
5.938888901278320986e+01 7.884109933908733936e-01 3.015959580508817961e-01 6.480154456023325127e-02 -2.971861990899808681e-02
5.948888901278321129e+01 7.958397845673029769e-01 2.980072871135674428e-01 9.031437231291146450e-02 -4.161925605148619062e-02
5.958888901278321271e+01 8.070641287001617536e-01 2.933759101470888586e-01 1.248976358631828931e-01 -5.040280670007962760e-02
5.968888901278321413e+01 8.181791929434508726e-01 2.880561644286873113e-01 8.834749250066095683e-02 -5.534661098740872864e-02
5.978888901278321555e+01 8.232692540758953514e-01 2.824254726686133976e-01 8.721692230606065133e-03 -5.674947851242034130e-02
5.988888901278321697e+01 8.209672466539722491e-01 2.767903546622949018e-01 -4.568077996038533151e-02 -5.561760189305856028e-02
5.998888901278321839e+01 8.139300868473114958e-01 2.713572795765529233e-01 -1.002879309626217158e-01 -5.283268257382252309e-02
6.000000000000000000e+01 8.127785783335012004e-01 2.707723307679912317e-01 -1.069102769125251234e-01 -5.245784188701385631e-02
