time[s] x1[m] x2[m] x1_dot[m/s] x2_dot[m/s]
0.000000000000000000e+00 0.000000000000000000e+00 0.000000000000000000e+00 0.000000000000000000e+00 0.000000000000000000e+00
9.999999999999999124e-05 4.324920273929133961e-08 5.197739030875787170e-15 8.649703403355919100e-04 1.564539628404262422e-10
1.100000000000000066e-03 5.231488703748821180e-06 7.612555091287969025e-12 9.510127438579747336e-03 2.145573762892329930e-08
1.110000000000000049e-02 5.309487067036421657e-04 1.494038942537616593e-08 9.548565765211039502e-02 4.748267814594481874e-06
6.638391719543337843e-02 1.857857212183629605e-02 1.147836797391232463e-05 5.512956999323842533e-01 6.663333888810845252e-04
1.663839171954333840e-01 1.105351428466506275e-01 4.045936770651553725e-04 1.259541104129115130e+00 9.442173545450639402e-03
2.663839171954334173e-01 2.630088047872919943e-01 2.495614927348132912e-03 1.740601220187087961e+00 3.595708461505799092e-02
3.663839171954333951e-01 4.490784191477326659e-01 8.380501418694985202e-03 1.944501190340763186e+00 8.583826185665857644e-02
4.663839171954333729e-01 6.457783205969283014e-01 2.047512295618154898e-02 1.954944931860358004e+00 1.599529177084541010e-01
5.663839171954333507e-01 8.316357326002966621e-01 4.107816859077202676e-02 1.714312714481349254e+00 2.551271032411056572e-01
6.663839171954333285e-01 9.803605014421581387e-01 7.195328588893655508e-02 1.238549733800521579e+00 3.637461868532481657e-01
7.663839171954333063e-01 1.078861772805927766e+00 1.139020485266516447e-01 7.333445701981325948e-01 4.745940900912866134e-01
8.663839171954332841e-01 1.127294016854105685e+00 1.665470744996138119e-01 2.449978396791098745e-01 5.757063520187594152e-01
9.663839171954332619e-01 1.130762807586437768e+00 2.283438826347148065e-01 -1.627523082250375008e-01 6.559052612378134528e-01
1.066383917195433240e+00 1.098875847507252201e+00 2.967219412742967410e-01 -4.427996173338600294e-01 7.060202045482648625e-01
1.166383917195433328e+00 1.048761030767974223e+00 3.683415265503490188e-01 -5.264125017512883975e-01 7.200875345397005356e-01
1.266383917195433417e+00 1.001231746831237723e+00 4.394781803965893685e-01 -3.923792398180988572e-01 6.964795977481381684e-01
1.366383917195433506e+00 9.726906135911718154e-01 5.064734839775424380e-01 -1.745130855685845528e-01 6.380345920670579263e-01
1.466383917195433595e+00 9.678998231611267711e-01 5.661104496176933010e-01 8.236323160593192472e-02 5.504154231403914910e-01
1.566383917195433684e+00 9.883252202297819755e-01 6.158285249651405113e-01 3.216613930151197565e-01 4.409738061821080191e-01
1.666383917195433773e+00 1.031366637874788550e+00 6.538475221985190489e-01 5.305133457704075406e-01 3.178095545547962031e-01
1.766383917195433861e+00 1.092512530486502209e+00 6.792059003619980162e-01 6.845425060863991051e-01 1.890905874785940022e-01
1.866383917195433950e+00 1.166223732919028366e+00 6.917360697498221578e-01 7.756611991426313191e-01 6.245246671895371415e-02
1.966383917195434039e+00 1.244301573908962233e+00 6.919868986676834810e-01 7.652326756104999017e-01 -5.553064660725733070e-02
2.066383917195433906e+00 1.314802910788809731e+00 6.810785513787520618e-01 6.252253553442750356e-01 -1.601382957600274715e-01
2.166383917195433995e+00 1.365856550570058836e+00 6.604862864868712435e-01 3.779588700143258762e-01 -2.490068864777501279e-01
2.266383917195434083e+00 1.387564029093305562e+00 6.318083369634014401e-01 4.907780011390089348e-02 -3.220034687681727625e-01
2.366383917195434172e+00 1.375219330800117046e+00 5.965613326392901206e-01 -2.954908027382809887e-01 -3.807547808983134940e-01
2.466383917195434261e+00 1.328906132743559843e+00 5.560494883453486192e-01 -6.263466725651642975e-01 -4.277536274505924219e-01
2.566383917195434350e+00 1.252679661362011032e+00 5.113106833103421289e-01 -8.725592788249769693e-01 -4.657227889835059420e-01
2.666383917195434439e+00 1.159077404470430839e+00 4.631425464038441131e-01 -9.887127618503039894e-01 -4.965079332834715364e-01
2.766383917195434528e+00 1.056397940406223812e+00 4.122317444770626782e-01 -1.051317249865860726e+00 -5.206019561483467006e-01
2.866383917195434616e+00 9.516881842461113461e-01 3.592504092382788339e-01 -1.033269983029693417e+00 -5.378167765454642257e-01
2.966383917195434705e+00 8.518283983106211821e-01 3.049292430502806850e-01 -9.495058902174066118e-01 -5.471862646725844659e-01
3.066383917195434794e+00 7.645660628798993663e-01 2.501288050115042516e-01 -7.856351407875329373e-01 -5.470596053341514331e-01
3.166383917195434883e+00 6.952156059165989221e-01 1.959103536011000679e-01 -6.070281829419967856e-01 -5.351516415693375883e-01
3.266383917195434972e+00 6.421545564324535604e-01 1.435588409880387273e-01 -4.535112719091454192e-01 -5.094654904226240122e-01
3.366383917195435060e+00 6.041208376795208501e-01 9.451550175585687885e-02 -3.176850193940251588e-01 -4.688590308076596713e-01
3.466383917195435149e+00 5.766299650972707136e-01 5.029092280618978339e-02 -2.346018048007514900e-01 -4.131847981608176568e-01
3.566383917195435238e+00 5.568891307802423807e-01 1.234473882597932753e-02 -1.680238962693613725e-01 -3.435492980832273724e-01
3.666383917195435327e+00 5.408125158627073992e-01 -1.802146896783834648e-02 -1.599283395057188306e-01 -2.620381780484217771e-01
3.766383917195435416e+00 5.256981834834252298e-01 -3.977463836529546853e-02 -1.324021792688091781e-01 -1.718789669705662604e-01
3.866383917195435505e+00 5.149819154288813872e-01 -5.222258554536607367e-02 -8.796861717530038427e-02 -7.647926836783670856e-02
3.966383917195435593e+00 5.066077596982220266e-01 -5.501082413723471648e-02 -8.417329131413603394e-02 2.068645257964321638e-02
4.066383917195435238e+00 4.980851651944606662e-01 -4.815976389409348801e-02 -8.105810322135451051e-02 1.156207878292655755e-01
4.166383917195434883e+00 4.917834328200758054e-01 -3.209148581307302850e-02 -4.296011900565660513e-02 2.044384675885342617e-01
4.266383917195434528e+00 4.889170050493399922e-01 -7.584757439666727635e-03 -1.500900881493141131e-02 2.838799537138729789e-01
4.366383917195434172e+00 4.898378693267976813e-01 2.427544961507528340e-02 4.137928232386486188e-02 3.510829219132279300e-01
4.466383917195433817e+00 4.983136345341142581e-01 6.215659289139646715e-02 1.277431509102181506e-01 4.040640120914159583e-01
4.566383917195433462e+00 5.142110897481038112e-01 1.045788345748970560e-01 1.878865536623565979e-01 4.417672343475232966e-01
4.666383917195433106e+00 5.379997457782839110e-01 1.499801149471796102e-01 3.032115546001861728e-01 4.636269239259060981e-01
4.766383917195432751e+00 5.754043094162596406e-01 1.967993730601167168e-01 4.367598178819839805e-01 4.703685702451533279e-01
4.866383917195432396e+00 6.245038431934863965e-01 2.436032643545067156e-01 5.479457704743135871e-01 4.636017534073276214e-01
4.966383917195432041e+00 6.850853484696137752e-01 2.891338930424001696e-01 6.559074468934905644e-01 4.452769295909898006e-01
5.066383917195431685e+00 7.535831880120638093e-01 3.323488244172158046e-01 7.092116224976848793e-01 4.176408923144061536e-01
5.166383917195431330e+00 8.269188745621283143e-01 3.724188471382494092e-01 7.534449507989458006e-01 3.827185885673846655e-01
5.266383917195430975e+00 9.022553785295797102e-01 4.087179829336386461e-01 7.435604839689660128e-01 3.425373467603476940e-01
5.366383917195430620e+00 9.737200211142539308e-01 4.408033693001166542e-01 6.729529330453037916e-01 2.986454640306707153e-01
5.466383917195430264e+00 1.035032160468871698e+00 4.683510825915966347e-01 5.521232351743823319e-01 2.518524081433959338e-01
5.566383917195429909e+00 1.083791985486894482e+00 4.910865450850641634e-01 4.170551119644200222e-01 2.024381177480368554e-01
5.666383917195429554e+00 1.118133202947417582e+00 5.087555095505881253e-01 2.745764443212182493e-01 1.505275277728681249e-01
5.766383917195429198e+00 1.139125783552217053e+00 5.211140467021352363e-01 1.430759455074968878e-01 9.628514326559264869e-02
5.866383917195428843e+00 1.147111659114686377e+00 5.279473466894633038e-01 2.553032683166403527e-02 4.009585424069571358e-02
5.966383917195428488e+00 1.146374448990364892e+00 5.290925191570275965e-01 -3.450396731051255661e-02 -1.728248897004285023e-02
6.066383917195428133e+00 1.139913679423604886e+00 5.245002084988207303e-01 -9.597026117616258567e-02 -7.438518454587389472e-02
6.166383917195427777e+00 1.128167543476221502e+00 5.142768278158179607e-01 -1.362246255532725270e-01 -1.296354919721022236e-01
6.266383917195427422e+00 1.111648749161846306e+00 4.986908099696998331e-01 -1.958567225109092147e-01 -1.813749476909674030e-01
6.366383917195427067e+00 1.090028721625849295e+00 4.781654680693746551e-01 -2.399151799485459979e-01 -2.281975496319560148e-01
6.466383917195426712e+00 1.060627334547643130e+00 4.532552274668286696e-01 -3.569289028360944083e-01 -2.689554061627157378e-01
6.566383917195426356e+00 1.019483319879556982e+00 4.245819956636600612e-01 -4.635238920004304264e-01 -3.034806660449649307e-01
6.666383917195426001e+00 9.669292296898558403e-01 3.927616583140737805e-01 -5.878824225166064954e-01 -3.319526708920872426e-01
6.766383917195425646e+00 9.037415183553997311e-01 3.583763779693451834e-01 -6.652747777101605253e-01 -3.548576831873238024e-01
6.866383917195425290e+00 8.352839733273226264e-01 3.219697652782824715e-01 -6.972753507844594578e-01 -3.723613707662775663e-01
6.966383917195424935e+00 7.659238838295696628e-01 2.840934216696668901e-01 -6.810154594930197813e-01 -3.841695855796066761e-01
7.066383917195424580e+00 7.004259350110603188e-01 2.453497857902273704e-01 -6.275581262221874290e-01 -3.895498765290233978e-01
7.166383917195424225e+00 6.399561927124978178e-01 2.064289917148182663e-01 -5.806810574984373474e-01 -3.875803741659644142e-01
7.266383917195423869e+00 5.859917450263927297e-01 1.681008231868506564e-01 -4.907695127052480455e-01 -3.775835503023953210e-01
7.366383917195423514e+00 5.412514721879522206e-01 1.312067287681214778e-01 -4.109863719023167938e-01 -3.587746512341417615e-01
7.466383917195423159e+00 5.038809304653242283e-01 9.665239070085102080e-02 -3.334951406063807466e-01 -3.307813009144949246e-01
7.566383917195422804e+00 4.738492958731664317e-01 6.535371138736663366e-02 -2.700683945714241752e-01 -2.937140047350320082e-01
7.666383917195422448e+00 4.508446316795958753e-01 3.819243749596547277e-02 -1.878585505387430077e-01 -2.481584705745885633e-01
7.766383917195422093e+00 4.347803941408460160e-01 1.597767777509042850e-02 -1.369001165254470354e-01 -1.949660028086143970e-01
7.866383917195421738e+00 4.249483359371194480e-01 -5.929687408732023379e-04 -5.632930596693833114e-02 -1.355263101162815231e-01
7.966383917195421382e+00 4.216941464631256964e-01 -1.096776142721221474e-02 -1.877545147502297784e-02 -7.132644976408024362e-02
8.066383917195421915e+00 4.203420612173568438e-01 -1.477040643459816803e-02 -9.803012203746326939e-03 -4.505804205790511774e-03
8.166383917195421560e+00 4.209072347248191126e-01 -1.186945417088978647e-02 3.343943518865392928e-02 6.231634398098659378e-02
8.266383917195421205e+00 4.273125495647844829e-01 -2.380853399337782075e-03 8.369589290584222852e-02 1.269321999123257938e-01
8.366383917195420850e+00 4.365134953663200035e-01 1.337516303987072892e-02 1.020934082497609308e-01 1.872842478384607046e-01
8.466383917195420494e+00 4.474878635010574590e-01 3.485894068260930734e-02 1.147671701515112497e-01 2.411295560319008102e-01
8.566383917195420139e+00 4.601328834292082726e-01 6.131543322263241502e-02 1.447295389425623247e-01 2.864280897163613004e-01
8.666383917195419784e+00 4.776054155012665614e-01 9.181073584104312846e-02 2.108755906522314094e-01 3.217424717924309840e-01
8.766383917195419428e+00 5.029751984657974129e-01 1.253129082053713872e-01 2.952143359249596588e-01 3.465503269663793295e-01
8.866383917195419073e+00 5.364866903677876220e-01 1.607753976748573788e-01 3.760716600850869118e-01 3.610087109302752006e-01
8.966383917195418718e+00 5.781861199399668250e-01 1.971885393235993100e-01 4.577415683279276726e-01 3.656974835140052726e-01
9.066383917195418363e+00 6.276506165662273373e-01 2.336219104028875171e-01 5.224144092139820783e-01 3.616031151815753408e-01
9.166383917195418007e+00 6.799077029608924239e-01 2.692509041254695368e-01 5.116952348424973485e-01 3.497320324719820350e-01
9.266383917195417652e+00 7.284387116474597690e-01 3.033222796753345940e-01 4.522366685821002097e-01 3.304684428191274614e-01
9.366383917195417297e+00 7.701421651570252713e-01 3.350978728990983146e-01 3.857532151250386288e-01 3.038110921886766347e-01
9.466383917195416942e+00 8.055765642108120295e-01 3.638437633349624889e-01 3.204408231345243774e-01 2.699409561409303882e-01
9.566383917195416586e+00 8.349382474910681529e-01 3.888624366354844208e-01 2.729810795174572591e-01 2.293823407393149327e-01
9.666383917195416231e+00 8.605937400649937841e-01 4.095309936496128733e-01 2.422528148244008639e-01 1.831600312651741891e-01
9.766383917195415876e+00 8.839767998109401281e-01 4.253562157984406289e-01 2.230092135921124541e-01 1.328051631285215861e-01
9.866383917195415520e+00 9.044944400094232506e-01 4.360141340170760049e-01 1.914714366381496391e-01 8.010726591683400843e-02
9.966383917195415165e+00 9.234598150548780637e-01 4.413608404356639814e-01 1.845188981330108668e-01 2.692185204755593447e-02
1.006638391719541481e+01 9.393177536390857618e-01 4.414500787358686673e-01 1.255293273891767702e-01 -2.474865493826473167e-02
1.016638391719541445e+01 9.486325432476084840e-01 4.365083426961642310e-01 6.189625258086151049e-02 -7.350461388496042081e-02
1.026638391719541410e+01 9.504784320053880631e-01 4.268829033702078446e-01 -3.450716759453621718e-02 -1.182723055723936129e-01
1.036638391719541374e+01 9.410339565641250292e-01 4.130039121513818801e-01 -1.540386765690381077e-01 -1.585547215695344292e-01
1.046638391719541339e+01 9.190623989465764865e-01 3.953205475814191572e-01 -2.866790196306924221e-01 -1.943949314693303454e-01
1.056638391719541303e+01 8.853067200534427972e-01 3.742616945148531382e-01 -3.782901253873176550e-01 -2.261139284807683336e-01
1.066638391719541268e+01 8.444173150777177783e-01 3.502345427127949162e-01 -4.316538890563807462e-01 -2.537213454043009131e-01
1.076638391719541232e+01 8.013271865712628950e-01 3.236691126287923881e-01 -4.252990777729610539e-01 -2.767506769559043289e-01
1.086638391719541197e+01 7.589801382471983437e-01 2.950692279601105361e-01 -4.215018104378815411e-01 -2.942492255682779834e-01
1.096638391719541161e+01 7.170091791396231429e-01 2.650307288840358932e-01 -4.198805791079655569e-01 -3.054127282684530598e-01
1.106638391719541126e+01 6.763218900879893747e-01 2.342154050903676732e-01 -3.825696069853030679e-01 -3.097043790530972229e-01
1.116638391719541090e+01 6.396583317091873999e-01 2.033409238208247483e-01 -3.646611513041413399e-01 -3.064884608580098480e-01
1.126638391719541055e+01 6.035054584849548487e-01 1.731728936419872911e-01 -3.468931255524901891e-01 -2.956236418956628698e-01
1.136638391719541019e+01 5.705719105977763439e-01 1.444647312064607503e-01 -3.182985133808007294e-01 -2.773108746479642228e-01
1.146638391719540984e+01 5.396063217395790090e-01 1.179464044503512332e-01 -2.976341372813747777e-01 -2.519395470407190807e-01
1.156638391719540948e+01 5.121934030961744488e-01 9.428757556963021647e-02 -2.405911891386062207e-01 -2.202376792494732949e-01
1.166638391719540913e+01 4.929323064431421209e-01 7.409328192061362395e-02 -1.471227094281984948e-01 -1.826916843088032538e-01
1.176638391719540877e+01 4.813765733857246487e-01 5.793316039624107905e-02 -8.767388835321483775e-02 -1.396557064575752738e-01
1.186638391719540842e+01 4.757523698819274838e-01 4.631525317667060937e-02 -2.192434189681434498e-02 -9.202719042617893419e-02
1.196638391719540806e+01 4.760735084480496315e-01 3.964439396726434500e-02 1.624713044129092593e-02 -4.091785075868248356e-02
1.206638391719540770e+01 4.775262100337931415e-01 3.819357036519015203e-02 1.349782629859124471e-02 1.202521223250636873e-02
1.216638391719540735e+01 4.783328791064908048e-01 4.203617465357226829e-02 -4.378927846112339387e-03 6.456381462601684662e-02
1.226638391719540699e+01 4.766461362526133727e-01 5.101057476060649049e-02 -2.285263179945551393e-02 1.142344563875968139e-01
1.236638391719540664e+01 4.737055149903438567e-01 6.470879338122496882e-02 -4.114464275118635828e-02 1.586821650845544052e-01
1.246638391719540628e+01 4.692382010099666045e-01 8.250221899337151221e-02 -3.513265503302100135e-02 1.958098911738934966e-01
1.256638391719540593e+01 4.684336249218055692e-01 1.035785125826529790e-01 1.830584959977289011e-02 2.242057692565603555e-01
1.266638391719540557e+01 4.719104489881726372e-01 1.270350715720950374e-01 5.120965456476440220e-02 2.433518336635477064e-01
1.276638391719540522e+01 4.809439624806916558e-01 1.519328422120956590e-01 1.439377269829144323e-01 2.530639347956399332e-01
1.286638391719540486e+01 5.014335903306067488e-01 1.773627166449066039e-01 2.631500966752602366e-01 2.542430235758469381e-01
1.296638391719540451e+01 5.336693888750689840e-01 2.025522924299824334e-01 3.808221020078708108e-01 2.485593579292037225e-01
1.306638391719540415e+01 5.763517886721423178e-01 2.269091959733365860e-01 4.653022316273075498e-01 2.379024457629504430e-01
1.316638391719540380e+01 6.249171332960858916e-01 2.500225295206016662e-01 4.947938652279230132e-01 2.239169559116516439e-01
1.326638391719540344e+01 6.745368394526704003e-01 2.716165235292107849e-01 5.001106241702681920e-01 2.076426550622366418e-01
1.336638391719540309e+01 7.233550631515824891e-01 2.914997877157423090e-01 4.595986262762095653e-01 1.898080198570174515e-01
1.346638391719540273e+01 7.648488668610373686e-01 3.095317379265779545e-01 3.668634119324552523e-01 1.705616227378436156e-01
1.356638391719540238e+01 7.943822219106388971e-01 3.255467621972892855e-01 2.134891259313042022e-01 1.493226443503996026e-01
1.366638391719540202e+01 8.085569221838786458e-01 3.392893205575803206e-01 8.120234486650665384e-02 1.248959969518060875e-01
1.376638391719540166e+01 8.119319183339389623e-01 3.503901441054941279e-01 -4.948135949914930776e-03 9.641833942398354840e-02
1.386638391719540131e+01 8.098524638108770546e-01 3.584375832095585412e-01 -3.099956663376654542e-02 6.391708440645266220e-02
1.396638391719540095e+01 8.063003060986465576e-01 3.630703575620291002e-01 -3.400521959150502177e-02 2.833203904191645278e-02
1.406638391719540060e+01 8.035803498712176252e-01 3.640500342257996791e-01 -2.475762544704919466e-02 -8.862422573504759316e-03
1.416638391719540024e+01 8.002921787855765690e-01 3.612993414568994588e-01 -4.688734205340846367e-02 -4.602803261094964155e-02
1.426638391719539989e+01 7.924608579380985063e-01 3.548863908965270708e-01 -1.159218020324156995e-01 -8.196155539306079763e-02
1.436638391719539953e+01 7.774266304018589979e-01 3.449675600180795998e-01 -1.796842999059868606e-01 -1.160761082369081154e-01
1.446638391719539918e+01 7.572673448850844036e-01 3.317493080111468262e-01 -2.203759239763249944e-01 -1.478396175950875135e-01
1.456638391719539882e+01 7.335539408745538337e-01 3.155025513882133703e-01 -2.557136575624370800e-01 -1.765174187835793218e-01
1.466638391719539847e+01 7.059294842374271850e-01 2.965714892249421974e-01 -2.959176632769164317e-01 -2.014331615035994394e-01
1.476638391719539811e+01 6.745044119409296934e-01 2.753573394892264714e-01 -3.322919615824447837e-01 -2.221104651063993685e-01
1.486638391719539776e+01 6.397134941736671854e-01 2.523022213496174948e-01 -3.594003585124345146e-01 -2.382054577410318286e-01
1.496638391719539740e+01 6.046187774933022840e-01 2.278801851176184001e-01 -3.310760598776127384e-01 -2.493601517917087840e-01
1.506638391719539705e+01 5.736694252595917476e-01 2.026223627945814287e-01 -2.950609593290347554e-01 -2.547567089182843914e-01
1.516638391719539669e+01 5.456408571294785181e-01 1.771453966752276343e-01 -2.571527435525469696e-01 -2.536636210477158926e-01
1.526638391719539634e+01 5.232070704248161785e-01 1.521237629026835347e-01 -1.924029056599999565e-01 -2.455435454027277697e-01
1.536638391719539598e+01 5.068239503635338927e-01 1.282893179113313020e-01 -1.372969274525553396e-01 -2.298597309465386374e-01
1.546638391719539563e+01 4.951856630017628103e-01 1.064082772322421655e-01 -9.849317967141274499e-02 -2.065011326259562074e-01
1.556638391719539527e+01 4.859934517435144374e-01 8.723036671526068764e-02 -9.260814935992353614e-02 -1.759308640414825597e-01
1.566638391719539491e+01 4.764056930780090626e-01 7.142317480485488312e-02 -9.543004726356923983e-02 -1.393399057407276320e-01
1.576638391719539456e+01 4.667304771635295557e-01 5.951042860051874300e-02 -1.018665489632969018e-01 -9.831719413404207963e-02
1.586638391719539420e+01 4.568507294747292113e-01 5.184748943844851021e-02 -8.532822313293685068e-02 -5.465265651627455867e-02
1.596638391719539385e+01 4.507480862673079458e-01 4.861480844387023464e-02 -3.734698961242232523e-02 -9.927941830587809491e-03
1.606638391719539527e+01 4.490687744205890120e-01 4.985598877723280281e-02 2.401155368184471062e-03 3.461533988375199711e-02
1.616638391719539669e+01 4.514037468163605293e-01 5.548877710659689405e-02 4.839416501203229470e-02 7.769054415379716971e-02
1.626638391719539811e+01 4.591738650484239459e-01 6.530713339343968693e-02 1.050415864897389917e-01 1.181662063249973027e-01
1.636638391719539953e+01 4.726564862718907745e-01 7.900531076482630866e-02 1.716672330933027291e-01 1.551498298101785800e-01
1.646638391719540095e+01 4.941749707350283627e-01 9.620150823364689852e-02 2.532889209668458541e-01 1.880800359359314222e-01
1.656638391719540238e+01 5.218738321095055532e-01 1.164769300994484558e-01 2.974435857379218451e-01 2.166643977392475606e-01
1.666638391719540380e+01 5.537952143114847070e-01 1.393723602381791993e-01 3.441331970203769242e-01 2.403972524594391591e-01
1.676638391719540522e+01 5.912397615718204547e-01 1.643843074803694460e-01 4.019859973712019419e-01 2.589823143623591339e-01
1.686638391719540664e+01 6.323486950459210609e-01 1.909964956610988585e-01 4.125030530281308949e-01 2.723779694710743438e-01
1.696638391719540806e+01 6.736317007082878172e-01 2.186752297816140500e-01 4.125243167922503229e-01 2.802403020337229655e-01
1.706638391719540948e+01 7.135257040260979400e-01 2.468477080031259985e-01 3.803110319993757704e-01 2.821857861499880160e-01
1.716638391719541090e+01 7.501933137358356429e-01 2.748989665106814084e-01 3.562796395024212526e-01 2.777455962889028851e-01
1.726638391719541232e+01 7.846278670638017205e-01 3.021777430669999598e-01 3.331495644920718924e-01 2.667393872522231257e-01
1.736638391719541374e+01 8.176298490367902572e-01 3.280334060613303571e-01 3.302270927746046580e-01 2.493510877059951225e-01
1.746638391719541517e+01 8.514700358686241310e-01 3.518580116797584423e-01 3.522516040596646580e-01 2.262837320656918561e-01
1.756638391719541659e+01 8.878638448829875296e-01 3.731431086595843327e-01 3.668579726069430280e-01 1.988072632605217271e-01
1.766638391719541801e+01 9.239217838222808510e-01 3.915173500790607997e-01 3.549655917547153705e-01 1.682593777402740243e-01
1.776638391719541943e+01 9.577837927372111482e-01 4.067299865419842231e-01 3.115408914672112006e-01 1.357478476205059015e-01
1.786638391719542085e+01 9.853510365112986280e-01 4.186264050690196581e-01 2.417708100499778023e-01 1.020111510998149840e-01
1.796638391719542227e+01 1.006526833433788681e+00 4.271064688183549007e-01 1.844035534923580688e-01 6.750837497557186928e-02
1.806638391719542369e+01 1.022109113794197999e+00 4.321232094206669538e-01 1.158525120647151130e-01 3.285678199550224471e-02
1.816638391719542511e+01 1.026981561718842473e+00 4.336855251681356882e-01 -1.925766648327079111e-02 -1.602486195825487958e-03
1.826638391719542653e+01 1.020063749529157127e+00 4.317976032790600827e-01 -1.157723613881142255e-01 -3.618868279528743293e-02
1.836638391719542795e+01 1.003152149138487381e+00 4.264425454672743365e-01 -2.205073239252589856e-01 -7.094230335652496056e-02
1.846638391719542938e+01 9.773259362651022242e-01 4.176043597162590326e-01 -2.928941589495787645e-01 -1.058194172584777659e-01
1.856638391719543080e+01 9.450261449108401379e-01 4.052873152820196667e-01 -3.465221452497025401e-01 -1.404307873870996315e-01
1.866638391719543222e+01 9.092553014512865239e-01 3.895507516852503294e-01 -3.647749964369716436e-01 -1.740493276724629501e-01
1.876638391719543364e+01 8.733799917030969917e-01 3.705489426803471043e-01 -3.478562998885273982e-01 -2.055071965059399874e-01
1.886638391719543506e+01 8.390109763071291749e-01 3.485715708829031367e-01 -3.425368804571094494e-01 -2.333125839311119554e-01
1.896638391719543648e+01 8.059900821738122945e-01 3.240519114419562197e-01 -3.150630582915189271e-01 -2.561435541224125756e-01
1.906638391719543790e+01 7.741830270322785923e-01 2.975508010218334554e-01 -3.295362002245729727e-01 -2.727722672632824086e-01
1.916638391719543932e+01 7.405009581026223975e-01 2.697232196045152297e-01 -3.406706912031096657e-01 -2.826302501317476956e-01
1.926638391719544074e+01 7.056222967556931014e-01 2.412578487637753455e-01 -3.591112297168687628e-01 -2.855121398155068269e-01
1.936638391719544217e+01 6.686340410591391503e-01 2.128490271137934431e-01 -3.802759958749503122e-01 -2.815567042991916069e-01
1.946638391719544359e+01 6.305753210562221600e-01 1.851594958454741147e-01 -3.718212539090149371e-01 -2.712055852456515814e-01
1.956638391719544501e+01 5.953289837211243052e-01 1.588106274710474053e-01 -3.313771143419670384e-01 -2.547669105136415868e-01
1.966638391719544643e+01 5.646289478101537140e-01 1.344046764469559174e-01 -2.839465835239073921e-01 -2.323749630523065102e-01
1.976638391719544785e+01 5.379018705282674340e-01 1.125242812304898810e-01 -2.493911926149295077e-01 -2.043405869023728338e-01
1.986638391719544927e+01 5.156036108234135495e-01 9.370359361278066124e-02 -1.944082302941571583e-01 -1.712896236788321869e-01
1.996638391719545069e+01 4.995504122819446335e-01 7.841303700440246938e-02 -1.233352295786744462e-01 -1.338369696507918649e-01
2.006638391719545211e+01 4.899777462637709968e-01 6.706319056663612166e-02 -7.785103653401787005e-02 -9.259457688412001120e-02
2.016638391719545353e+01 4.839391108762842730e-01 5.998523350056707976e-02 -3.607079210951089077e-02 -4.862175238102527802e-02
2.026638391719545496e+01 4.830423994283326583e-01 5.738848530206173276e-02 1.682768755713728859e-02 -3.158604339165559105e-03
2.036638391719545638e+01 4.876799943037417595e-01 5.936494992784586977e-02 7.596736640721363232e-02 4.265305289394653865e-02
2.046638391719545780e+01 4.980299564435237691e-01 6.589388745925338353e-02 1.361909750441795686e-01 8.770675435683766841e-02
2.056638391719545922e+01 5.159048860113665258e-01 7.684835401265567578e-02 2.162445043267948730e-01 1.310380825101463143e-01
2.066638391719546064e+01 5.397960929163719834e-01 9.201884751983546717e-02 2.607056049180411783e-01 1.718721049238765008e-01
2.076638391719546206e+01 5.679317394039326006e-01 1.111053750578103599e-01 2.973088652819056987e-01 2.091872949281347316e-01
2.086638391719546348e+01 5.997070449342607468e-01 1.337042858018550329e-01 3.525893981547558731e-01 2.419563793299678300e-01
2.096638391719546490e+01 6.411630361266689171e-01 1.593282827759224252e-01 4.773640830475286423e-01 2.697192290355570066e-01
2.106638391719546632e+01 6.928822354575143727e-01 1.874970663987501895e-01 5.430191917373974331e-01 2.929225502116812874e-01
2.116638391719546775e+01 7.481317803983973391e-01 2.177609012645965458e-01 5.563421315486701824e-01 3.115529375656262978e-01
2.126638391719546917e+01 8.028059585123904496e-01 2.496357673324640924e-01 5.334386573787651686e-01 3.250145296530693173e-01
2.136638391719547059e+01 8.545965306163529895e-01 2.825630560008249859e-01 4.953446244960452716e-01 3.324583567474117540e-01
2.146638391719547201e+01 8.992219180953605617e-01 3.158954066545039407e-01 3.877601767136494848e-01 3.329121285918035800e-01
2.156638391719547343e+01 9.313631729139509874e-01 3.488623798663489928e-01 2.493384829518257018e-01 3.248736123509766149e-01
2.166638391719547485e+01 9.484808712213915749e-01 3.805313831272391645e-01 1.011742545394263282e-01 3.066787657500852360e-01
2.176638391719547627e+01 9.540002946625927294e-01 4.098171322043738241e-01 1.316917103684296653e-02 2.771037143425709171e-01
2.186638391719547769e+01 9.507891276396632785e-01 4.355686227373494757e-01 -7.369144083751860697e-02 2.360347965156449068e-01
2.196638391719547911e+01 9.416597773732729992e-01 4.566597234087006463e-01 -9.657207797664556226e-02 1.840853309581605979e-01
2.206638391719548054e+01 9.322563905309848575e-01 4.720831726370003367e-01 -9.269804877694098888e-02 1.230833035867513470e-01
2.216638391719548196e+01 9.238674935262443100e-01 4.810620960046793626e-01 -6.631814438266969702e-02 5.567367516262651528e-02
2.226638391719548338e+01 9.199674929943201240e-01 4.831121347788167042e-01 -1.229405924849535925e-02 -1.489115043521861692e-02
2.236638391719548480e+01 9.210911278641631394e-01 4.781026639405194234e-01 3.078108867210867933e-02 -8.489721146806901431e-02
2.246638391719548622e+01 9.244028784398153897e-01 4.662691439409054617e-01 2.909426428394002589e-02 -1.508399471209251330e-01
2.256638391719548764e+01 9.275347456378019162e-01 4.481645874979247601e-01 3.881512070341417570e-02 -2.098846961843658099e-01
2.266638391719548906e+01 9.313496038462631965e-01 4.246083788971918849e-01 2.834104108158105179e-02 -2.594704568523897859e-01
2.276638391719549048e+01 9.319079482797471004e-01 3.966502625699260820e-01 -2.537774345272002241e-02 -2.976974720855187773e-01
2.286638391719549190e+01 9.234500015412960838e-01 3.654738851760476193e-01 -1.555310324584950332e-01 -3.238325207129910677e-01
2.296638391719549332e+01 9.015102267578513073e-01 3.322643629304166124e-01 -2.673387152453995941e-01 -3.385531394601262734e-01
2.306638391719549475e+01 8.724608253917504053e-01 2.981122970851957099e-01 -3.096004125449052236e-01 -3.427830885120635163e-01
2.316638391719549617e+01 8.403668219478839241e-01 2.640408267763648120e-01 -3.242450856388087166e-01 -3.370230360568418071e-01
2.326638391719549759e+01 8.090543398346697890e-01 2.310262296014678751e-01 -2.973039883552440199e-01 -3.216996143037763045e-01
2.336638391719549901e+01 7.827971621203895225e-01 2.000111665535350136e-01 -2.133009220054855049e-01 -2.970533204990178922e-01
2.346638391719550043e+01 7.675621015071892872e-01 1.719316398929277845e-01 -9.913635487908958877e-02 -2.629229558994934934e-01
2.356638391719550185e+01 7.609185289128131968e-01 1.477463131262473639e-01 -4.071413257916087214e-02 -2.192430542795317239e-01
2.366638391719550327e+01 7.575164161294088983e-01 1.283687294365441212e-01 -4.103946460877726937e-02 -1.670320729708779928e-01
2.376638391719550469e+01 7.511986177500247219e-01 1.145509498168898743e-01 -8.265864123356034265e-02 -1.085189523212360951e-01
2.386638391719550611e+01 7.420313816285019071e-01 1.067754417013683510e-01 -9.782182280970766475e-02 -4.668080886769625237e-02
2.396638391719550754e+01 7.320155996297823542e-01 1.052304778397271101e-01 -1.010775825033632391e-01 1.563235716676031339e-02
2.406638391719550896e+01 7.216079585113412964e-01 1.098279472211900060e-01 -1.082911629537680609e-01 7.572618572872918952e-02
2.416638391719551038e+01 7.107921627035067580e-01 1.202144227915530050e-01 -1.052837570236510450e-01 1.309943555890599465e-01
2.426638391719551180e+01 7.004277962522801326e-01 1.357890623751532577e-01 -1.034572734012424167e-01 1.791373577731384947e-01
2.436638391719551322e+01 6.902220370661931170e-01 1.557378828774284574e-01 -1.000379417974906482e-01 2.181746080701265911e-01
2.446638391719551464e+01 6.803881095259163292e-01 1.790669457616170801e-01 -9.468431692467114968e-02 2.465152382289456101e-01
2.456638391719551606e+01 6.726141232853992680e-01 2.046483910893971969e-01 -5.082433906070983609e-02 2.631160143741477775e-01
2.466638391719551748e+01 6.719218640835612488e-01 2.312969181609544345e-01 4.132172574023568190e-02 2.679604314863507919e-01
2.476638391719551890e+01 6.814695210390093738e-01 2.578848188307662492e-01 1.554898360615448172e-01 2.621590789875760108e-01
2.486638391719552033e+01 7.043554774514196870e-01 2.834379817577490912e-01 3.038418284435802086e-01 2.476667640207969034e-01
2.496638391719552175e+01 7.413855536862928863e-01 3.072180689130322162e-01 4.302662079906509063e-01 2.271672896803228758e-01
2.506638391719552317e+01 7.888013917445644285e-01 3.287605059054339862e-01 5.089800671176207825e-01 2.033218646501539217e-01
2.516638391719552459e+01 8.421970542029975082e-01 3.478431267629805701e-01 5.565202259682481278e-01 1.782852168154678563e-01
2.526638391719552601e+01 8.980593391275775161e-01 3.644352652307453755e-01 5.433229720805831109e-01 1.537487851573997866e-01
2.536638391719552743e+01 9.483843144366133071e-01 3.786373456018187200e-01 4.581226352410233682e-01 1.305098926261156755e-01
2.546638391719552885e+01 9.889894265492833458e-01 3.905741390566244697e-01 3.509319197026516957e-01 1.083659955229275412e-01
2.556638391719553027e+01 1.018018101610475235e+00 4.003267679705353466e-01 2.246354188260925866e-01 8.669968712467647498e-02
2.566638391719553169e+01 1.032858235992201390e+00 4.078989740810188280e-01 7.056005611637014563e-02 6.456547212541799419e-02
2.576638391719553312e+01 1.032021095895822915e+00 4.131822802557557628e-01 -8.945505567329742336e-02 4.070430425376415223e-02
2.586638391719553454e+01 1.015247342942793507e+00 4.159388440695931388e-01 -2.397443829321894426e-01 1.382179704208189377e-02
2.596638391719553596e+01 9.853537336813010805e-01 4.158121271100879701e-01 -3.480314099060538013e-01 -1.707187961385660258e-02
2.606638391719553738e+01 9.500293930720210556e-01 4.123847932158766216e-01 -3.336104205839699466e-01 -5.208583473671696273e-02
2.616638391719553880e+01 9.204533583386556028e-01 4.053109075761121005e-01 -2.588105771485484374e-01 -8.959369791785190551e-02
2.626638391719554022e+01 8.988101950074496305e-01 3.944705285114162852e-01 -1.748733381044068613e-01 -1.269588810608476837e-01
2.636638391719554164e+01 8.834443089490977563e-01 3.800140833113387906e-01 -1.383783599553170263e-01 -1.615089698941630791e-01
2.646638391719554306e+01 8.726096667605676149e-01 3.623326511868564248e-01 -6.966810760106634248e-02 -1.911253848798850630e-01
2.656638391719554448e+01 8.697039527941743398e-01 3.420265874350437163e-01 1.091008710650830105e-02 -2.136226057106169751e-01
2.666638391719554591e+01 8.735033762193055162e-01 3.199150059725189843e-01 4.622123584368439259e-02 -2.269458081477199740e-01
2.676638391719554733e+01 8.755102896553870195e-01 2.969765593307900908e-01 -1.118229439971670652e-02 -2.301576098008704663e-01
2.686638391719554875e+01 8.704669609622399662e-01 2.742007240761271114e-01 -9.940509206893627381e-02 -2.238774927240254620e-01
2.696638391719555017e+01 8.553312774390595674e-01 2.524661125598562372e-01 -1.919162592175205351e-01 -2.096599509138419859e-01
2.706638391719555159e+01 8.331570117723959834e-01 2.324705625123370256e-01 -2.600491642538638737e-01 -1.893827248931965745e-01
2.716638391719555301e+01 8.018802807046971903e-01 2.147271646040241899e-01 -3.623359412278376879e-01 -1.650032305296518509e-01
2.726638391719555443e+01 7.624359631470700727e-01 1.995264641271817241e-01 -4.176996443081049115e-01 -1.389045893234168716e-01
2.736638391719555585e+01 7.200252731858856059e-01 1.869397488120288775e-01 -4.218875258183236165e-01 -1.129766957318362186e-01
2.746638391719555727e+01 6.794113395578857961e-01 1.768865213664566061e-01 -3.865808062112246479e-01 -8.836600403827128691e-02
2.756638391719555869e+01 6.434684237122965111e-01 1.692042149105188464e-01 -3.258546338005283705e-01 -6.561140334311899025e-02
2.766638391719556012e+01 6.154420065974217646e-01 1.637001670245903373e-01 -2.328212482308850140e-01 -4.475915018965394288e-02
2.776638391719556154e+01 5.971883011907505034e-01 1.602032931118202164e-01 -1.274890663985753236e-01 -2.537305434824750280e-02
2.786638391719556296e+01 5.900719491815714646e-01 1.586004237057815902e-01 -2.473698327246928730e-02 -6.738889736369015754e-03
2.796638391719556438e+01 5.896197145861308275e-01 1.588508429807160283e-01 8.035119238524721097e-03 1.171810980914145262e-02
2.806638391719556580e+01 5.914852516484812028e-01 1.609307127925947989e-01 3.244819832107949387e-02 2.977398406027009781e-02
2.816638391719556722e+01 5.973020990766498839e-01 1.647799429045957720e-01 8.980424509382534115e-02 4.707731716685800705e-02
2.826638391719556864e+01 6.096106265580245598e-01 1.703233249670940697e-01 1.537088681056506256e-01 6.369783887638980069e-02
2.836638391719557006e+01 6.276914711597489926e-01 1.775037225416948028e-01 2.057657235534478268e-01 7.984063115439185565e-02
2.846638391719557148e+01 6.496874615699875788e-01 1.862772925855376849e-01 2.271307616486215042e-01 9.554343417644478587e-02
2.856638391719557291e+01 6.721050635080603186e-01 1.965861429653692205e-01 2.178728940523590452e-01 1.104451198092148423e-01
2.866638391719557433e+01 6.923076911775994935e-01 2.083144104818948905e-01 1.801301072218204902e-01 1.237777277177257301e-01
2.876638391719557575e+01 7.079877090400767958e-01 2.212531099841407167e-01 1.403695830603800543e-01 1.344555039270902141e-01
2.886638391719557717e+01 7.213862617970864255e-01 2.350842493902604580e-01 1.240910535256031927e-01 1.415138907429657200e-01
2.896638391719557859e+01 7.316757111089894350e-01 2.494150205152869393e-01 8.040132480925044067e-02 1.443359677218797599e-01
2.906638391719558001e+01 7.375014796272213458e-01 2.637866299409836746e-01 3.549789811449813315e-02 1.422211463500644979e-01
2.916638391719558143e+01 7.395503294614049761e-01 2.776765303961318265e-01 1.377366319871186490e-02 1.346440991152593469e-01
2.926638391719558285e+01 7.410675248188385300e-01 2.905336252148772447e-01 1.655247296042618860e-02 1.216309066852467591e-01
2.936638391719558427e+01 7.437765737521840892e-01 3.018410452120627308e-01 4.597653535094065047e-02 1.037885316373194922e-01
2.946638391719558570e+01 7.507244461191286966e-01 3.111692833650760437e-01 8.807349066155176209e-02 8.229536335974349526e-02
2.956638391719558712e+01 7.601682951603241367e-01 3.182272439241577433e-01 9.549661908172632496e-02 5.860178306037534812e-02
2.966638391719558854e+01 7.690829644023383649e-01 3.228537686775554416e-01 8.177543772840295544e-02 3.382331027496096598e-02
2.976638391719558996e+01 7.763155509987178515e-01 3.249847152147184448e-01 5.802500776541813510e-02 8.826118342194079480e-03
2.986638391719559138e+01 7.793462994010814660e-01 3.246341407152333325e-01 1.531006930386991094e-04 -1.573631574102010017e-02
2.996638391719559280e+01 7.773050580071901861e-01 3.218610244513599450e-01 -3.416593079826921869e-02 -3.957814095877500160e-02
3.006638391719559422e+01 7.726949971043869381e-01 3.167586627545082023e-01 -6.134045213762116810e-02 -6.221546982395143727e-02
3.016638391719559564e+01 7.655417362535675840e-01 3.094768828862323184e-01 -7.050138270272049423e-02 -8.307805183725244791e-02
3.026638391719559706e+01 7.606924996349767598e-01 3.002289039660832048e-01 -2.456309101203338341e-02 -1.013393349910231278e-01
3.036638391719559849e+01 7.599061458365106159e-01 2.893404054340558695e-01 5.565728432151167970e-03 -1.156751570481319158e-01
3.046638391719559991e+01 7.607227762865951259e-01 2.772594279901791636e-01 5.656952462757165734e-04 -1.250671182608551479e-01
3.056638391719560133e+01 7.584834632469819038e-01 2.645020512662356049e-01 -4.790723721605205654e-02 -1.292359618638126151e-01
3.066638391719560275e+01 7.504896835654741860e-01 2.515698608721343432e-01 -1.126940069518691384e-01 -1.286918321142283828e-01
3.076638391719560417e+01 7.383918413340315734e-01 2.388917826497207464e-01 -1.138996752898191883e-01 -1.242740867140558203e-01
3.086638391719560559e+01 7.269243903484114977e-01 2.268340160186546606e-01 -1.280572936240297055e-01 -1.163059412375467006e-01
3.096638391719560701e+01 7.136077445564498190e-01 2.157325787163444086e-01 -1.271689454781762540e-01 -1.052684552582087152e-01
3.106638391719560843e+01 7.006112657962058066e-01 2.058657088208866726e-01 -1.419240432700281385e-01 -9.168794714739864071e-02
3.116638391719560985e+01 6.856047824576421146e-01 1.974551256946495692e-01 -1.564317133622626088e-01 -7.629903097364754139e-02
3.126638391719561128e+01 6.683016897025434444e-01 1.906357047961552142e-01 -1.889691270643864551e-01 -6.003278711098372633e-02
3.136638391719561270e+01 6.491773862094055714e-01 1.854421475758303017e-01 -1.927601149353694310e-01 -4.393895972534714311e-02
3.146638391719561412e+01 6.292307228617131099e-01 1.818152909009504992e-01 -2.039011110046813902e-01 -2.883020297842974616e-02
3.156638391719561554e+01 6.088271203838098167e-01 1.796178980582762430e-01 -2.045396748612757498e-01 -1.545915977635071645e-02
3.166638391719561696e+01 5.891360244191045092e-01 1.786466115657430465e-01 -1.827224201241320900e-01 -4.378095029218162862e-03
3.176638391719561838e+01 5.729551721388351782e-01 1.786605696498494711e-01 -1.366140149532376613e-01 4.264385950388555058e-03
3.186638391719561980e+01 5.625588429462304862e-01 1.794286039810150668e-01 -7.500721672960732056e-02 1.079388346573189467e-02
3.196638391719562122e+01 5.577335365904737552e-01 1.807678822534254937e-01 -1.016386443789966953e-02 1.577966557389114122e-02
3.206638391719562264e+01 5.621421642983803757e-01 1.825598273815128847e-01 9.044198296235092527e-02 2.004730966259098135e-02
3.216638391719562406e+01 5.739664266681863136e-01 1.847918566501422222e-01 1.448971356943457300e-01 2.472379195804454491e-02
3.226638391719562549e+01 5.903474693521154615e-01 1.875395391815790069e-01 1.733428461473638937e-01 3.043580276946170754e-02
3.236638391719562691e+01 6.077940178575883534e-01 1.909190607218350655e-01 1.758970110225739625e-01 3.733633704047559232e-02
3.246638391719562833e+01 6.252806613430390570e-01 1.950385228451945452e-01 1.752718068909902560e-01 4.518332045772017330e-02
3.256638391719562975e+01 6.437355166058542633e-01 1.999773199137483970e-01 1.927808631868603018e-01 5.368995272588159007e-02
3.266638391719563117e+01 6.628058142173973710e-01 2.057926727017786728e-01 1.889225689545731557e-01 6.266581025240722247e-02
3.276638391719563259e+01 6.824103403331271966e-01 2.125139525593855161e-01 2.032550453417822089e-01 7.175850579014252106e-02
3.286638391719563401e+01 7.022674735677782998e-01 2.201401216630079483e-01 1.872507833036127778e-01 8.070606705613719845e-02
3.296638391719563543e+01 7.199176373901985393e-01 2.286312351387679576e-01 1.746024867793940505e-01 8.893878524170037436e-02
3.306638391719563685e+01 7.385578172242214245e-01 2.378879885939128858e-01 1.939617862442812868e-01 9.599491804993373623e-02
3.316638391719563828e+01 7.570195767264153996e-01 2.477869258551217702e-01 1.729358926239316918e-01 1.017298429952407240e-01
3.326638391719563970e+01 7.732757859698041747e-01 2.581740317484234049e-01 1.483800947481718202e-01 1.056712600454344092e-01
3.336638391719564112e+01 7.854410598171216451e-01 2.688424546313044061e-01 9.017096050500698901e-02 1.072358926343863622e-01
3.346638391719564254e+01 7.907573589834424599e-01 2.795125306005610821e-01 1.708167033710894511e-02 1.055371154390361832e-01
3.356638391719564396e+01 7.900811966918440676e-01 2.898100129237661804e-01 -2.303392672878844250e-02 9.966627501538513623e-02
3.366638391719564538e+01 7.873589435981925844e-01 2.992953704632821954e-01 -2.524441811691094731e-02 8.930626707544057907e-02
3.376638391719564680e+01 7.856193407087430636e-01 3.075346107746640412e-01 -1.254136336453248041e-02 7.486023580626617602e-02
3.386638391719564822e+01 7.842759965435482927e-01 3.141563126221190161e-01 -1.388835060824467754e-02 5.707779289567801312e-02
3.396638391719564964e+01 7.827913934625438941e-01 3.188639888075243678e-01 -1.681520920456455043e-02 3.671283741370531817e-02
3.406638391719565107e+01 7.814023323115932840e-01 3.214405277715325915e-01 -7.752116221590832357e-03 1.460724810972189106e-02
3.416638391719565249e+01 7.811499139057409558e-01 3.217622044911970791e-01 1.907051847813654236e-03 -8.196080202629057315e-03
3.424649280666085360e+01 7.815320632023505798e-01 3.203800707785580681e-01 4.491021133771785738e-03 -2.622067061336432262e-02
3.432370407563759329e+01 7.811435677125990740e-01 3.177064963219093374e-01 -1.616498060253123217e-02 -4.289194659379996777e-02
3.442002532183030894e+01 7.795072031278468261e-01 3.126264976347465918e-01 -8.934213101788188865e-03 -6.227909025660031961e-02
3.452002532183031036e+01 7.788209469294921083e-01 3.054908687498068542e-01 -1.385389985728658138e-02 -7.993928085262069771e-02
3.462002532183031178e+01 7.770695195505161745e-01 2.967454086377098732e-01 -1.304125870991969076e-02 -9.439433965822102701e-02
3.472002532183031320e+01 7.765581186770855737e-01 2.867395274860679577e-01 6.315233111326163523e-04 -1.050251032932563167e-01
3.482002532183031462e+01 7.770655975006469651e-01 2.758890135912829833e-01 7.704079337392485440e-03 -1.112047486519673889e-01
3.492002532183031605e+01 7.776980227015329872e-01 2.646586459143552839e-01 5.584928083993759285e-03 -1.125948770670150978e-01
3.502002532183031747e+01 7.778208670512322120e-01 2.535308852764024401e-01 -8.330981194224535216e-03 -1.091718328033652596e-01
3.512002532183031889e+01 7.765678306647696427e-01 2.429738259129454458e-01 -6.087661131631481176e-03 -1.012599158245452158e-01
3.522002532183032031e+01 7.769076261943989037e-01 2.334185108098021655e-01 3.835586978132490138e-03 -8.916286435414919054e-02
3.531415932228289023e+01 7.768791898252350725e-01 2.257003894371281405e-01 1.265116513975998638e-03 -7.431197698376941496e-02
3.541415932228289165e+01 7.773831828538618760e-01 2.191863129071572325e-01 8.948134909690370724e-04 -5.549962989329139396e-02
3.551415932228289307e+01 7.756711540192134935e-01 2.146766578246805390e-01 -3.624041837134987787e-02 -3.442389875794485410e-02
3.561415932228289449e+01 7.705297751387054639e-01 2.123314298240102094e-01 -6.561373066193788850e-02 -1.244709332292257692e-02
3.571415932228289591e+01 7.619106484768755072e-01 2.121711144408948424e-01 -1.109149341625034202e-01 9.036927772228597194e-03
3.581415932228289734e+01 7.487781556820310991e-01 2.140713682152794450e-01 -1.450338577000441775e-01 2.850726919642916288e-02
3.591415932228289876e+01 7.338910217889315080e-01 2.177620316490018193e-01 -1.470253082544715484e-01 4.467998323224502133e-02
3.601415932228290018e+01 7.210200403548743253e-01 2.228744402636342881e-01 -1.065363049219626435e-01 5.689417476170603033e-02
3.611415932228290160e+01 7.123197641384638734e-01 2.290089399525297442e-01 -6.427220660773699801e-02 6.515222436763590252e-02
3.621415932228290302e+01 7.097480557889124242e-01 2.357839998466161324e-01 1.413957535517175457e-02 6.981168254846634169e-02
3.631415932228290444e+01 7.135384251484364615e-01 2.428791062457255900e-01 5.240596199985694120e-02 7.168581385954070351e-02
3.641415932228290586e+01 7.189835535707790326e-01 2.500448057060702389e-01 5.286482106982059309e-02 7.125542913735748163e-02
3.651415932228290728e+01 7.242509837318341637e-01 2.570556351786865146e-01 5.419717069357615769e-02 6.859373224733045227e-02
3.661415932228290870e+01 7.290937326647949357e-01 2.636926818692655328e-01 3.781290932172318847e-02 6.379781259400392479e-02
3.671415932228291013e+01 7.319288632610791989e-01 2.697438658139066359e-01 2.067752204542588554e-02 5.686730570800437035e-02
3.681415932228291155e+01 7.332835373341003438e-01 2.749961694484648889e-01 1.139600298367639090e-02 4.784139862454382663e-02
3.691415932228291297e+01 7.364483660940325249e-01 2.792527752540749919e-01 6.244949419115068678e-02 3.706981269338723017e-02
3.701415932228291439e+01 7.471589046119703204e-01 2.823904912989403382e-01 1.572117845188555074e-01 2.572929610109081153e-02
3.711415932228291581e+01 7.678060215518827114e-01 2.844400159253710481e-01 2.477080993828430500e-01 1.562670677001881669e-02
3.721415932228291723e+01 7.950879951370721788e-01 2.856134132547465954e-01 2.906298921993446527e-01 8.424514119658801231e-03
3.731415932228291865e+01 8.231797835269996089e-01 2.862516530390897262e-01 2.540951879932081270e-01 4.978746931793122735e-03
3.741415932228292007e+01 8.442136578537425828e-01 2.867228358217275841e-01 1.644668366521649383e-01 4.915160982215301295e-03
3.751415932228292149e+01 8.546228851323562914e-01 2.873047407847238444e-01 3.463666494710029853e-02 6.928343162534837153e-03
3.761415932228292291e+01 8.512993185542144792e-01 2.881138983837388534e-01 -9.384536438895665911e-02 9.106361144657251772e-03
3.771415932228292434e+01 8.361448378889547728e-01 2.890666369876686015e-01 -2.119408016940547979e-01 9.508226334281871112e-03
3.781415932228292576e+01 8.093463039207705600e-01 2.898988525057885068e-01 -3.176869538148001104e-01 6.421108521370195305e-03
3.791415932228292718e+01 7.737728762749501721e-01 2.901885134586839610e-01 -3.872638958537309994e-01 -1.513204073078091086e-03
3.801415932228292860e+01 7.338060747395147576e-01 2.894128092192909119e-01 -4.009421065854921751e-01 -1.491405224287321689e-02
3.811415932228293002e+01 6.954529801532233213e-01 2.870355049231944622e-01 -3.593342048226753627e-01 -3.338716340916446368e-02
3.821415932228293144e+01 6.636286244994090699e-01 2.826117597738501686e-01 -2.628140921748297609e-01 -5.553828287412197751e-02
3.831415932228293286e+01 6.456899764532373354e-01 2.758842477822572303e-01 -9.422852515272855944e-02 -7.895601201558824500e-02
3.841415932228293428e+01 6.423872379349181427e-01 2.668870329619826287e-01 1.418870148785630891e-02 -1.004175311980202850e-01
3.851415932228293570e+01 6.467881455764917797e-01 2.559495500739880081e-01 6.718847309185213557e-02 -1.174446164150198674e-01
3.861415932228293713e+01 6.553283488769663379e-01 2.435965526112254531e-01 1.077118698615296272e-01 -1.285329981564568846e-01
3.871415932228293855e+01 6.688615515909199782e-01 2.304773144727902956e-01 1.599526042236460999e-01 -1.325930391978392131e-01
3.881415932228293997e+01 6.864771358071009022e-01 2.173416996221556041e-01 1.858571270730522973e-01 -1.287639366322408108e-01
3.891415932228294139e+01 7.031254002281923654e-01 2.049927767284607238e-01 1.299020149467823293e-01 -1.169413809345737632e-01
3.901415932228294281e+01 7.105280758273293529e-01 1.941775189770839627e-01 1.390583139910356314e-02 -9.843208317234439231e-02
3.911415932228294423e+01 7.052948791116590010e-01 1.854486280106764085e-01 -1.185294600854714386e-01 -7.566995890993288842e-02
3.921415932228294565e+01 6.871918399521788068e-01 1.790904886019831499e-01 -2.417391834069703704e-01 -5.149586542446679682e-02
3.931415932228294707e+01 6.583178207685734806e-01 1.751037790620735279e-01 -3.223159527333456231e-01 -2.866998678201069031e-02
3.941415932228294849e+01 6.255685451938443054e-01 1.732418668470475098e-01 -3.184505690794319777e-01 -9.237380695397246627e-03
3.951415932228294992e+01 5.974556221641059706e-01 1.731175319967877269e-01 -2.358507666776588629e-01 6.078151155399474925e-03
3.961415932228295134e+01 5.786870088257881628e-01 1.743355465433459039e-01 -1.351448825408529675e-01 1.774431295512680570e-02
3.971415932228295276e+01 5.720863328032090855e-01 1.765785748225598695e-01 5.443985938724693607e-03 2.680382196682637441e-02
3.981415932228295418e+01 5.785604188881345866e-01 1.796613404311174500e-01 1.161393007009724060e-01 3.479755589349792927e-02
3.991415932228295560e+01 5.941557171223221800e-01 1.835449547006800242e-01 1.937419979696915484e-01 4.298156514520630467e-02
4.001415932228295702e+01 6.178638843867740871e-01 1.882917926822197940e-01 2.805899046574413247e-01 5.219649738519954035e-02
4.011415932228295844e+01 6.479881704414962584e-01 1.940447221623674001e-01 3.059633948834922790e-01 6.318875166045961889e-02
4.021415932228295986e+01 6.774623523486837939e-01 2.009864738122034422e-01 2.825697456715811628e-01 7.586524104935855883e-02
4.031415932228296128e+01 7.048324337724308775e-01 2.092467704403487838e-01 2.676438773957862671e-01 8.941509747214264336e-02
4.041415932228296271e+01 7.307230723868266553e-01 2.188718849308466663e-01 2.430111170663057374e-01 1.030318355424397203e-01
4.051415932228296413e+01 7.519599438383216539e-01 2.298230772175611225e-01 1.779535746288645193e-01 1.157270987824555036e-01
4.061415932228296555e+01 7.667982220281504002e-01 2.419393472992557026e-01 1.261238019360138851e-01 1.260943810115984498e-01
4.071415932228296697e+01 7.772571620075038323e-01 2.549246525952043596e-01 7.180180456743838480e-02 1.329469086117217036e-01
4.081415932228296839e+01 7.795044609877916919e-01 2.683736375094452620e-01 -2.397281362594841370e-02 1.351303695883051548e-01
4.091415932228296981e+01 7.732058702750550516e-01 2.817486713716774172e-01 -1.032029803279276015e-01 1.312707515734041763e-01
4.101415932228297123e+01 7.590742122024770611e-01 2.943927702140642921e-01 -1.757290320645926440e-01 1.203736722957803873e-01
4.111415932228297265e+01 7.385993646367033927e-01 3.055693150214445208e-01 -2.252944353203044925e-01 1.018725476870614433e-01
4.121415932228297407e+01 7.176472089627854434e-01 3.145190438093079521e-01 -1.773928028544423940e-01 7.598779702673932879e-02
4.131415932228297549e+01 7.045482820526401957e-01 3.205774668165928265e-01 -7.874015361748994135e-02 4.444829328103490351e-02
4.141415932228297692e+01 7.025581955735381579e-01 3.233117006861482845e-01 3.299439517997491966e-02 1.001225966437858939e-02
4.151415932228297834e+01 7.098020309158091790e-01 3.225833519759389589e-01 1.104032879155353031e-01 -2.433957703906713954e-02
4.161415932228297976e+01 7.236224566414686254e-01 3.185330012876869676e-01 1.561114855337218110e-01 -5.603345247572512344e-02
4.171415932228298118e+01 7.403085471482780955e-01 3.115321105615758146e-01 1.790193040492930043e-01 -8.307940488752477148e-02
4.181415932228298260e+01 7.587962364794291759e-01 3.021213038903577952e-01 1.862287395367645815e-01 -1.040180495439618769e-01
4.191415932228298402e+01 7.771127642383790501e-01 2.909654557138853792e-01 1.739154794708506202e-01 -1.178641444443968289e-01
4.201415932228298544e+01 7.919155864889094731e-01 2.787969469494595565e-01 1.206962959838822347e-01 -1.242903181759222320e-01
4.211415932228298686e+01 8.015231673851872518e-01 2.663405579047645744e-01 6.608119234388157293e-02 -1.237277395830766458e-01
4.221415932228298828e+01 8.035479158047307280e-01 2.542550379552211970e-01 -2.824694738201187494e-02 -1.170874894160992136e-01
4.231415932228298971e+01 7.963410086863970117e-01 2.430730591681816988e-01 -1.101273234837195081e-01 -1.059463721078288123e-01
4.241415932228299113e+01 7.831576303762338709e-01 2.331617732487639982e-01 -1.496336178706711706e-01 -9.190615928607102914e-02
4.251415932228299255e+01 7.650769585746839407e-01 2.247465433843267579e-01 -2.212223390489971853e-01 -7.624739577548811376e-02
4.261415932228299397e+01 7.386911228636788840e-01 2.179109874239984479e-01 -3.031749789138718509e-01 -6.062993690678959713e-02
4.271415932228299539e+01 7.049400913435268645e-01 2.125582184286700371e-01 -3.656279009995636042e-01 -4.687306412831908353e-02
4.281415932228299681e+01 6.681346313691179928e-01 2.084269367368737358e-01 -3.581328730939262739e-01 -3.635749457640857080e-02
4.291415932228299823e+01 6.342489554463678347e-01 2.051655183427450180e-01 -3.166545611412275862e-01 -2.946024108765445820e-02
4.301415932228299965e+01 6.068814028329535537e-01 2.024255820970505826e-01 -2.165170637535332454e-01 -2.580636528003715791e-02
4.311415932228300107e+01 5.924952322702142782e-01 1.999386269170484454e-01 -7.016131521595295184e-02 -2.409691835300298290e-02
4.321415932228300250e+01 5.922647554833395667e-01 1.976074928662458485e-01 5.675065481194582762e-02 -2.235725337834010285e-02
4.331415932228300392e+01 6.015931356278456654e-01 1.955251922887490112e-01 1.244499896925080618e-01 -1.891120344637247860e-02
4.341415932228300534e+01 6.174537138701433614e-01 1.939128902000540056e-01 1.927431538213787432e-01 -1.283459700258422070e-02
4.351415932228300676e+01 6.398391834734453720e-01 1.930693301954239938e-01 2.605621974039907252e-01 -3.434842307740127235e-03
4.361415932228300818e+01 6.707721410011757701e-01 1.933583047375828645e-01 3.487086223914843131e-01 9.947104686786837485e-03
4.371415932228300960e+01 7.054234115849393749e-01 1.952092826139905368e-01 3.321354825942837152e-01 2.777871227934104389e-02
4.381415932228301102e+01 7.378343800112980855e-01 1.990348348859057592e-01 3.196245652307378449e-01 4.923930133841107615e-02
4.391415932228301244e+01 7.677201768900902001e-01 2.051394317050415916e-01 2.656357942181171161e-01 7.313962657236874887e-02
4.401415932228301386e+01 7.892428510249246409e-01 2.136846393111244691e-01 1.595488583966370721e-01 9.767135899407974886e-02
4.411415932228301529e+01 7.997775897458275773e-01 2.246108692930802175e-01 5.846019963095414052e-02 1.203231741970264557e-01
4.421415932228301671e+01 8.017368611413281387e-01 2.376068477699839754e-01 -2.229147942737746968e-02 1.387184439219209531e-01
4.431415932228301813e+01 7.952034132311881498e-01 2.521466054375705590e-01 -1.022859385573100799e-01 1.508826972197303551e-01
4.441415932228301955e+01 7.826278402762818498e-01 2.675215529778855461e-01 -1.435023058670819585e-01 1.552220489548179205e-01
4.451415932228302097e+01 7.684065510105090313e-01 2.829044717399026299e-01 -1.290404147049898087e-01 1.510049436625506836e-01
4.461415932228302239e+01 7.581213777923735408e-01 2.974495538520788296e-01 -7.569905837742754717e-02 1.386274775214230148e-01
4.471415932228302381e+01 7.532932338610022205e-01 3.103997109392193088e-01 -2.063238406515447571e-02 1.193527579830688801e-01
4.481415932228302523e+01 7.541483480667180439e-01 3.211439685566729318e-01 3.930318168834526227e-02 9.480383489321847490e-02
4.491415932228302665e+01 7.607135687638340027e-01 3.292477051105282548e-01 8.389334563487335639e-02 6.686966423434378970e-02
4.501415932228302808e+01 7.696546739186022057e-01 3.344648452812509776e-01 9.589900669871659344e-02 3.732874882142188377e-02
4.511415932228302950e+01 7.802330099401614261e-01 3.367092944215939188e-01 1.092624647876128396e-01 7.667513249913514295e-03
4.521415932228303092e+01 7.892759828351508800e-01 3.360396160440993762e-01 6.687545072191991569e-02 -2.078917179608920709e-02
4.531415932228303234e+01 7.949468372456731657e-01 3.326150328469740236e-01 5.675522046735288761e-02 -4.732077766399540170e-02
4.541415932228303376e+01 8.015368713014681123e-01 3.266714123366199485e-01 7.583911781854323075e-02 -7.096574223118762292e-02
4.551415932228303518e+01 8.100012480155331929e-01 3.185596125188449590e-01 8.959068613989315533e-02 -9.048631443583038392e-02
4.561415932228303660e+01 8.182837876048751902e-01 3.087446288543397865e-01 7.116692100736793369e-02 -1.049165780019960387e-01
4.571415932228303802e+01 8.235855558459357351e-01 2.977580374245090145e-01 3.352657072622171330e-02 -1.139112442551044324e-01
4.581415932228303944e+01 8.250087721646586214e-01 2.861388646685241177e-01 -7.840996973647304524e-03 -1.176188455688164936e-01
4.591415932228304086e+01 8.205242448670466704e-01 2.743941503584691466e-01 -8.695689296590042305e-02 -1.165585696094709051e-01
4.601415932228304229e+01 8.079927856918325269e-01 2.629485367928997563e-01 -1.606037311222264785e-01 -1.118558208519732089e-01
4.611415932228304371e+01 7.890121214707549457e-01 2.521021472993629775e-01 -2.104213081046943934e-01 -1.047728827440609911e-01
4.621415932228304513e+01 7.679590930607561594e-01 2.420409209105389703e-01 -2.060557088703837414e-01 -9.625396447090803220e-02
4.631415932228304655e+01 7.481275753430468578e-01 2.328872293338015154e-01 -1.878766631457587932e-01 -8.665597577563809162e-02
4.641415932228304797e+01 7.303483724010741973e-01 2.247407470654272099e-01 -1.704284379259685955e-01 -7.612941812080908921e-02
4.651415932228304939e+01 7.144927603279572770e-01 2.176862575111462583e-01 -1.401448989330509320e-01 -6.484913583947576887e-02
4.661415932228305081e+01 7.033568348349771293e-01 2.117952999389625390e-01 -7.857805061783001976e-02 -5.282391735177038861e-02
4.671415932228305223e+01 6.990185952262075730e-01 2.071583754008417266e-01 -1.294115576398838230e-02 -3.969018876781210681e-02
4.681415932228305365e+01 6.990277175854495706e-01 2.039054467056994613e-01 2.168024283939721727e-03 -2.513852912033159165e-02
4.691415932228305508e+01 6.970658178047134390e-01 2.021642068036246798e-01 -4.654071905508455620e-02 -9.615770909351886372e-03
4.701415932228305650e+01 6.917780109159974433e-01 2.019738927581274657e-01 -4.317128940236723139e-02 5.686457587289604765e-03
4.711415932228305792e+01 6.893652990578142958e-01 2.032729207307189812e-01 -7.962669988287415790e-03 2.014390904408706190e-02
4.721415932228305934e+01 6.894849187371125954e-01 2.059696988487400016e-01 3.091562709026687145e-03 3.360361312627209440e-02
4.730959668443929189e+01 6.890325914212459546e-01 2.097391973771380314e-01 -9.245009130993181792e-03 4.512174983058581113e-02
4.740959668443929331e+01 6.879436303948140985e-01 2.147739631853030906e-01 -2.102191555503239717e-02 5.519153240869293514e-02
4.750959668443929473e+01 6.840881641242096967e-01 2.206881415420806070e-01 -4.673430149689046520e-02 6.257483717874760820e-02
4.760959668443929615e+01 6.799718141808835936e-01 2.271791728146347333e-01 -3.767123382310515189e-02 6.668892900623964171e-02
4.770959668443929758e+01 6.771540370637343376e-01 2.339142511721242768e-01 -7.987010884170898939e-03 6.746723755516539911e-02
4.780959668443929900e+01 6.790040405230679532e-01 2.405749391398656345e-01 3.854270857402695982e-02 6.532688599192798540e-02
4.790959668443930042e+01 6.842923725512897182e-01 2.469063251065189424e-01 7.133919753850781476e-02 6.098365902439313591e-02
4.800959668443930184e+01 6.941388080804966609e-01 2.527217709505018561e-01 1.267602157997597678e-01 5.515778884945691379e-02
4.810959668443930326e+01 7.098497741841085507e-01 2.579224786017918492e-01 1.915506135302897928e-01 4.887395697021380825e-02
4.820959668443930468e+01 7.330403093712063445e-01 2.625220184751635988e-01 2.673539016954691316e-01 4.336072965793117545e-02
4.830959668443930610e+01 7.610631246577034270e-01 2.666616011233021166e-01 2.841511339145246784e-01 3.982145373331860000e-02
4.840959668443930752e+01 7.898282695177279988e-01 2.705676090820018365e-01 2.967790103518160305e-01 3.871860285628215409e-02
4.850959668443930894e+01 8.207829938870472297e-01 2.744948220259091354e-01 3.127498562887939260e-01 4.030066151051069079e-02
4.860959668443931037e+01 8.485598492076396049e-01 2.787183973495138689e-01 2.273981265522981576e-01 4.454327413587868406e-02
4.870959668443931179e+01 8.659154753187993103e-01 2.834490052279025618e-01 1.221203379293532704e-01 5.014601581141316100e-02
4.880959668443931321e+01 8.719968653895029398e-01 2.887335542997881976e-01 -7.166777025258294631e-03 5.531217697192136740e-02
4.890959668443931463e+01 8.645982785953126859e-01 2.944284150387790899e-01 -1.337893437775629080e-01 5.799372466413701965e-02
4.900959668443931605e+01 8.472127901228867497e-01 3.001863843730500636e-01 -2.041964273070899505e-01 5.633193088954027705e-02
4.910959668443931747e+01 8.250363357011581966e-01 3.055174487613753209e-01 -2.332755645235863873e-01 4.937493638411134811e-02
4.920959668443931889e+01 8.021278754274707712e-01 3.098808749615041824e-01 -2.186159257901514053e-01 3.703350947469193771e-02
4.930959668443932031e+01 7.830030865771606674e-01 3.127687040089792703e-01 -1.476390287350577146e-01 2.006035664098928042e-02
4.940959668443932173e+01 7.754209436645387310e-01 3.137980101495648211e-01 -1.612296498306464709e-03 2.831380805915981180e-04
4.950959668443932316e+01 7.823423468941597125e-01 3.128264577505279198e-01 1.392816414882094289e-01 -1.946506080997320587e-02
4.960959668443932458e+01 8.014654332833288652e-01 3.100006265737765276e-01 2.274190841364754911e-01 -3.637497304193437753e-02
4.970959668443932600e+01 8.261952301380962593e-01 3.057126381769398882e-01 2.640169481186650513e-01 -4.847837426971050162e-02
4.980959668443932742e+01 8.524607727500477239e-01 3.004998281684426176e-01 2.514365589333181217e-01 -5.477048262604453793e-02
4.990959668443932884e+01 8.756916247900361494e-01 2.949563416542888006e-01 2.098631366637224438e-01 -5.514745798781010844e-02
5.000959668443933026e+01 8.936311884291594509e-01 2.896478814843740923e-01 1.463968023059815937e-01 -5.021772584755031243e-02
5.010959668443933168e+01 9.029829143748646647e-01 2.850513962558596237e-01 2.333035868688708436e-02 -4.116564957592985796e-02
5.020959668443933310e+01 8.970980519962056254e-01 2.814806596690079821e-01 -1.327545381716283557e-01 -3.015465670436379836e-02
5.030959668443933452e+01 8.778200552265130741e-01 2.789978084286120485e-01 -2.497160836036588227e-01 -1.980357992847832024e-02
5.040959668443933595e+01 8.487332343570898052e-01 2.774268416018265127e-01 -3.202405065872144796e-01 -1.221829848496567249e-02
5.050959668443933737e+01 8.161294947471556815e-01 2.764177485832134407e-01 -3.186136301242014079e-01 -8.685647696818706368e-03
5.060959668443933879e+01 7.871724296262859744e-01 2.755501602908651537e-01 -2.547790738868404015e-01 -9.302771455242149143e-03
5.070959668443934021e+01 7.666973187312002835e-01 2.744494974236121876e-01 -1.448061069337397422e-01 -1.312377236616990919e-02
5.080959668443934163e+01 7.587779324126007197e-01 2.728760870092138413e-01 -1.640215510688794454e-02 -1.841476547321884913e-02
5.090959668443934305e+01 7.630200920685360488e-01 2.707860447192311781e-01 9.606824012652227796e-02 -2.312676114581627834e-02
5.100959668443934447e+01 7.763030686268437286e-01 2.683294688964927843e-01 1.656290631104312128e-01 -2.550405519787378450e-02
5.110959668443934589e+01 7.954601666068309429e-01 2.658015441355960906e-01 2.058123952240985821e-01 -2.440688358495320121e-02
5.120959668443934731e+01 8.150817371869742978e-01 2.635797682934635233e-01 1.818387869264032342e-01 -1.939890273620816299e-02
5.130959668443934873e+01 8.301454518589174159e-01 2.620348766906576699e-01 1.038352632412857801e-01 -1.102731350252192204e-02
5.140959668443935016e+01 8.346983841395677617e-01 2.614372427635130447e-01 -3.862807331668882682e-03 -7.850332486466458926e-04
5.150959668443935158e+01 8.311384289354372124e-01 2.618771232305455166e-01 -6.547151128057464298e-02 9.459020209693573544e-03
5.160959668443935300e+01 8.214258918639341100e-01 2.632827481065781461e-01 -1.288451397673816001e-01 1.831330464564291660e-02
5.170959668443935442e+01 8.062993913694282977e-01 2.654514620433235939e-01 -1.645921534018627841e-01 2.453538632144577208e-02
5.180959668443935584e+01 7.892855521164674482e-01 2.680760683047321846e-01 -1.795636016359417331e-01 2.735962283690499333e-02
5.190959668443935726e+01 7.701181139476317439e-01 2.707976302731510132e-01 -2.002324625949930548e-01 2.641318814451777339e-02
5.200959668443935868e+01 7.495342646528376784e-01 2.732249960535142463e-01 -2.091753711259473902e-01 2.146527663173212336e-02
5.210959668443936010e+01 7.309222830982724517e-01 2.749620672461227655e-01 -1.445349799837995497e-01 1.270359606046516862e-02
5.220959668443936152e+01 7.221167305412382609e-01 2.756807922650694187e-01 -3.305505638888706077e-02 1.417677322769862053e-03
5.230959668443936295e+01 7.247426123638972539e-01 2.752298882384716650e-01 8.989639319227853143e-02 -1.033161717406170556e-02
5.240959668443936437e+01 7.397123082519874160e-01 2.736740690830419820e-01 2.038813192248133399e-01 -2.030135800318681738e-02
5.250959668443936579e+01 7.652338115763247517e-01 2.712980648728927080e-01 3.070964709933974857e-01 -2.642606847928117425e-02
5.260959668443936721e+01 8.001542533118601863e-01 2.685748324050354907e-01 3.828015544785812185e-01 -2.699384536012948074e-02
5.270959668443936863e+01 8.407580743772571363e-01 2.661219036119439885e-01 4.250218485263863588e-01 -2.090714811948732321e-02
5.280959668443937005e+01 8.826971815415485256e-01 2.646258942799015190e-01 3.956186646373116012e-01 -7.892082938704339870e-03
5.290959668443937147e+01 9.177142230489699903e-01 2.647422940596522167e-01 3.036870460792508997e-01 1.104900238542127176e-02
5.300959668443937289e+01 9.431087570154575994e-01 2.669645212766205700e-01 1.963175399309959046e-01 3.384356989824219286e-02
5.310959668443937431e+01 9.555901865794883543e-01 2.715542513349686327e-01 5.573947349967353637e-02 5.791420582628087343e-02
5.320959668443937574e+01 9.561941666624905745e-01 2.784918871705626686e-01 -3.742034218673456758e-02 8.035042957517014861e-02
5.330959668443937716e+01 9.473668207433145749e-01 2.874904001653650343e-01 -1.449428820179440858e-01 9.876196020353697480e-02
5.340959668443937858e+01 9.272237098349068729e-01 2.980332956508107700e-01 -2.547668342516101747e-01 1.108537554814213733e-01
5.350959668443938000e+01 8.975370950142446125e-01 3.093813599580166884e-01 -3.282126043463955423e-01 1.145797335803024203e-01
5.360959668443938142e+01 8.630834545780980971e-01 3.206303372782515204e-01 -3.638353341028458532e-01 1.087723490517339686e-01
5.370959668443938284e+01 8.244024501212894318e-01 3.308065368942019191e-01 -3.990126036191473657e-01 9.309586030605793150e-02
5.380959668443938426e+01 7.864532745240682132e-01 3.389295364231810770e-01 -3.513733039844837425e-01 6.787920603277866616e-02
5.390959668443938568e+01 7.547348850680843935e-01 3.441196024404330478e-01 -2.768756808757998344e-01 3.479914762013098378e-02
5.400959668443938710e+01 7.332207881972793162e-01 3.457112777818109328e-01 -1.419322764234786927e-01 -3.584140090832702019e-03
5.410959668443938853e+01 7.282368161655605743e-01 3.433445603543653912e-01 4.820697754212810437e-02 -4.368407594981933706e-02
5.420959668443938995e+01 7.428152606401478009e-01 3.370633996508150543e-01 2.364515730638161173e-01 -8.112059993574780026e-02
5.430959668443939137e+01 7.732735319672267016e-01 3.273505463582577768e-01 3.607166739009967094e-01 -1.116955311326732203e-01
5.440959668443939279e+01 8.129077575073597739e-01 3.150565372783830087e-01 4.195694404348980222e-01 -1.323462035847448592e-01
5.450959668443939421e+01 8.537180445287489983e-01 3.012682778561135977e-01 3.814106405333624883e-01 -1.414539169916070038e-01
5.460959668443939563e+01 8.878841773328205456e-01 2.871475317314496900e-01 2.970222990777905414e-01 -1.391424067066288350e-01
5.470959668443939705e+01 9.110035166544155905e-01 2.737756852048398581e-01 1.552665318350024692e-01 -1.267999245220749194e-01
5.480959668443939847e+01 9.181155740030412238e-01 2.620378014320185467e-01 -1.577693263950277758e-02 -1.069719157693288930e-01
5.490959668443939989e+01 9.071699397452838154e-01 2.525204865851317648e-01 -2.035221285912215683e-01 -8.298477555782121651e-02
5.500959668443940132e+01 8.781349862979533905e-01 2.454566342913022947e-01 -3.702117791130210556e-01 -5.851421431445726767e-02
5.510959668443940274e+01 8.355906540715891673e-01 2.407204079708098743e-01 -4.646226391872113615e-01 -3.692110318853186746e-02
5.520959668443940416e+01 7.882443642683265583e-01 2.379008354919152080e-01 -4.681459314063213806e-01 -2.042515084194966232e-02
5.530959668443940558e+01 7.438816442847064891e-01 2.364393952242605790e-01 -4.183515295881690133e-01 -9.773778817987136686e-03
5.540959668443940700e+01 7.042430652933289181e-01 2.357576442266652861e-01 -3.708865453374314836e-01 -4.771911004275108253e-03
5.550959668443940842e+01 6.707728825867407263e-01 2.353141828174088734e-01 -2.954711687142470566e-01 -4.871968949163539390e-03
5.560959668443940984e+01 6.463350758851708067e-01 2.346494995550678364e-01 -1.846785134330384825e-01 -8.961239676174462959e-03
5.570959668443941126e+01 6.341623158368403512e-01 2.334473335707201447e-01 -6.269751727922384665e-02 -1.528135920130816935e-02
5.580959668443941268e+01 6.335458096530708350e-01 2.315860591778038102e-01 4.774021823948344789e-02 -2.181914434647487869e-02
5.590959668443941410e+01 6.416127568265568293e-01 2.291369355653334328e-01 1.003225808068473890e-01 -2.678723245924637120e-02
5.600959668443941553e+01 6.510929193070729148e-01 2.263132941512943641e-01 7.603081592090826790e-02 -2.925404683803500827e-02
5.610959668443941695e+01 6.559250991696053967e-01 2.233626854544387696e-01 2.949050998674826451e-02 -2.943855954953402548e-02
5.620959668443941837e+01 6.586451691278288889e-01 2.204823810050848265e-01 2.485604525323640429e-02 -2.789854209837256543e-02
5.630959668443941979e+01 6.606650519056737059e-01 2.178339143255357824e-01 1.265421708985244552e-02 -2.483634528765743185e-02
5.640959668443942121e+01 6.588187390163993129e-01 2.155535990116444756e-01 -5.984468760542025617e-02 -2.065563644125533241e-02
5.650959668443942263e+01 6.499845551206091532e-01 2.137030575860264237e-01 -1.038135518820220704e-01 -1.644636573653775538e-02
5.660959668443942405e+01 6.388321542977427603e-01 2.122372892888485241e-01 -1.160790244690470263e-01 -1.303724316359211079e-02
5.670959668443942547e+01 6.288383976604491332e-01 2.110596729668060278e-01 -7.666635719861107645e-02 -1.067429270852194613e-02
5.680959668443942689e+01 6.228426993959289559e-01 2.100802052970623390e-01 -4.929350819383230414e-02 -8.987983464723143384e-03
5.690959668443942832e+01 6.186175892752321381e-01 2.092507779672393431e-01 -3.274319446385837856e-02 -7.644183292618220160e-03
5.700959668443942974e+01 6.174922903937499763e-01 2.085475833927362688e-01 1.588025318440092898e-02 -6.396303205993554564e-03
5.710959668443943116e+01 6.221750013116261746e-01 2.079890052766655562e-01 7.927513040162104119e-02 -4.619363211957053933e-03
5.720959668443943258e+01 6.334987355726315883e-01 2.076693501830427224e-01 1.440850043681276282e-01 -1.472878065356422479e-03
5.730959668443943400e+01 6.506342010224587247e-01 2.077662321140373858e-01 1.994588320643870538e-01 3.819721467044228259e-03
5.740959668443943542e+01 6.718101679644196134e-01 2.085232135695841982e-01 2.091738032592078689e-01 1.178243699922555676e-02
5.750959668443943684e+01 6.917621936114691783e-01 2.102059887667054594e-01 1.960252219944151331e-01 2.223126378886294136e-02
5.760959668443943826e+01 7.104615361303964205e-01 2.130316741482171927e-01 1.690788093544025317e-01 3.453418951998049602e-02
5.770959668443943968e+01 7.257863383455278594e-01 2.171450032148221909e-01 1.455784638668891628e-01 4.780566908588356617e-02
5.780959668443944111e+01 7.406360018549532631e-01 2.225958428107764620e-01 1.551085507247532691e-01 6.118229291055997388e-02
5.790959668443944253e+01 7.565535110094506743e-01 2.293697002641506832e-01 1.520341851798720501e-01 7.420190255666433976e-02
5.800959668443944395e+01 7.688245825832310532e-01 2.374022985756161497e-01 9.122062764793965883e-02 8.617385478991042291e-02
5.810959668443944537e+01 7.755055733222945280e-01 2.465265962958374246e-01 4.854403042836154952e-02 9.582358774862854978e-02
5.820959668443944679e+01 7.806911899794418686e-01 2.564566783310209819e-01 6.614761924845349861e-02 1.021989730232694404e-01
5.830959668443944821e+01 7.888983599843818473e-01 2.668547295479586356e-01 9.059923535720389165e-02 1.052298954076159726e-01
5.840959668443944963e+01 7.974161948638784914e-01 2.773971539851448620e-01 7.615718418007130786e-02 1.050808279789661875e-01
5.850959668443945105e+01 8.043721576518733096e-01 2.877598760685846080e-01 6.630751653084504538e-02 1.016097506991436722e-01
5.860959668443945247e+01 8.110778057356180515e-01 2.976084827749401751e-01 7.278867243585361579e-02 9.483060494433118159e-02
5.870959668443945390e+01 8.202746434613262805e-01 3.066296672556669267e-01 1.067646408045079542e-01 8.518417851481571712e-02
5.880959668443945532e+01 8.292897285079220415e-01 3.145747087818156484e-01 6.580224244669222178e-02 7.337695879376608665e-02
5.890959668443945674e+01 8.348790015788728480e-01 3.212351753315919600e-01 5.101184448134243182e-02 5.949817865117518201e-02
5.900959668443945816e+01 8.385276085515800393e-01 3.264146696738993714e-01 2.171478322061635644e-02 4.381690565349534439e-02
5.910959668443945958e+01 8.411106431463902799e-01 3.299496727910017912e-01 3.673886499896993757e-02 2.669912135514297333e-02
5.920959668443946100e+01 8.452953592676473171e-01 3.317351171661688802e-01 4.171130185645658545e-02 8.991331100655086672e-03
5.930959668443946242e+01 8.496398828608806575e-01 3.317564143033572277e-01 5.073581559028316618e-02 -8.458706689184022215e-03
5.940959668443946384e+01 8.559108031984620224e-01 3.300812002947893231e-01 7.279235717839122044e-02 -2.476938273645217306e-02
5.950959668443946526e+01 8.647469606202378145e-01 3.268739246184462210e-01 1.118419848230553793e-01 -3.893276011006174125e-02
5.960959668443946669e+01 8.779453056854881199e-01 3.224044369666799192e-01 1.379626910531683293e-01 -4.981352569563780863e-02
5.970959668443946811e+01 8.897669335739697427e-01 3.170462297474677116e-01 9.031476020012488282e-02 -5.668595063452940702e-02
5.980959668443946953e+01 8.945988606576734670e-01 3.111888712419106362e-01 5.439381206417834291e-03 -5.993470187219732820e-02
5.990959668443947095e+01 8.924783035976769918e-01 3.051469928454325631e-01 -4.243723964258815096e-02 -6.053244912893711305e-02
6.000000000000000000e+01 8.862283842123711564e-01 2.997150857732056028e-01 -9.861750342707423234e-02 -5.943079410571008858e-02
