time[s] x1[m] x2[m] x1_dot[m/s] x2_dot[m/s]
0.000000000000000000e+00 0.000000000000000000e+00 0.000000000000000000e+00 0.000000000000000000e+00 0.000000000000000000e+00
9.999999999999999124e-05 5.466884770448250907e-08 6.570217427499046826e-15 1.093342315388003442e-03 1.977645420163491171e-10
1.100000000000000066e-03 6.610734817086556246e-06 9.620440079307708833e-12 1.201531762543994915e-02 2.711270161084306744e-08
1.110000000000000049e-02 6.688255968824847976e-04 1.884170893728611481e-08 1.200727386319590667e-01 5.984424685780200681e-06
6.256316125243670256e-02 2.050247696371190406e-02 1.141257623751317734e-05 6.403025907570681907e-01 6.998923490065286739e-04
1.625631612524366942e-01 1.276229931778225801e-01 4.539742263505450789e-04 1.457809609076813562e+00 1.077130075537036276e-02
2.625631612524367275e-01 3.018992698910211714e-01 2.853922960191004887e-03 1.967030499015311795e+00 4.131584067236745983e-02
3.625631612524367053e-01 5.095413014916047034e-01 9.601686563735115781e-03 2.142670091458775072e+00 9.819643442884559703e-02
4.625631612524366831e-01 7.235889266991301083e-01 2.338193531894441901e-02 2.102724023608270265e+00 1.816029870368732202e-01
5.625631612524366609e-01 9.217891546922976076e-01 4.666927978516374753e-02 1.815402862720156607e+00 2.872661505367082313e-01
6.625631612524366387e-01 1.078931460881282556e+00 8.129089370795428149e-02 1.309867820356917179e+00 4.064709145832139936e-01
7.625631612524366165e-01 1.184578498687090420e+00 1.280127369816858873e-01 8.123922056510962664e-01 5.271630407377352334e-01
8.625631612524365943e-01 1.242767685019740220e+00 1.863632986891283205e-01 3.652131357372874754e-01 6.370810008951591774e-01
9.625631612524365721e-01 1.261221944535960038e+00 2.547019180824950935e-01 1.807559017175558447e-02 7.252693005654804459e-01
1.062563161252436661e+00 1.250380378494431399e+00 3.304008364338473225e-01 -2.038062934767764234e-01 7.830680220999430841e-01
1.162563161252436750e+00 1.226535323528797461e+00 4.101159614716303192e-01 -2.446348513227294408e-01 8.050171789739942740e-01
1.262563161252436839e+00 1.208067793180390259e+00 4.901586498667354075e-01 -9.818979533022373363e-02 7.897455745792461013e-01
1.362563161252436927e+00 1.207825974075986020e+00 5.669102715914060564e-01 8.859341184339716846e-02 7.398898271237538404e-01
1.462563161252437016e+00 1.226058020547317051e+00 6.371436257919054214e-01 2.753184771735790459e-01 6.602920868331535464e-01
1.562563161252437105e+00 1.261273078667546121e+00 6.981772304178617272e-01 4.220013408475494776e-01 5.569606369523245615e-01
1.662563161252437194e+00 1.309562792429039169e+00 7.479618953620809085e-01 5.364815596796035368e-01 4.364260045047841374e-01
1.762563161252437283e+00 1.367141294250882488e+00 7.851131033375903234e-01 6.113528200157476444e-01 3.054067058091463616e-01
1.862563161252437371e+00 1.430821243299190471e+00 8.089148773343075582e-01 6.538013541652786254e-01 1.705277636480451442e-01
1.962563161252437460e+00 1.495734622157425697e+00 8.192992558549720972e-01 6.297471417222594292e-01 3.803233625137886209e-02
2.062563161252437549e+00 1.553415813316582739e+00 8.167745492746307789e-01 5.098043435493652131e-01 -8.692577634111130214e-02
2.162563161252437638e+00 1.595302585126198158e+00 8.022847284401182222e-01 3.147353857480081896e-01 -2.008151127438260741e-01
2.262563161252437727e+00 1.614253495024646545e+00 7.770468822661715791e-01 6.025055258778561074e-02 -3.016922175885854984e-01
2.362563161252437816e+00 1.607358382307714217e+00 7.424015037103537384e-01 -1.968004054509284728e-01 -3.889320496515453751e-01
2.462563161252437904e+00 1.575199590973554775e+00 6.997139949711830287e-01 -4.442871372627666959e-01 -4.625813837088333380e-01
2.562563161252437993e+00 1.520557010632703543e+00 6.503237413077566087e-01 -6.262357038740778981e-01 -5.230630988628628408e-01
2.662563161252438082e+00 1.453835023171596630e+00 5.955396309737944760e-01 -7.040254839818528287e-01 -5.703613993301682727e-01
2.762563161252438171e+00 1.379538915969053203e+00 5.367150037824777176e-01 -7.760888960875699238e-01 -6.037758635357193260e-01
2.862563161252438260e+00 1.300194465669672006e+00 4.752616281792684250e-01 -8.075944405258811409e-01 -6.228726342921524495e-01
2.962563161252438348e+00 1.218937881724161620e+00 4.126282255774695873e-01 -8.072413515905656478e-01 -6.273434876162864438e-01
3.062563161252438437e+00 1.140989810538193927e+00 3.502882265990562849e-01 -7.433611283291965410e-01 -6.169441255133975011e-01
3.162563161252438526e+00 1.070566110843136798e+00 2.897492519815220713e-01 -6.715068138261304220e-01 -5.912671341730132424e-01
3.262563161252438615e+00 1.005760062377923036e+00 2.325410801482374612e-01 -6.210418359003069266e-01 -5.504353900905085695e-01
3.362563161252438704e+00 9.468789741957799322e-01 1.801361390385171346e-01 -5.627622288396243455e-01 -4.953977562326757345e-01
3.462563161252438793e+00 8.921008636577625328e-01 1.338836684002401856e-01 -5.291378881133137480e-01 -4.277287859152776317e-01
3.562563161252438881e+00 8.421774010502692809e-01 9.493513511372481117e-02 -4.708207865442448625e-01 -3.497161784828387021e-01
3.662563161252438970e+00 7.966897994039598974e-01 6.420088525193151652e-02 -4.408244899359045621e-01 -2.639188595814920824e-01
3.762563161252439059e+00 7.558883012068171592e-01 4.230779629932113206e-02 -3.595618330854711275e-01 -1.734067960474701686e-01
3.862563161252439148e+00 7.261668120033936136e-01 2.958811927459562702e-02 -2.400571009401569755e-01 -8.082172306444446175e-02
3.962563161252439237e+00 7.062245666196953486e-01 2.613674034538436899e-02 -1.646532815052296206e-01 1.153866982651478856e-02
4.062563161252438881e+00 6.928932412850044020e-01 3.179625637689384443e-02 -9.832034226924152298e-02 1.009109761017755874e-01
4.162563161252438526e+00 6.876057312301991908e-01 4.612720962045421813e-02 -8.103481497819489676e-03 1.845539801846078354e-01
4.262563161252438171e+00 6.898805220741993649e-01 6.843927788667443501e-02 4.850035717807563151e-02 2.601543731571546725e-01
4.362563161252437816e+00 6.976369992456581404e-01 9.781288870977408734e-02 1.115973696371142104e-01 3.254191351600808080e-01
4.462563161252437460e+00 7.127296602928517855e-01 1.331174788737573833e-01 1.867381079724453885e-01 3.785387727882181252e-01
4.562563161252437105e+00 7.330794687489129435e-01 1.730747810569064904e-01 2.144810238943617442e-01 4.182739036578830838e-01
4.662563161252436750e+00 7.575081351185652956e-01 2.162874800044965184e-01 2.904355828489194047e-01 4.435149689662672978e-01
4.762563161252436394e+00 7.917802485468110607e-01 2.612945232650705774e-01 3.857220708379522356e-01 4.542853924215066730e-01
4.862563161252436039e+00 8.336952971096297516e-01 3.066912035828178729e-01 4.566333922298055903e-01 4.514623319511397170e-01
4.962563161252435684e+00 8.836546680649954855e-01 3.511739514302383847e-01 5.367079410352399993e-01 4.362726602901944029e-01
5.062563161252435329e+00 9.392209109118466737e-01 3.935908353029389795e-01 5.718751574571454555e-01 4.104255043514767332e-01
5.162563161252434973e+00 9.987243903442769577e-01 4.329600718649495583e-01 6.178050268662309552e-01 3.756320221343084076e-01
5.262563161252434618e+00 1.061255933533812312e+00 4.684876789610403214e-01 6.251162753209640321e-01 3.339387951335053839e-01
5.362563161252434263e+00 1.122300848770062309e+00 4.995805573836229474e-01 5.848169512518667235e-01 2.872137335329117414e-01
5.462563161252433908e+00 1.176663300067089191e+00 5.258087044080212991e-01 5.031184435598128335e-01 2.368204715055015341e-01
5.562563161252433552e+00 1.222925104277406527e+00 5.468558401263915458e-01 4.165453205961335836e-01 1.837659844248362706e-01
5.662563161252433197e+00 1.259590127662650660e+00 5.625053784967511961e-01 3.216082502997492099e-01 1.290134275363999383e-01
5.762563161252432842e+00 1.287558807863311117e+00 5.726341012866734692e-01 2.336693745478404249e-01 7.353267866606993941e-02
5.862563161252432486e+00 1.306208961554392145e+00 5.772225459007914727e-01 1.462564874402095261e-01 1.836985200949260016e-02
5.962563161252432131e+00 1.318606720121660247e+00 5.763561627063560344e-01 1.054019656620656387e-01 -3.532687117373011637e-02
6.062563161252431776e+00 1.326346881940783318e+00 5.702588680076231542e-01 4.444201185881542504e-02 -8.599107068438457957e-02
6.162563161252431421e+00 1.328015942838841168e+00 5.593026063609636278e-01 -9.611643466839354943e-03 -1.323136247488035655e-01
6.262563161252431065e+00 1.322970610401109859e+00 5.439777044162765751e-01 -9.522705034696538062e-02 -1.732187588780559895e-01
6.362563161252430710e+00 1.310001715210134643e+00 5.248587208217345701e-01 -1.666959941962666281e-01 -2.081213703971708795e-01
6.462563161252430355e+00 1.286358785327735621e+00 5.025633224615118078e-01 -3.161046358961809855e-01 -2.367844122538594054e-01
6.562563161252430000e+00 1.248008422678774654e+00 4.776832722429096290e-01 -4.453681523490186089e-01 -2.599931891216561430e-01
6.662563161252429644e+00 1.196554761655502785e+00 4.507142737086286544e-01 -5.831189479068918935e-01 -2.787324608516028035e-01
6.762563161252429289e+00 1.133742176306953287e+00 4.220489850102264739e-01 -6.594134732306313751e-01 -2.940752329462294479e-01
6.862563161252428934e+00 1.066427889120215688e+00 3.919961750266680034e-01 -6.794066394143480903e-01 -3.064891454336386989e-01
6.962563161252428579e+00 9.996314718609893291e-01 3.608564599647168247e-01 -6.471764980428434955e-01 -3.157223567482494442e-01
7.062563161252428223e+00 9.383345852178291979e-01 3.289857694025625223e-01 -5.782048853546620792e-01 -3.209204715216757986e-01
7.162563161252427868e+00 8.831709936500620195e-01 2.968450286679423789e-01 -5.257419345491446405e-01 -3.209574648289972854e-01
7.262563161252427513e+00 8.348118557460955103e-01 2.649942668243137622e-01 -4.332301945116291408e-01 -3.149789100996161495e-01
7.362563161252427157e+00 7.957340413869219420e-01 2.340834248985895760e-01 -3.577749525906830375e-01 -3.019975176593640009e-01
7.462563161252426802e+00 7.631091704383521357e-01 2.048470531065315625e-01 -2.914823904426296353e-01 -2.814586896805546523e-01
7.562563161252426447e+00 7.366282425332861816e-01 1.780459702355691454e-01 -2.423038686913904227e-01 -2.533144570568747755e-01
7.662563161252426092e+00 7.157161264540886636e-01 1.544239119922477255e-01 -1.725034833448790828e-01 -2.179716518150300320e-01
7.762563161252425736e+00 7.004941095766966663e-01 1.346724688906135170e-01 -1.366328672126116972e-01 -1.760376664440164163e-01
7.862563161252425381e+00 6.900834325639332301e-01 1.193982200545607025e-01 -6.635324738035032477e-02 -1.286305528457834246e-01
7.962563161252425026e+00 6.853019074837063407e-01 1.090920220681342728e-01 -4.076268556402774801e-02 -7.688940649965013419e-02
8.062563161252425559e+00 6.810405922983001625e-01 1.041058310833392064e-01 -4.566294161915985389e-02 -2.259861381601412089e-02
8.162563161252425203e+00 6.774977610124932603e-01 1.045804628682183574e-01 -1.091871967661295351e-02 3.195640207384452258e-02
8.262563161252424848e+00 6.793478579140076468e-01 1.104454433992645424e-01 3.543530027282496692e-02 8.496830912044005257e-02
8.362563161252424493e+00 6.831418443752506064e-01 1.214682239977099010e-01 4.235271230004819532e-02 1.347882685861050978e-01
8.462563161252424138e+00 6.875972276438501174e-01 1.372314732929207914e-01 4.348387308386549716e-02 1.794627029250484562e-01
8.562563161252423782e+00 6.925066929062979604e-01 1.571277580479314429e-01 6.212398625535260621e-02 2.171673978276425498e-01
8.662563161252423427e+00 7.012830603615040070e-01 1.803890074240517838e-01 1.198495884001878758e-01 2.466230570349894347e-01
8.762563161252423072e+00 7.171722425711902771e-01 2.061633217729228196e-01 1.960546218662234663e-01 2.674291881789327974e-01
8.862563161252422717e+00 7.402115739150691986e-01 2.335928627420189307e-01 2.658126578971417575e-01 2.797841141150858579e-01
8.962563161252422361e+00 7.703666053744149256e-01 2.618550923417830023e-01 3.373163142950281745e-01 2.841991483679340291e-01
9.062563161252422006e+00 8.074165214693489467e-01 2.901962632120967944e-01 3.949120240127906856e-01 2.815271684263228047e-01
9.162563161252421651e+00 8.465137287978242719e-01 3.179531581750413283e-01 3.760462145286494473e-01 2.726018756995368664e-01
9.262563161252421295e+00 8.813094279945601350e-01 3.445136325464599469e-01 3.146418081856950377e-01 2.575766951732703647e-01
9.362563161252420940e+00 9.095961796779269415e-01 3.692580078627780704e-01 2.578409330431454816e-01 2.362484848274704619e-01
9.462563161252420585e+00 9.333066644567318271e-01 3.915562128666545405e-01 2.147683979478735017e-01 2.087208623057071888e-01
9.562563161252420230e+00 9.534959280984726115e-01 4.108138457394244769e-01 1.969311215046523900e-01 1.755656859034772088e-01
9.662563161252419874e+00 9.732374439145108358e-01 4.265192490364771993e-01 1.997051057587650724e-01 1.379208712041780083e-01
9.762563161252419519e+00 9.940138555733587511e-01 4.383028907103218019e-01 2.128135615325341679e-01 9.743458685537742525e-02
9.862563161252419164e+00 1.014781350913180447e+00 4.459727082409586929e-01 2.055406628893732546e-01 5.593184966818892656e-02
9.962563161252418809e+00 1.036307250809416214e+00 4.495129931879812690e-01 2.210863388911392668e-01 1.515680324265250567e-02
1.006256316125241845e+01 1.056509805450843498e+00 4.490891216844565270e-01 1.738334922183006337e-01 -2.310640398878646001e-02
1.016256316125241810e+01 1.071038298914438469e+00 4.450093244066732900e-01 1.183543845752131202e-01 -5.784584711904074139e-02
1.026256316125241774e+01 1.078911961494715355e+00 4.376583132716245772e-01 2.844500591399369560e-02 -8.845981062292890273e-02
1.036256316125241739e+01 1.075961891180211571e+00 4.274551407819638937e-01 -8.627845786004975648e-02 -1.149564205740469386e-01
1.046256316125241703e+01 1.061131474277792197e+00 4.147864776115629537e-01 -2.118988540818880495e-01 -1.378828028166606823e-01
1.056256316125241668e+01 1.035378354122562961e+00 3.999715549911165846e-01 -2.912616975776367578e-01 -1.579970192853060729e-01
1.066256316125241632e+01 1.003957214501212336e+00 3.832696845602497349e-01 -3.298309799231662343e-01 -1.756216403162639272e-01
1.076256316125241597e+01 9.718423223998857718e-01 3.649379662593928986e-01 -3.077128930121418304e-01 -1.904926389495792405e-01
1.086256316125241561e+01 9.416712169065892812e-01 3.452908212367636898e-01 -2.974343059955548707e-01 -2.017901742340639237e-01
1.096256316125241526e+01 9.121114908463703319e-01 3.247207899620908056e-01 -2.972894434288186893e-01 -2.088708958672979010e-01
1.106256316125241490e+01 8.833715789479394953e-01 3.036683030935536931e-01 -2.652045814311198013e-01 -2.113904591260689081e-01
1.116256316125241455e+01 8.581587195738867857e-01 2.826119513814872031e-01 -2.559408251446076976e-01 -2.088549268098021661e-01
1.126256316125241419e+01 8.320469005556070385e-01 2.620672500801982108e-01 -2.530887844978544909e-01 -2.012275713886066408e-01
1.136256316125241383e+01 8.080158196488997913e-01 2.425276490873561064e-01 -2.351217254685064595e-01 -1.887661118150682493e-01
1.146256316125241348e+01 7.846805089745730877e-01 2.244653346636867608e-01 -2.276558375969592873e-01 -1.717752196801599351e-01
1.156256316125241312e+01 7.637519134021063527e-01 2.083047095394653658e-01 -1.800242232209670334e-01 -1.508083669667427962e-01
1.166256316125241277e+01 7.503120087543232453e-01 1.944302474063435981e-01 -9.153344010458683289e-02 -1.260266165616932832e-01
1.176256316125241241e+01 7.437631040465527699e-01 1.832306940180853105e-01 -4.436729938890034836e-02 -9.733526037944097153e-02
1.186256316125241206e+01 7.417614588708760781e-01 1.750781730927703506e-01 7.733990744549654184e-03 -6.519405592426644191e-02
1.196256316125241170e+01 7.443804461831662334e-01 1.702857216189928580e-01 3.126912927425350847e-02 -3.025642291135819534e-02
1.206256316125241135e+01 7.463132282400012363e-01 1.690813804321480707e-01 8.519862082703236195e-03 6.290169717122373605e-03
1.216256316125241099e+01 7.457860397658661045e-01 1.715368711954314285e-01 -2.647841927498031933e-02 4.262526917529558396e-02
1.226256316125241064e+01 7.409925807736823522e-01 1.775313853489244587e-01 -6.153631782585870791e-02 7.671263961200128212e-02
1.236256316125241028e+01 7.335536214974617275e-01 1.867399569920156210e-01 -9.343213615106789327e-02 1.066220939438105170e-01
1.246256316125240993e+01 7.230586199767230493e-01 1.986594423828487443e-01 -1.020339039260015207e-01 1.306616715158159525e-01
1.256256316125240957e+01 7.151216822739110412e-01 2.126400797615118909e-01 -5.786729650657437135e-02 1.477713668683262316e-01
1.266256316125240922e+01 7.101661448763741946e-01 2.279762948624346475e-01 -4.278533839897135510e-02 1.577499461905678413e-01
1.276256316125240886e+01 7.089300645095375497e-01 2.439493769761264808e-01 3.450310238400782631e-02 1.605534961456612231e-01
1.286256316125240851e+01 7.178948601506719429e-01 2.598794421162918256e-01 1.409386900594587766e-01 1.571496069437668952e-01
1.296256316125240815e+01 7.371337977128229468e-01 2.752277283831456867e-01 2.435798487827572911e-01 1.492063769529702322e-01
1.306256316125240780e+01 7.653586066359212570e-01 2.896287896231926062e-01 3.133323835797039991e-01 1.384904308547234841e-01
1.316256316125240744e+01 7.981106852514260330e-01 3.028820404119241250e-01 3.309926473680286918e-01 1.264391181212262683e-01
1.326256316125240708e+01 8.310471980347929888e-01 3.148986042398007612e-01 3.334040725147699447e-01 1.138420009021220841e-01
1.336256316125240673e+01 8.636905080846334348e-01 3.256509749947040233e-01 3.030131520973256554e-01 1.012431978646356756e-01
1.346256316125240637e+01 8.902447496986415354e-01 3.351498993443631225e-01 2.274158536104464168e-01 8.870504096052048149e-02
1.356256316125240602e+01 9.070879360425534443e-01 3.433746533024423231e-01 9.895398679798503294e-02 7.561625486030199017e-02
1.366256316125240566e+01 9.114115053105424913e-01 3.502148392083559991e-01 1.943204799368714042e-03 6.080242663751046772e-02
1.376256316125240531e+01 9.090651594284118175e-01 3.554514720230786406e-01 -4.003351515310984293e-02 4.350357545783124780e-02
1.386256316125240495e+01 9.057572864110878808e-01 3.588377244349711948e-01 -2.113116979811414595e-02 2.390712926263755672e-02
1.396256316125240460e+01 9.049713365822511513e-01 3.601902297010370901e-01 9.363579645675693813e-03 3.034072942601852979e-03
1.406256316125240424e+01 9.077790627867113882e-01 3.594464599679094707e-01 3.968023288872665755e-02 -1.777988894808930909e-02
1.416256316125240389e+01 9.112839307125195631e-01 3.566782780041926615e-01 2.242143927712514362e-02 -3.729822472019749674e-02
1.426256316125240353e+01 9.101164044818769172e-01 3.520487837252923580e-01 -5.375542724704965303e-02 -5.499119910490361807e-02
1.436256316125240318e+01 9.008188254086203495e-01 3.457316192566627366e-01 -1.260605886641143480e-01 -7.113368778135012449e-02
1.446256316125240282e+01 8.858292833962895241e-01 3.378620427903299417e-01 -1.697611442390858927e-01 -8.606532783753899352e-02
1.456256316125240247e+01 8.672211321529376127e-01 3.285583041358700607e-01 -2.038494182542421040e-01 -9.980142704177837054e-02
1.466256316125240211e+01 8.449241116160983722e-01 3.179438779410175830e-01 -2.405114007258727371e-01 -1.122774241585801636e-01
1.476256316125240176e+01 8.194134235090976270e-01 3.061451648032272876e-01 -2.687639005538646764e-01 -1.234807653918126163e-01
1.486256316125240140e+01 7.915163023887382687e-01 2.932922043635485809e-01 -2.845204979670699630e-01 -1.333461233728567841e-01
1.496256316125240104e+01 7.647105343776443576e-01 2.795285164389609833e-01 -2.386389926622615731e-01 -1.416041567964079761e-01
1.506256316125240069e+01 7.439726808349200748e-01 2.650566966456130991e-01 -1.852887218422085425e-01 -1.473049058744831941e-01
1.516256316125240033e+01 7.273699489498041126e-01 2.501857930769164629e-01 -1.383587261934036139e-01 -1.494649420501194814e-01
1.526256316125239998e+01 7.172546431725836946e-01 2.353088566920296387e-01 -6.601172623752447899e-02 -1.472638465344337788e-01
1.536256316125239962e+01 7.135384796919534978e-01 2.209084875852185548e-01 -1.159302006360764248e-02 -1.398149062625598238e-01
1.546256316125239927e+01 7.141197616010733773e-01 2.075364677240381650e-01 1.917114027525879116e-02 -1.266680728972645054e-01
1.556256316125239891e+01 7.160438530872895724e-01 1.957608483311003567e-01 1.072713084440127772e-02 -1.079691417004728510e-01
1.566256316125239856e+01 7.158666314779983386e-01 1.860982116523499375e-01 -1.002410800923992339e-02 -8.461455544785456695e-02
1.576256316125239820e+01 7.139160863486028186e-01 1.789507099021626080e-01 -3.358481565369741267e-02 -5.788427445511882402e-02
1.586256316125239785e+01 7.099429308810202288e-01 1.745856046491426616e-01 -3.436976571338280079e-02 -2.921650359454307927e-02
1.596256316125239749e+01 7.082555414180524700e-01 1.731317858811979860e-01 -5.642110731202271134e-04 1.975430128976010669e-04
1.606256316125239891e+01 7.093441270411763311e-01 1.746231044524979847e-01 2.022105589503352813e-02 2.954461607877417392e-02
1.616256316125240033e+01 7.123648625918401756e-01 1.790077253467019791e-01 4.433794487803093681e-02 5.790482183240066444e-02
1.626256316125240176e+01 7.186759478236901533e-01 1.861434726017809904e-01 7.951949364720306557e-02 8.445595423848636929e-02
1.636256316125240318e+01 7.284290052521504855e-01 1.958176157024297814e-01 1.232184965242382746e-01 1.085746741199875576e-01
1.646256316125240460e+01 7.441628775149459196e-01 2.077654905277027675e-01 1.858387071705684956e-01 1.299208489639977204e-01
1.656256316125240602e+01 7.640074691088231118e-01 2.217068364746510867e-01 2.077371553180812624e-01 1.484000896365000599e-01
1.666256316125240744e+01 7.859950850954823265e-01 2.373365740786296252e-01 2.364510815072583538e-01 1.636206935462295731e-01
1.676256316125240886e+01 8.121252631748662187e-01 2.543154030604598548e-01 2.845866891026834211e-01 1.753903531853616138e-01
1.686256316125241028e+01 8.410827836056496976e-01 2.723034835039318535e-01 2.865791338172520852e-01 1.838031873976226915e-01
1.696256316125241170e+01 8.695574233109467643e-01 2.909555393645431587e-01 2.841823996371216632e-01 1.886085518655315485e-01
1.706256316125241312e+01 8.967429599573613075e-01 3.098955858868626123e-01 2.545992901805469444e-01 1.895133780277621638e-01
1.716256316125241455e+01 9.212315410423390638e-01 3.287148066742062724e-01 2.402516265305500165e-01 1.861337617361653041e-01
1.726256316125241597e+01 9.447868302092562454e-01 3.469763443754974586e-01 2.317459378736217990e-01 1.783796830520721632e-01
1.736256316125241739e+01 9.685201827949291298e-01 3.642528147383340964e-01 2.467893493417434025e-01 1.665077027673532717e-01
1.746256316125241881e+01 9.949357633141924229e-01 3.801641364399974687e-01 2.873393619408584621e-01 1.512394395077688580e-01
1.756256316125242023e+01 1.025732260531284190e+00 3.944277483009532848e-01 3.183343186289738780e-01 1.337808987247205705e-01
1.766256316125242165e+01 1.057425472930797694e+00 4.068857036673370620e-01 3.162601437701764162e-01 1.152694923986811726e-01
1.776256316125242307e+01 1.087924158013939602e+00 4.174720920569857108e-01 2.820882415287698786e-01 9.645546958608838817e-02
1.786256316125242449e+01 1.112897820351614442e+00 4.261767021963250301e-01 2.202973043795862784e-01 7.762640456415526025e-02
1.796256316125242591e+01 1.132581387701056430e+00 4.329951431645151505e-01 1.768339139381564507e-01 5.873877241803034804e-02
1.806256316125242734e+01 1.148331077801650002e+00 4.379278809854378895e-01 1.268942411759671485e-01 3.995349490152025340e-02
1.816256316125242876e+01 1.154988436100971683e+00 4.409880856351198752e-01 4.945378831207825066e-03 2.119322324709051533e-02
1.826256316125243018e+01 1.151492235484286253e+00 4.421407872905728231e-01 -6.975860919579840447e-02 1.693408779411334497e-03
1.836256316125243160e+01 1.140287327180933730e+00 4.412898982371613044e-01 -1.530999443625318812e-01 -1.892261535361452335e-02
1.846256316125243302e+01 1.122320390315789229e+00 4.383104991978394871e-01 -2.030288032694441969e-01 -4.088840208749210808e-02
1.856256316125243444e+01 1.099945489102436058e+00 4.330723503330838331e-01 -2.385965515386343216e-01 -6.404474753948018184e-02
1.866256316125243586e+01 1.075729171238302140e+00 4.254783080852296839e-01 -2.427604871999136660e-01 -8.788106645957682872e-02
1.876256316125243728e+01 1.052491768730329902e+00 4.155047770650800998e-01 -2.176999247660127423e-01 -1.114425118347120436e-01
1.886256316125243870e+01 1.031179785998543430e+00 4.032419718292152844e-01 -2.139449407715471874e-01 -1.334562931566136701e-01
1.896256316125244012e+01 1.010690974753768456e+00 3.889001483735846088e-01 -1.925163925642637275e-01 -1.528595643597440157e-01
1.906256316125244155e+01 9.906138998705538157e-01 3.727913949149548323e-01 -2.195274762893926757e-01 -1.686589953590447721e-01
1.916256316125244297e+01 9.672100169372828127e-01 3.553005346948441279e-01 -2.437327478480815768e-01 -1.804906132199593782e-01
1.926256316125244439e+01 9.415095711170509141e-01 3.368294726028010500e-01 -2.726141618093835262e-01 -1.882481753205760555e-01
1.936256316125244581e+01 9.127227687177073001e-01 3.177842445138511773e-01 -3.023605553966594028e-01 -1.920098805061920544e-01
1.946256316125244723e+01 8.821651509205586938e-01 2.985524768419268726e-01 -2.985038067699840592e-01 -1.920106116762717308e-01
1.956256316125244865e+01 8.542218578777107663e-01 2.795094114892911485e-01 -2.590374232822318379e-01 -1.881814839157446573e-01
1.966256316125245007e+01 8.305780088784719961e-01 2.610564765930742381e-01 -2.158350291139517485e-01 -1.801461217528154135e-01
1.976256316125245149e+01 8.101517100713183650e-01 2.436286113900959505e-01 -1.925194609125147338e-01 -1.676771674118461564e-01
1.986256316125245291e+01 7.929015010693678533e-01 2.276645409615528914e-01 -1.506201387939515024e-01 -1.508968839049595889e-01
1.996256316125245434e+01 7.804366943848295435e-01 2.135888470759281510e-01 -9.551627297856721266e-02 -1.299282983551693638e-01
2.006256316125245576e+01 7.726955920254998667e-01 2.018142972530007073e-01 -7.100992231074984562e-02 -1.049197698323904443e-01
2.016256316125245718e+01 7.660237438491884765e-01 1.927169667584006929e-01 -5.446073265276341058e-02 -7.655500845790412512e-02
2.026256316125245860e+01 7.622042620735403062e-01 1.865839421524883857e-01 -2.366911185640463086e-02 -4.576957758417013467e-02
2.036256316125246002e+01 7.617212551778411722e-01 1.836153758713832684e-01 1.462986301762033911e-02 -1.340981002716525733e-02
2.046256316125246144e+01 7.649005921301209598e-01 1.839263950774641387e-01 5.451561392036782805e-02 1.967811456840297402e-02
2.056256316125246286e+01 7.738786569034864504e-01 1.875499489837808009e-01 1.203355767313917940e-01 5.275201327897118680e-02
2.066256316125246428e+01 7.873318710824361855e-01 1.944581373417908765e-01 1.480147155278349613e-01 8.524348918991071777e-02
2.076256316125246570e+01 8.035736611157849874e-01 2.045491461568621772e-01 1.725648807429580600e-01 1.162532040501566555e-01
2.086256316125246713e+01 8.223798877752495073e-01 2.176274890730519607e-01 2.198666096524665714e-01 1.448371879248767646e-01
2.096256316125246855e+01 8.507521162264398695e-01 2.334213784024073424e-01 3.494915789561405806e-01 1.706139459416262383e-01
2.106256316125246997e+01 8.897948164504526636e-01 2.516769111758005439e-01 4.157431384445526290e-01 1.941560049625787598e-01
2.116256316125247139e+01 9.321966314836949152e-01 2.721781255778495390e-01 4.273854916451908514e-01 2.154440857358973782e-01
2.126256316125247281e+01 9.740708223415457390e-01 2.946668025736527974e-01 4.071609819279403131e-01 2.337510996780693961e-01
2.136256316125247423e+01 1.013713937493078809e+00 3.187951308016838681e-01 3.801660010687759605e-01 2.480680724974838047e-01
2.146256316125247565e+01 1.047469396589622903e+00 3.441113399478732404e-01 2.854293347389006419e-01 2.572809565409250876e-01
2.156256316125247707e+01 1.070242653768367802e+00 3.700251902238260171e-01 1.654632681445689646e-01 2.597115835750572477e-01
2.166256316125247849e+01 1.080018388124647455e+00 3.957658580789885083e-01 3.919526110351942427e-02 2.535129428052258493e-01
2.176256316125247992e+01 1.080869419187973079e+00 4.203917273193475967e-01 -1.735476821174290057e-02 2.372863296253791554e-01
2.186256316125248134e+01 1.075971742793093044e+00 4.428803946615721965e-01 -7.844666739001940337e-02 2.107836697684612182e-01
2.196256316125248276e+01 1.067520963312434512e+00 4.622168624320798225e-01 -7.803310005266453353e-02 1.743816686490863854e-01
2.206256316125248418e+01 1.060927501805900564e+00 4.774761570665045363e-01 -5.736382001715978340e-02 1.295812465524088797e-01
2.216256316125248560e+01 1.056425754414843654e+00 4.879257827808878845e-01 -2.451140488535600431e-02 7.857661160679518808e-02
2.226256316125248702e+01 1.056911058606072595e+00 4.930728881792907359e-01 3.253533524449740005e-02 2.403149465325773310e-02
2.236256316125248844e+01 1.062431463022514899e+00 4.927168444063336761e-01 7.356305808888183306e-02 -3.097708854326522432e-02
2.246256316125248986e+01 1.069788655691981782e+00 4.869578791873000467e-01 6.667884666742859845e-02 -8.360312301031050386e-02
2.256256316125249128e+01 1.076637919134882271e+00 4.761491956061043029e-01 7.814204629882781639e-02 -1.316323363643139288e-01
2.266256316125249270e+01 1.084892349978385795e+00 4.608562767009884986e-01 7.806055874457548671e-02 -1.729340900403267545e-01
2.276256316125249413e+01 1.091107908935086579e+00 4.418442643312512352e-01 3.939224481394804772e-02 -2.058070649769787319e-01
2.286256316125249555e+01 1.090014261160409559e+00 4.200018590486758741e-01 -7.332005909771310836e-02 -2.295233705395296753e-01
2.296256316125249697e+01 1.077367507362685162e+00 3.962274483532335356e-01 -1.609055754221990764e-01 -2.446002399547318462e-01
2.306256316125249839e+01 1.060730509555976475e+00 3.713507800681195015e-01 -1.678940515355606955e-01 -2.515792821250762423e-01
2.316256316125249981e+01 1.044278484764623594e+00 3.461850219308470478e-01 -1.545778853986092272e-01 -2.503593546241423273e-01
2.326256316125250123e+01 1.030927297753246208e+00 3.215576656185125670e-01 -1.102469311086473475e-01 -2.407725214479241316e-01
2.336256316125250265e+01 1.023584373529240032e+00 2.983171537081635294e-01 -2.408667581033276106e-02 -2.225780819905520402e-01
2.346256316125250407e+01 1.026861071274945747e+00 2.773446374182519936e-01 7.854182168353944504e-02 -1.953096605093849747e-01
2.356256316125250549e+01 1.036509532023643931e+00 2.595650556488539040e-01 1.050675670207756179e-01 -1.587988665330656024e-01
2.366256316125250692e+01 1.045710938993581696e+00 2.458556105820534632e-01 6.410553613111606708e-02 -1.142088363687220054e-01
2.376256316125250834e+01 1.047706996957033621e+00 2.369105063331790051e-01 -2.039421106235297931e-02 -6.403235405078983034e-02
2.386256316125250976e+01 1.043095503324365847e+00 2.331273956391565760e-01 -6.715881518520389060e-02 -1.149109354460124688e-02
2.396256316125251118e+01 1.034921469983295816e+00 2.345935783649378270e-01 -9.363251064052798001e-02 4.049840605756432899e-02
2.406256316125251260e+01 1.024327200945087002e+00 2.411221024971877958e-01 -1.190717995428908216e-01 8.934201322884730012e-02
2.416256316125251402e+01 1.011689561793631453e+00 2.522767871254684158e-01 -1.299435055360344538e-01 1.326461347469685692e-01
2.426256316125251544e+01 9.982784975105973846e-01 2.673998253552063997e-01 -1.399354193407403579e-01 1.684141163364022420e-01
2.436256316125251686e+01 9.838338144839232635e-01 2.856535428170009494e-01 -1.481763275180902339e-01 1.950150215361103057e-01
2.446256316125251828e+01 9.685642020885779635e-01 3.060555612171993456e-01 -1.555576770208791926e-01 2.112111526813629514e-01
2.456256316125251971e+01 9.540826277109978326e-01 3.275239728013002449e-01 -1.234808009571354004e-01 2.162893179139149524e-01
2.466256316125252113e+01 9.456549691405101710e-01 3.489515101014045717e-01 -4.094062942173201658e-02 2.105506828263271624e-01
2.476256316125252255e+01 9.463344651924222584e-01 3.693197581319046519e-01 5.990030937442464287e-02 1.954016774445974935e-01
2.486256316125252397e+01 9.590037778414693959e-01 3.877891992589531100e-01 1.952020065578884689e-01 1.730035180898368830e-01
2.496256316125252539e+01 9.843967555321425644e-01 4.037730693183545494e-01 3.055632733495519116e-01 1.461754518381089274e-01
2.506256316125252681e+01 1.018501837570696678e+00 4.169672299796380877e-01 3.676375698720931728e-01 1.176152697198288993e-01
2.516256316125252823e+01 1.057135598536936172e+00 4.273093599980115620e-01 4.047171915952011423e-01 8.944107049187477454e-02
2.526256316125252965e+01 1.097761471572470171e+00 4.349252815850798148e-01 3.911122767302093184e-01 6.333357052152678579e-02
2.536256316125253107e+01 1.133080283860471882e+00 4.400745018986193524e-01 3.124763518517196803e-01 4.014331166206108747e-02
2.546256316125253250e+01 1.160068900394384261e+00 4.430482353456696165e-01 2.263928698244635496e-01 1.977471006557742633e-02
2.556256316125253392e+01 1.178171153598046361e+00 4.441107071247049620e-01 1.319156345985779133e-01 1.837336581097737814e-03
2.566256316125253534e+01 1.185468081714141420e+00 4.434754993531654366e-01 1.263565978091335529e-02 -1.432320106876733626e-02
2.576256316125253676e+01 1.180648096665836810e+00 4.412717091232039590e-01 -1.116717282592861737e-01 -2.971669412644966160e-02
2.586256316125253818e+01 1.163232741428420702e+00 4.375193378147969048e-01 -2.308443401076690216e-01 -4.549276300156267216e-02
2.596256316125253960e+01 1.135579132402678715e+00 4.321260553081169298e-01 -3.138123486527584216e-01 -6.266394800155367095e-02
2.606256316125254102e+01 1.104736509258186672e+00 4.249270106779456935e-01 -2.778443476216853614e-01 -8.155606840850135320e-02
2.616256316125254244e+01 1.081466560049678005e+00 4.157983376140548248e-01 -1.926016866383593595e-01 -1.009240246338203445e-01
2.626256316125254386e+01 1.066128464329497261e+00 4.047932066719674427e-01 -1.168350315886215463e-01 -1.187643104772372615e-01
2.636256316125254529e+01 1.055536827093427776e+00 3.921553909132310944e-01 -1.034351049629788355e-01 -1.333492387181138827e-01
2.646256316125254671e+01 1.047008934075113862e+00 3.782633538011309637e-01 -5.618267064068075550e-02 -1.437154999863257399e-01
2.656256316125254813e+01 1.044732749189531518e+00 3.635887307004281310e-01 1.091157142035032585e-02 -1.487910256075155035e-01
2.666256316125254955e+01 1.048221597372225533e+00 3.487201664502702636e-01 4.076601561402663776e-02 -1.474398156862066489e-01
2.676256316125255097e+01 1.049491808786324532e+00 3.343246610033239752e-01 -1.837371521751888365e-02 -1.394289983686048950e-01
2.686256316125255239e+01 1.044419810703484108e+00 3.210206311181186267e-01 -9.053760638302138508e-02 -1.258405567442801853e-01
2.696256316125255381e+01 1.031442496485706295e+00 3.092881059435819702e-01 -1.543806890966861745e-01 -1.083088301973181566e-01
2.706256316125255523e+01 1.015179990864730541e+00 2.994370102550981683e-01 -1.792925025165956754e-01 -8.841476772455095223e-02
2.716256316125255665e+01 9.938478357423430332e-01 2.916399193466408524e-01 -2.450530286041084360e-01 -6.750312314130353653e-02
2.726256316125255807e+01 9.678654369000840862e-01 2.859129449702533798e-01 -2.665427992240682054e-01 -4.726926023605203947e-02
2.736256316125255950e+01 9.418731070455986787e-01 2.821239608137165455e-01 -2.469185002419301000e-01 -2.887706018600653263e-02
2.746256316125256092e+01 9.192904973644171474e-01 2.800591991351218391e-01 -2.042298191088126602e-01 -1.282029758733497712e-02
2.756256316125256234e+01 9.010889884762119939e-01 2.794791267517388600e-01 -1.564689240872344511e-01 8.179042015905631929e-04
2.766256316125256376e+01 8.886963540735792755e-01 2.801468135251930502e-01 -9.202409118542520527e-02 1.219022939773523745e-02
2.776256316125256518e+01 8.824665101497336517e-01 2.818555336446915693e-01 -2.940362309872959767e-02 2.171326571177833314e-02
2.786256316125256660e+01 8.828059439412876408e-01 2.844452824692043080e-01 2.524254947315867498e-02 2.991154445806155221e-02
2.796256316125256802e+01 8.846031476178611852e-01 2.878053659164331868e-01 2.691875282445847783e-03 3.709536158884237100e-02
2.806256316125256944e+01 8.834475145663786000e-01 2.918129010467227502e-01 -2.015225311244447925e-02 4.274031804164852427e-02
2.816256316125257086e+01 8.823635258993554054e-01 2.962846975593678156e-01 7.597908389212797847e-03 4.635200701691099406e-02
2.826256316125257229e+01 8.856146818975965118e-01 3.010225771985043930e-01 5.628210616562395741e-02 4.815305213525469114e-02
2.836256316125257371e+01 8.935720571787764133e-01 3.058751873358777629e-01 1.023917346195416384e-01 4.875183713301455002e-02
2.846256316125257513e+01 9.052370835455648690e-01 3.107535313120641240e-01 1.244767336336650987e-01 4.875624972084627307e-02
2.856256316125257655e+01 9.175936774498942849e-01 3.156173397998254804e-01 1.202539958915614243e-01 4.847594837700432147e-02
2.866256316125257797e+01 9.284685361945138604e-01 3.204378130275871706e-01 9.123408314551111065e-02 4.785666209094106838e-02
2.876256316125257939e+01 9.357109331844977174e-01 3.251647578805499372e-01 6.135711265541886339e-02 4.652007997487911384e-02
2.886256316125258081e+01 9.419202896558921401e-01 3.297070236290636225e-01 5.879833070281628715e-02 4.415670013867799282e-02
2.896256316125258223e+01 9.459999406349385298e-01 3.339609522318233714e-01 2.015253151397410070e-02 4.071935820493979841e-02
2.906256316125258365e+01 9.458431181984988667e-01 3.378030054088629885e-01 -2.492027570803842518e-02 3.584586503247211287e-02
2.916256316125258508e+01 9.416359888902221531e-01 3.410678461466897793e-01 -5.078099881810248239e-02 2.911609438587072982e-02
2.926256316125258650e+01 9.364661066566989378e-01 3.435615929884598962e-01 -5.379531415716873322e-02 2.046051435176562960e-02
2.936256316125258792e+01 9.316458704016675751e-01 3.451062001696446613e-01 -3.383638082693754545e-02 1.020691347617848702e-02
2.946256316125258934e+01 9.301971114174139021e-01 3.455736336909032702e-01 -8.440004602963957492e-04 -9.197347767674335373e-04
2.956256316125259076e+01 9.301086423758353483e-01 3.449227828536580165e-01 -6.331362350940828582e-03 -1.204988411013642804e-02
2.966256316125259218e+01 9.282923534026380485e-01 3.431773707471395540e-01 -2.985415692060935586e-02 -2.277809503154424459e-02
2.976256316125259360e+01 9.242889467229468137e-01 3.403852892106076777e-01 -5.347550450097245112e-02 -3.296153971817677303e-02
2.986256316125259502e+01 9.164496155154361334e-01 3.366046575707841160e-01 -1.045371224341993532e-01 -4.257425182602460334e-02
2.996256316125259644e+01 9.048174039647869371e-01 3.318810501162823279e-01 -1.183880127572903146e-01 -5.184758549036274505e-02
3.006256316125259787e+01 8.933114825232953971e-01 3.262518219984657519e-01 -1.146895106042366969e-01 -6.061456022509006947e-02
3.016256316125259929e+01 8.824416094285301160e-01 3.197888249296051977e-01 -9.023044764653312400e-02 -6.845244496337443696e-02
3.026256316125260071e+01 8.776304391283202833e-01 3.126171440733342410e-01 -4.113310375745596326e-03 -7.458498287252078585e-02
3.036256316125260213e+01 8.805759620919865194e-01 3.049750419487164410e-01 5.799947754460155203e-02 -7.764070175499089566e-02
3.046256316125260355e+01 8.878731794645000619e-01 2.972259681399823106e-01 7.589548855776297176e-02 -7.661306351757167510e-02
3.056256316125260497e+01 8.938604449355799231e-01 2.897951040118602606e-01 4.056753812389203573e-02 -7.133793857923931281e-02
3.066256316125260639e+01 8.952301819249576242e-01 2.830768761962635383e-01 -1.484885775397531277e-02 -6.252362637928725320e-02
3.076256316125260781e+01 8.933918952496934240e-01 2.773723263363933600e-01 -4.647266433099017310e-03 -5.121721341391766158e-02
3.086256316125260923e+01 8.934346236483603487e-01 2.729021491273832534e-01 -1.038759976026884524e-02 -3.786762467745448391e-02
3.096256316125261066e+01 8.918530129329353962e-01 2.698467355052129868e-01 -8.928636150327670662e-03 -2.307154998593587483e-02
3.106256316125261208e+01 8.906726564678987268e-01 2.683144383094038243e-01 -2.641882698370511331e-02 -7.495387154942655117e-03
3.116256316125261350e+01 8.867970912865574817e-01 2.683447941618796739e-01 -4.861166725272372119e-02 8.000012680626231512e-03
3.126256316125261492e+01 8.797613848808547576e-01 2.698774340053035625e-01 -9.250364278252530548e-02 2.236858475607520630e-02
3.136256316125261634e+01 8.698087476123802508e-01 2.727428302810646077e-01 -1.051781302207628888e-01 3.449219122015871608e-02
3.146256316125261776e+01 8.580521264030727124e-01 2.766751011429974816e-01 -1.280479090441396239e-01 4.358675355685057151e-02
3.156256316125261918e+01 8.446712736065704608e-01 2.813369154988955012e-01 -1.403560981242687467e-01 4.899533595607580283e-02
3.166256316125262060e+01 8.307686357711817626e-01 2.863378196817811250e-01 -1.304793962942157881e-01 5.033122734927984732e-02
3.176256316125262202e+01 8.192475583961473795e-01 2.912700295051580679e-01 -9.607848652491593477e-02 4.768801668148677647e-02
3.186256316125262344e+01 8.123266234649738626e-01 2.957634635271722545e-01 -4.657327954388326002e-02 4.170185860244746134e-02
3.196256316125262487e+01 8.094595778849171808e-01 2.995293524248203720e-01 8.973739636738212178e-04 3.328214812289673197e-02
3.206256316125262629e+01 8.144166243889418011e-01 3.023766681111167420e-01 8.985705689671213969e-02 2.359389933830980182e-02
3.216256316125262771e+01 8.252244833730412177e-01 3.042575316935762775e-01 1.248907411651679067e-01 1.415628619341146449e-02
3.226256316125262913e+01 8.387377410890544116e-01 3.052486822731833027e-01 1.356292300552131569e-01 5.929700497755553343e-03
3.236256316125263055e+01 8.515278847654420558e-01 3.055002348784872090e-01 1.218484348003750217e-01 -6.071249801576335606e-04
3.246256316125263197e+01 8.630739365097721549e-01 3.051869186140539481e-01 1.112803304605566312e-01 -5.357366445278646111e-03
3.256256316125263339e+01 8.749843529678066334e-01 3.044913583916700195e-01 1.271151254949569320e-01 -8.214999861247724786e-03
3.266256316125263481e+01 8.874143553409905572e-01 3.036159374918924736e-01 1.215858479552954230e-01 -8.930917202421055634e-03
3.276256316125263623e+01 9.003711665890592464e-01 3.027774834101975010e-01 1.383817256736894763e-01 -7.465013511388670503e-03
3.286256316125263766e+01 9.137961906573912607e-01 3.021991197333467882e-01 1.224679137941110246e-01 -3.736191269256091199e-03
3.296256316125263908e+01 9.248452280059228370e-01 3.020939931116880528e-01 1.080859106029085082e-01 1.903472401691487167e-03
3.306256316125264050e+01 9.370210774151385147e-01 3.026306129923416188e-01 1.311091956698039185e-01 9.086756029286208527e-03
3.316256316125264192e+01 9.490824174069942831e-01 3.039597173436923150e-01 1.068270989379199731e-01 1.769060551189857028e-02
3.326256316125264334e+01 9.585961543989347522e-01 3.061950357569980241e-01 7.988916535367841798e-02 2.708535848950770208e-02
3.336256316125264476e+01 9.637302948001120750e-01 3.093751886398372064e-01 1.792916711156945786e-02 3.641262460431424902e-02
3.346256316125264618e+01 9.616883310586467060e-01 3.134332809215075177e-01 -5.722414260887491444e-02 4.440668362732845542e-02
3.356256316125264760e+01 9.537624130219776175e-01 3.181665326300330832e-01 -9.216056220120541487e-02 4.972649135471175069e-02
3.366256316125264902e+01 9.446603362866879960e-01 3.232647704861718596e-01 -8.315276566727365648e-02 5.165649950125237450e-02
3.376256316125265045e+01 9.377964690245386148e-01 3.283858345265126544e-01 -5.757447578671257699e-02 5.024032901298059600e-02
3.386256316125265187e+01 9.324004657113540429e-01 3.332139831394831386e-01 -5.005793931291215026e-02 4.585245169878685717e-02
3.396256316125265329e+01 9.277626995763352813e-01 3.374679876767017195e-01 -4.385571004306591802e-02 3.881784943613060535e-02
3.406256316125265471e+01 9.241785592557537621e-01 3.409027101415509908e-01 -2.379519687438896858e-02 2.954949315547693300e-02
3.416256316125265613e+01 9.229638753267711548e-01 3.433254667188539444e-01 -1.438214594958672765e-03 1.870970595230997749e-02
3.426256316125265755e+01 9.237492580893025274e-01 3.446184540353735004e-01 1.094558436232558052e-02 7.082985650062614824e-03
3.436256316125265897e+01 9.240721661976788459e-01 3.447367937235504831e-01 1.940967223961745022e-03 -4.716266051257628558e-03
3.445995085181860418e+01 9.260384052820977985e-01 3.437272909025431145e-01 3.677671281672283132e-02 -1.589443378175210697e-02
3.455995085181860560e+01 9.296683147918084478e-01 3.416090022236891732e-01 3.568173378241853988e-02 -2.623148056289151264e-02
3.465995085181860702e+01 9.346794274323309004e-01 3.385371364684302553e-01 6.737807248327987164e-02 -3.486449156995786308e-02
3.475995085181860844e+01 9.426957630657061271e-01 3.347179502845152865e-01 9.186168026344762594e-02 -4.105254303119103970e-02
3.485995085181860986e+01 9.526372013406443351e-01 3.304289184129681756e-01 1.033126445295589751e-01 -4.418202543037420132e-02
3.495995085181861128e+01 9.631915713428848003e-01 3.259936990239466481e-01 1.065069115610457473e-01 -4.395384216039827791e-02
3.505995085181861270e+01 9.729411391550191190e-01 3.217503068830810387e-01 8.845970424520573083e-02 -4.038005371301123941e-02
3.515995085181861413e+01 9.826729584014504137e-01 3.180185986840554646e-01 1.103985629600286872e-01 -3.375712940126726624e-02
3.525995085181861555e+01 9.934346932460983437e-01 3.150979589170586626e-01 9.892965994931519902e-02 -2.418998688694122198e-02
3.535995085181861697e+01 1.003303115961301062e+00 3.132626482105854149e-01 1.008343275620007945e-01 -1.215168409948410612e-02
3.545995085181861839e+01 1.012087029352970236e+00 3.127313860678738178e-01 6.574357072812002378e-02 1.773714618555508049e-03
3.555995085181861981e+01 1.016070787467208580e+00 3.136451179596428385e-01 1.685535633746406553e-02 1.652529218343347372e-02
3.565995085181862123e+01 1.015677676982907007e+00 3.160203682985958107e-01 -2.842547715478808967e-02 3.079736424995533142e-02
3.575995085181862265e+01 1.009593457704883512e+00 3.197454638637516333e-01 -9.100030453260592178e-02 4.328691686060517907e-02
3.585995085181862407e+01 9.988202057059579753e-01 3.245729434264823521e-01 -1.194858874314972674e-01 5.265603015303140649e-02
3.595995085181862549e+01 9.868825896054573832e-01 3.301451691353042284e-01 -1.096269853330327504e-01 5.810266927570810480e-02
3.605995085181862692e+01 9.776643273986026506e-01 3.360595920529856340e-01 -7.884275672327682727e-02 5.954859571527546663e-02
3.615995085181862834e+01 9.715493933595402698e-01 3.419336244606203112e-01 -3.335636123386218760e-02 5.736942931970701737e-02
3.625995085181862976e+01 9.712703355059706389e-01 3.474378240574019228e-01 1.721929562578741746e-02 5.232702926957665673e-02
3.635995085181863118e+01 9.729372731721454004e-01 3.523326287957109781e-01 9.626169724288907020e-03 4.526661006464212378e-02
3.645995085181863260e+01 9.725791376725491100e-01 3.564317007195719200e-01 -1.465857286161799389e-02 3.641681343420578865e-02
3.655995085181863402e+01 9.705288858507803429e-01 3.595584751430483395e-01 -2.954628427776968130e-02 2.585105584763401632e-02
3.665995085181863544e+01 9.659300137243573836e-01 3.615507953274576525e-01 -6.012915039797377126e-02 1.374356531185650168e-02
3.675995085181863686e+01 9.591019026919839208e-01 3.622597006866478120e-01 -7.633047358618506861e-02 2.219614987667394013e-04
3.685995085181863828e+01 9.518595439713153361e-01 3.615594303574372059e-01 -5.447742296807715073e-02 -1.435247631779755159e-02
3.695995085181863971e+01 9.505607898665794364e-01 3.593863038257192333e-01 3.527597100268608371e-02 -2.898043242630878730e-02
3.705995085181864113e+01 9.598702869937144611e-01 3.558238698631633889e-01 1.503387676542076168e-01 -4.178145904966550084e-02
3.715995085181864255e+01 9.788979668355060060e-01 3.511616597748213331e-01 2.203056725626262591e-01 -5.066405877892970339e-02
3.725995085181864397e+01 1.002153753737309083e+00 3.458684053482749543e-01 2.301284131268213906e-01 -5.425950743164050655e-02
3.735995085181864539e+01 1.021534115809085819e+00 3.404940571612499189e-01 1.491654750409925900e-01 -5.238245158520958566e-02
3.745995085181864681e+01 1.031612773972191199e+00 3.355363469571326362e-01 4.609963843586101229e-02 -4.618412530831989687e-02
3.755995085181864823e+01 1.029278944425796372e+00 3.313413227845531939e-01 -9.050173310233461388e-02 -3.748799248166413689e-02
3.765995085181864965e+01 1.015142618125296270e+00 3.280474660853905378e-01 -1.894499595793886215e-01 -2.850772108106284716e-02
3.775995085181865107e+01 9.910225563058385756e-01 3.255864184909537662e-01 -2.909090412955595562e-01 -2.113185616802006062e-02
3.785995085181865250e+01 9.581809162790867473e-01 3.237100988376021005e-01 -3.603879359330898202e-01 -1.706362216784727479e-02
3.795995085181865392e+01 9.201750169852991323e-01 3.220238759987187338e-01 -3.905077195256584366e-01 -1.746583787378797048e-02
3.805995085181865534e+01 8.821377189498215143e-01 3.200546984276529394e-01 -3.615866411797143964e-01 -2.269855399190143230e-02
3.815995085181865676e+01 8.490105435354304841e-01 3.173432754774079267e-01 -2.948952239893110061e-01 -3.213518640742619309e-02
3.825995085181865818e+01 8.257445427426461926e-01 3.135341517969673641e-01 -1.544736624610054954e-01 -4.433480608264311895e-02
3.835995085181865960e+01 8.183081624811799903e-01 3.084669021637903019e-01 -1.058891475246923064e-02 -5.681576271632052949e-02
3.845995085181866102e+01 8.204286680469164983e-01 3.022450269950121005e-01 4.409848034491876262e-02 -6.712363760491921183e-02
3.855995085181866244e+01 8.259351393272498232e-01 2.951578287383656019e-01 6.417587068815663875e-02 -7.398320755046787489e-02
3.865995085181866386e+01 8.343797640833415796e-01 2.875850169569300618e-01 1.110971508812787639e-01 -7.673263510380057273e-02
3.875995085181866529e+01 8.480881790076209015e-01 2.799734278835977475e-01 1.604402925695767035e-01 -7.462676062806675170e-02
3.885995085181866671e+01 8.653456139805907332e-01 2.728417024779555278e-01 1.701757685505005946e-01 -6.708407954515398230e-02
3.895995085181866813e+01 8.788718649051686649e-01 2.667296646350006961e-01 9.152296060754752660e-02 -5.440382057771567248e-02
3.905995085181866955e+01 8.829772159395589126e-01 2.620794905752313331e-01 -1.174651798844927875e-02 -3.818161877409538552e-02
3.915995085181867097e+01 8.766521392647507183e-01 2.591394799615426847e-01 -1.119847776024962549e-01 -2.057559622269179364e-02
3.925995085181867239e+01 8.609953324493794247e-01 2.579375400683236452e-01 -1.954830247935276655e-01 -3.767640564460744690e-03
3.935995085181867381e+01 8.399950750731215443e-01 2.582973996415207640e-01 -2.110760148467799024e-01 1.042329333909262738e-02
3.945995085181867523e+01 8.212850387991830203e-01 2.599070937241725887e-01 -1.501952619862497451e-01 2.120165115376546755e-02
3.955995085181867665e+01 8.109851149241245061e-01 2.624367737730413652e-01 -5.994383604323912096e-02 2.896956396785777335e-02
3.965995085181867807e+01 8.094110923230911636e-01 2.656319891542360812e-01 3.605681710701552634e-02 3.467300278411240833e-02
3.975995085181867950e+01 8.182502285421674459e-01 2.693411011091828566e-01 1.310266767138049127e-01 3.946909621140955171e-02
3.985995085181868092e+01 8.336604554282756041e-01 2.735325628802497411e-01 1.701701207892047374e-01 4.444013462378058887e-02
3.995995085181868234e+01 8.519493967278797264e-01 2.782484795600586591e-01 2.010858940576642495e-01 4.998683790013039308e-02
4.005995085181868376e+01 8.742261513133137152e-01 2.835573418029344039e-01 2.336276723025167423e-01 5.635852854648944199e-02
4.015995085181868518e+01 8.959055026667760435e-01 2.895509527420537799e-01 1.940579588039737791e-01 6.361258302121547414e-02
4.025995085181868660e+01 9.134057537929914927e-01 2.962834725773592082e-01 1.614803162468461672e-01 7.098111591729860947e-02
4.035995085181868802e+01 9.293668135261048402e-01 3.037256525010550434e-01 1.596960315235824435e-01 7.772113137294932306e-02
4.045995085181868944e+01 9.443584159819697899e-01 3.117941810622217869e-01 1.328709721915818931e-01 8.344196038412624028e-02
4.055995085181869086e+01 9.553709012678803791e-01 3.203595431394728466e-01 9.076609105921493170e-02 8.752290548590711816e-02
4.065995085181869229e+01 9.639887598769695254e-01 3.292202704402442115e-01 8.347657058677958319e-02 8.927300413381231148e-02
4.075995085181869371e+01 9.698275774955542605e-01 3.381265737091739276e-01 2.088183170761735707e-02 8.836609067466573431e-02
4.085995085181869513e+01 9.682324308189400597e-01 3.467786525272876785e-01 -4.841186859743071280e-02 8.402121157991176981e-02
4.095995085181869655e+01 9.598002633753623947e-01 3.547882903494929407e-01 -1.212976861336191037e-01 7.540024340909447231e-02
4.105995085181869797e+01 9.443252238036794477e-01 3.616940944378320699e-01 -1.882535604541730745e-01 6.185347354551637422e-02
4.115995085181869939e+01 9.236331403362779691e-01 3.669820942026040811e-01 -2.054789919589473657e-01 4.303021848193078203e-02
4.125995085181870081e+01 9.064583275507341886e-01 3.701443795626012667e-01 -1.334465913181338281e-01 1.958632283576845767e-02
4.135995085181870223e+01 8.977601773715879752e-01 3.708101543379515030e-01 -3.675498500775598032e-02 -6.517735492635592237e-03
4.145995085181870365e+01 8.978573824188050834e-01 3.688335162292758485e-01 2.921524678283272947e-02 -3.285967394442983192e-02
4.155995085181870508e+01 9.030921246212793019e-01 3.643002028953454263e-01 7.187255253723966175e-02 -5.735090315634805425e-02
4.165995085181870650e+01 9.106307086514078275e-01 3.574786904127544851e-01 7.684347527762466767e-02 -7.840944098107760496e-02
4.175995085181870792e+01 9.191153887115734999e-01 3.487674819816904970e-01 9.205878135104468563e-02 -9.498930039988337515e-02
4.185995085181870934e+01 9.286638195848444521e-01 3.386593660605650147e-01 1.004246389134433037e-01 -1.062261368934033084e-01
4.195995085181871076e+01 9.384616366165853263e-01 3.277201629525061666e-01 8.678428826715173239e-02 -1.115453223815491279e-01
4.205995085181871218e+01 9.459260117393148981e-01 3.165489843412297999e-01 6.780964734599603805e-02 -1.109126656773950503e-01
4.215995085181871360e+01 9.512999130689957505e-01 3.057255101496129668e-01 3.006916690196750896e-02 -1.046635952705456812e-01
4.225995085181871502e+01 9.512960275870671056e-01 2.957765660599906421e-01 -2.749490445848029596e-02 -9.362038036075577552e-02
4.235995085181871644e+01 9.469282763674166103e-01 2.871195945769564606e-01 -5.105598680141221202e-02 -7.902123905788005498e-02
4.245995085181871787e+01 9.415613599395443734e-01 2.800585771716935235e-01 -6.668121322500865367e-02 -6.183261993538653745e-02
4.255995085181871929e+01 9.312398757508191238e-01 2.748045061901084885e-01 -1.429894296118114916e-01 -4.313650548882532604e-02
4.265995085181872071e+01 9.131709105156532447e-01 2.714214374097451699e-01 -2.184230563317463569e-01 -2.473224266111517800e-02
4.275995085181872213e+01 8.885047796887585170e-01 2.697863834829307139e-01 -2.617455551369719524e-01 -8.460735167570516968e-03
4.285995085181872355e+01 8.630667417372126504e-01 2.696158870712846989e-01 -2.446294703973771467e-01 4.444897029132668237e-03
4.295995085181872497e+01 8.399464366623288214e-01 2.705508057592544979e-01 -2.079328624522789049e-01 1.362526620204923197e-02
4.305995085181872639e+01 8.241408600971711351e-01 2.722240449023752840e-01 -1.003809392057283673e-01 1.934214912962314500e-02
4.315995085181872781e+01 8.200211941409292216e-01 2.743447752234379200e-01 1.486588057093540804e-02 2.282997539686883529e-02
4.325995085181872923e+01 8.253179103932762883e-01 2.767647355503654039e-01 7.789195166504245260e-02 2.553366515353069216e-02
4.335995085181873065e+01 8.346361534560409190e-01 2.794527171718639291e-01 1.137297124402225634e-01 2.826131938476645830e-02
4.345995085181873208e+01 8.486311967586498417e-01 2.824330009756672033e-01 1.651181308193366837e-01 3.147610358606919845e-02
4.355995085181873350e+01 8.691379324360100078e-01 2.857850436517007653e-01 2.570808452508837050e-01 3.582493206814741510e-02
4.365995085181873492e+01 8.986740061056494033e-01 2.896715536945757008e-01 3.090464823814574880e-01 4.235513805603741827e-02
4.375995085181873634e+01 9.284909597964783323e-01 2.943432417189181249e-01 2.945872246840827158e-01 5.146449829931117048e-02
4.385995085181873776e+01 9.585781031343816316e-01 3.000347969876820953e-01 2.984690117010145305e-01 6.269350797100624317e-02
4.395995085181873918e+01 9.856812127339396046e-01 3.069348665834750189e-01 2.344551305591780765e-01 7.547198795559154072e-02
4.405995085181874060e+01 1.004357988202428720e+00 3.151336460933037986e-01 1.391044063053172297e-01 8.836822724492568448e-02
4.415995085181874202e+01 1.014752256728434388e+00 3.245508100354420611e-01 7.336250217354224612e-02 9.955368411432197195e-02
4.425995085181874344e+01 1.018301990265560120e+00 3.349377105939806976e-01 -6.187801232619485892e-03 1.075317635857480220e-01
4.435995085181874487e+01 1.014244133347233845e+00 3.459022849693266233e-01 -6.916405506121524327e-02 1.108812855769595596e-01
4.445995085181874629e+01 1.005378882441555710e+00 3.569244588092985171e-01 -1.001247939502089151e-01 1.085663997608846271e-01
4.455995085181874771e+01 9.962242405208554530e-01 3.674162660312211282e-01 -7.758387291971455269e-02 1.003096341084351167e-01
4.465995085181874913e+01 9.897838186591481069e-01 3.768084509183264319e-01 -5.297372130095764908e-02 8.672061853246620933e-02
4.475995085181875055e+01 9.854668507225442520e-01 3.846136346374348092e-01 -3.312442472797205717e-02 6.873329265466170124e-02
4.485995085181875197e+01 9.834484745401798067e-01 3.904438841278150552e-01 -8.141480448729549596e-03 4.741801741383296770e-02
4.495995085181875339e+01 9.824926665028753670e-01 3.940266625341866114e-01 -1.765267808844521100e-02 2.396881302348645784e-02
4.505995085181875481e+01 9.803903937881575104e-01 3.951968144382788650e-01 -1.786332376688450421e-02 -6.956311322641357819e-04
4.515995085181875623e+01 9.782427983390362680e-01 3.938806002915681836e-01 -3.681523639339039089e-02 -2.557907059337403630e-02
4.525995085181875766e+01 9.724920328264463620e-01 3.900994046864060261e-01 -6.687748577345054013e-02 -4.991655856538919356e-02
4.535995085181875908e+01 9.675282320418567839e-01 3.839386346398253047e-01 -2.549349935156720176e-02 -7.297755449369267011e-02
4.545995085181876050e+01 9.678518431309723891e-01 3.755962551179858333e-01 3.230633097094995354e-02 -9.326522022896860387e-02
4.555995085181876192e+01 9.732273997543040567e-01 3.654333649671440698e-01 6.801658747638580915e-02 -1.091370965134060705e-01
4.565995085181876334e+01 9.802800504545051696e-01 3.539552357415391426e-01 6.891577456049205463e-02 -1.194412192848837706e-01
4.575995085181876476e+01 9.865720023071555822e-01 3.417464186737031451e-01 5.699857502348228133e-02 -1.237211007615191816e-01
4.585995085181876618e+01 9.908950240560440159e-01 3.294120217490484892e-01 1.907182402435392277e-02 -1.219913737407231635e-01
4.595995085181876760e+01 9.890574974580602641e-01 3.175270050190361903e-01 -5.396468370192664121e-02 -1.149217992490670914e-01
4.605995085181876902e+01 9.805922069321847401e-01 3.065625605732014702e-01 -1.143494124113223764e-01 -1.038042597411699824e-01
4.615995085181877045e+01 9.676592970251804982e-01 2.968570272869587856e-01 -1.328818312507593913e-01 -8.994240679035891972e-02
4.625995085181877187e+01 9.548625631278575554e-01 2.886364254870340540e-01 -1.237737609052798338e-01 -7.420165708787240799e-02
4.635995085181877329e+01 9.430777395072159619e-01 2.820609395606664682e-01 -1.130761638589404955e-01 -5.713259697959931910e-02
4.645995085181877471e+01 9.316073991152553635e-01 2.772343042293989313e-01 -1.147458300692700550e-01 -3.934184627320119060e-02
4.655995085181877613e+01 9.213794402503684422e-01 2.741928653536313543e-01 -8.412116409128593542e-02 -2.152361761520095451e-02
4.665995085181877755e+01 9.156486253511084694e-01 2.729196074096426616e-01 -2.813544348034909687e-02 -3.992112321527116481e-03
4.675995085181877897e+01 9.148995592210322769e-01 2.733856060773544039e-01 4.003196621953905576e-03 1.326137141925690446e-02
4.685995085181878039e+01 9.142563016765673511e-01 2.755527834003569931e-01 -2.984562326288429240e-02 2.991112704510002357e-02
4.695995085181878181e+01 9.081900556534108215e-01 2.793090968716555600e-01 -7.728142774285835792e-02 4.479260374349636892e-02
4.705995085181878324e+01 9.024132205386344863e-01 2.844133636165138146e-01 -3.197568177400066797e-02 5.679134020302357283e-02
4.715995085181878466e+01 9.013950433811448448e-01 2.905716134001745110e-01 8.589011994160872243e-03 6.591507139515768998e-02
4.725995085181878608e+01 9.026900791257782553e-01 2.975065097996590913e-01 1.000513742036696074e-02 7.232587254758517104e-02
4.735866566591539595e+01 9.038821138537588284e-01 3.048426706805314468e-01 1.715353473318139213e-02 7.582297566150217327e-02
4.745779199803993009e+01 9.045226323218166220e-01 3.124114203017106517e-01 -1.033620646869435125e-02 7.637253947111681540e-02
4.754612478598071590e+01 9.034285496930494208e-01 3.190777006248126102e-01 -6.605128196793711576e-03 7.412288024376252615e-02
4.763440354729020498e+01 9.032550652566626592e-01 3.254285721593550007e-01 6.281702922450553561e-04 6.936222167143347994e-02
4.772125822699843667e+01 9.044655798518226320e-01 3.311692013600810447e-01 3.480149388711986647e-02 6.250207940786255134e-02
4.782125822699843809e+01 9.100755780494010905e-01 3.369411393382109599e-01 6.832931938499064994e-02 5.267262787955417913e-02
4.792125822699843951e+01 9.176590384301852588e-01 3.416629059896760801e-01 8.830802798560964673e-02 4.161515425656774070e-02
4.802125822699844093e+01 9.284661357247351310e-01 3.452497441373624798e-01 1.279809910539366768e-01 3.013543134835997353e-02
4.812125822699844235e+01 9.435514668952855732e-01 3.477105282598721980e-01 1.790114475513419623e-01 1.927590175480424495e-02
4.822125822699844377e+01 9.646333332837465635e-01 3.491658498531242660e-01 2.345688111193392211e-01 1.024585350819260700e-02
4.832125822699844520e+01 9.880508484016453652e-01 3.498571608886761330e-01 2.275267337494260578e-01 4.101105378145679554e-03
4.842125822699844662e+01 1.010809117851536598e+00 3.500908206075852291e-01 2.357200394977634617e-01 1.105244273291483646e-03
4.852125822699844804e+01 1.035388136712455331e+00 3.501911016600292026e-01 2.424497175886780043e-01 1.492123553529978944e-03
4.862125822699844946e+01 1.055303293869866765e+00 3.505002500981360125e-01 1.449449632917421682e-01 5.147204801728779561e-03
4.872125822699845088e+01 1.064892623481321188e+00 3.512824787742979682e-01 4.955086397810537502e-02 1.066588196740596121e-02
4.882125822699845230e+01 1.064153147444498515e+00 3.526399008841780702e-01 -6.909121779208028669e-02 1.636176544641630010e-02
4.892125822699845372e+01 1.051754345669454249e+00 3.544973447416928658e-01 -1.695689353363574736e-01 2.034635503294614581e-02
4.902125822699845514e+01 1.032431573648251666e+00 3.565994418947284750e-01 -2.081498201527454128e-01 2.107468258783028181e-02
4.912125822699845656e+01 1.011106717224458551e+00 3.585825776667916909e-01 -2.129057233162125473e-01 1.793114923068189759e-02
4.922125822699845799e+01 9.911114809245866741e-01 3.600590615854004639e-01 -1.830350170055812242e-01 1.101314319993850627e-02
4.932125822699845941e+01 9.762123619466978042e-01 3.606834550804803308e-01 -9.788658251949082512e-02 1.072751324543473952e-03
4.942125822699846083e+01 9.736380879252649612e-01 3.602285635931026242e-01 4.355288123773400077e-02 -1.018787113266544572e-02
4.952125822699846225e+01 9.841499071160882961e-01 3.586827028783168281e-01 1.634054973227144492e-01 -2.035596437106124840e-02
4.962125822699846367e+01 1.003778636175649330e+00 3.562644309794747999e-01 2.133243976956370191e-01 -2.735413384305709211e-02
4.972125822699846509e+01 1.025729866995167106e+00 3.533532118153857038e-01 2.232676306113530185e-01 -3.013226925007212592e-02
4.982125822699846651e+01 1.046772782790140299e+00 3.503866923566050229e-01 1.916053906233059767e-01 -2.848000606125365014e-02
4.992125822699846793e+01 1.063981552129175112e+00 3.477892541969219153e-01 1.512747794165671678e-01 -2.287228943861749006e-02
5.002125822699846935e+01 1.076787423572691971e+00 3.459164033908807001e-01 1.038718976558369589e-01 -1.414800347089193930e-02
5.012125822699847078e+01 1.082520604780896400e+00 3.450267104207931923e-01 -5.430535333264110975e-03 -3.448389680359421200e-03
5.022125822699847220e+01 1.075538628346829118e+00 3.452268020509938751e-01 -1.222028649530941674e-01 7.253241910322711858e-03
5.032125822699847362e+01 1.059450100231168701e+00 3.464076052467341960e-01 -1.962598990981906377e-01 1.588326485599841909e-02
5.042125822699847504e+01 1.038021505594004301e+00 3.482867199022562921e-01 -2.214781279364785305e-01 2.104206223640742862e-02
5.052125822699847646e+01 1.017209767627535344e+00 3.504808632261062762e-01 -1.835463833813832935e-01 2.218121884277527225e-02
5.062125822699847788e+01 1.002634515256694892e+00 3.526049047538057368e-01 -1.062850582081587281e-01 1.980239598028756681e-02
5.072125822699847930e+01 9.969917655443026883e-01 3.543641953903132191e-01 -6.076344600061261980e-04 1.512816634699454266e-02
5.082125822699848072e+01 1.002082894845607530e+00 3.556100651188765505e-01 9.678027068314987158e-02 9.833630630016805541e-03
5.092125822699848214e+01 1.015484081468546185e+00 3.563645207985556840e-01 1.628137670734986775e-01 5.533824342205644585e-03
5.102125822699848356e+01 1.032888533741807890e+00 3.567867734651460343e-01 1.836990341223739831e-01 3.304514722222461238e-03
5.112125822699848499e+01 1.051497480485228841e+00 3.571093149883856621e-01 1.757559137316219988e-01 3.577281643294666098e-03
5.122125822699848641e+01 1.066278754477478330e+00 3.575801084141815855e-01 1.188663443841718736e-01 6.158338805850335426e-03
5.132125822699848783e+01 1.073708719095832320e+00 3.583875425455753105e-01 1.648291999469561619e-02 1.011039769393686991e-02
5.142125822699848925e+01 1.069812570509685701e+00 3.595944794589758242e-01 -7.903584763360582688e-02 1.383725098231003599e-02
5.152125822699849067e+01 1.060049535526721209e+00 3.610982353188991190e-01 -1.144265600074046985e-01 1.589280107828524094e-02
5.162125822699849209e+01 1.046831317330486399e+00 3.626948365740374491e-01 -1.489975723573653543e-01 1.560446345595226450e-02
5.172125822699849351e+01 1.031451573613258121e+00 3.641259643854362626e-01 -1.498660919980456807e-01 1.254272581132546277e-02
5.182125822699849493e+01 1.016941913334139080e+00 3.651137979406001710e-01 -1.474695898972172015e-01 6.797066462666500643e-03
5.192125822699849635e+01 1.001485712575758802e+00 3.654044905073655647e-01 -1.598038414980033350e-01 -1.377672505395644530e-03
5.202125822699849778e+01 9.848035209520886735e-01 3.647630685372775794e-01 -1.708252355589221227e-01 -1.180754698778088002e-02
5.212125822699849920e+01 9.703190223045481400e-01 3.629803213756558899e-01 -1.024093253796148767e-01 -2.406995633759299869e-02
5.222125822699850062e+01 9.648878817141974817e-01 3.599354914155609708e-01 -1.000576808994811662e-02 -3.673271798943651689e-02
5.232125822699850204e+01 9.686702214462128424e-01 3.556826512446399913e-01 8.817084054648274827e-02 -4.792475668209668360e-02
5.242125822699850346e+01 9.817023491015672843e-01 3.504614044392668215e-01 1.671647236409150306e-01 -5.580776544844491538e-02
5.252125822699850488e+01 1.002133531843604874e+00 3.446815850134595793e-01 2.423934838530407698e-01 -5.888147557745831290e-02
5.262125822699850630e+01 1.029176629075601479e+00 3.388849710943825366e-01 2.917447828587439451e-01 -5.598276351296990055e-02
5.272125822699850772e+01 1.059985061695214448e+00 3.337045545504271904e-01 3.210092627446197722e-01 -4.651440889427474468e-02
5.282125822699850914e+01 1.090839712938476147e+00 3.297999741021213072e-01 2.798832663644837404e-01 -3.055645517707659270e-02
5.292125822699851057e+01 1.114785768297305024e+00 3.277687765662872788e-01 2.025837042435492952e-01 -9.356010758197131488e-03
5.302125822699851199e+01 1.131269082753568744e+00 3.280378211584357162e-01 1.191944086985549101e-01 1.510832317227698424e-02
5.312125822699851341e+01 1.137778944727927621e+00 3.308234956278349737e-01 1.810904731249732280e-02 4.055178792480061689e-02
5.322125822699851483e+01 1.137113111541983912e+00 3.360997289907775021e-01 -2.856361465896271878e-02 6.457489907485122749e-02
5.332125822699851625e+01 1.130646002710240960e+00 3.436307907195059741e-01 -1.074827052585152903e-01 8.535042346817563186e-02
5.342125822699851767e+01 1.115499274987968636e+00 3.529958906601176061e-01 -1.938952107979592943e-01 1.009145494622212952e-01
5.352125822699851909e+01 1.092858102177180601e+00 3.635772491219989577e-01 -2.488982648270341158e-01 1.094093684620180279e-01
5.362125822699852051e+01 1.066325356364054455e+00 3.746035626488991022e-01 -2.901714947465877104e-01 1.096968246595111246e-01
5.372125822699852193e+01 1.034399873892333455e+00 3.852211027199465843e-01 -3.347530514196775386e-01 1.011270828831814655e-01
5.382125822699852336e+01 1.002338752730415061e+00 3.945281143830782211e-01 -3.018899032733151078e-01 8.358584712617349310e-02
5.392125822699852478e+01 9.743486697362385707e-01 4.016764237703104867e-01 -2.504708094279027297e-01 5.820565923727152174e-02
5.402125822699852620e+01 9.546128090700709556e-01 4.059705460379341990e-01 -1.322906031497703694e-01 2.690789420201338683e-02
5.412125822699852762e+01 9.497934042327831339e-01 4.069610381661695753e-01 4.109709777189632374e-02 -7.267045890347899328e-03
5.422125822699852904e+01 9.625065751821408888e-01 4.045506786914119801e-01 2.049047430195771735e-01 -4.044204477500438349e-02
5.432125822699853046e+01 9.885252602475215200e-01 3.990297757107149068e-01 3.054035364055827095e-01 -6.894095717144566038e-02
5.442125822699853188e+01 1.021925682449772443e+00 3.910079347375397529e-01 3.505955111215566244e-01 -9.011054086755630743e-02
5.452125822699853330e+01 1.055527852514575704e+00 3.813020789300557989e-01 3.113073508744543250e-01 -1.025048837848365341e-01
5.462125822699853472e+01 1.083776441778245614e+00 3.708011727844942595e-01 2.499135889693240853e-01 -1.060906669513983075e-01
5.472125822699853614e+01 1.103604452975885275e+00 3.603513270006958868e-01 1.395677929797198846e-01 -1.016947123844441636e-01
5.482125822699853757e+01 1.111287720907652821e+00 3.506707869353172802e-01 1.121420436916342744e-02 -9.105661491884214920e-02
5.492125822699853899e+01 1.105171617297782793e+00 3.422707600565852437e-01 -1.334840722299212301e-01 -7.651153758719314579e-02
5.502125822699854041e+01 1.085242621039471889e+00 3.354098300683904244e-01 -2.585342100629998141e-01 -6.071816044574955551e-02
5.512125822699854183e+01 1.055784875348400709e+00 3.300876713490481507e-01 -3.168254923751927521e-01 -4.607317662052892032e-02
5.522125822699854325e+01 1.024202894624886229e+00 3.261078942753096177e-01 -3.048340428939565472e-01 -3.401063948564245210e-02
5.532125822699854467e+01 9.954741406258020842e-01 3.231866933417368859e-01 -2.761057886077891710e-01 -2.490088963034162856e-02
5.542125822699854609e+01 9.679150200358140888e-01 3.210282957007718485e-01 -2.728577878976379822e-01 -1.878404430925036464e-02
5.552125822699854751e+01 9.415257635485191345e-01 3.193250444841858604e-01 -2.532808093914538650e-01 -1.579900971089887377e-02
5.562125822699854893e+01 9.185967696980041897e-01 3.177698378904251220e-01 -1.969158314801055520e-01 -1.574963899740245560e-02
5.572125822699855036e+01 9.022115699337093231e-01 3.161030193699250201e-01 -1.335571065012253200e-01 -1.786010962261764048e-02
5.582125822699855178e+01 8.920636142937261592e-01 3.141596444803671506e-01 -7.190044058223629686e-02 -2.111096085983727236e-02
5.592125822699855320e+01 8.858571752372879082e-01 3.118748836727509577e-01 -6.276000749675046675e-02 -2.456917359918550300e-02
5.602125822699855462e+01 8.775494824985864417e-01 3.092485939919469295e-01 -1.126194663618078351e-01 -2.797171783896043248e-02
5.612125822699855604e+01 8.640280661801359452e-01 3.062654990406513122e-01 -1.407413299736906265e-01 -3.181294485724536769e-02
5.622125822699855746e+01 8.516382058864107041e-01 3.028649475570129312e-01 -1.060718582872231530e-01 -3.625426460737360412e-02
5.632125822699855888e+01 8.428692548170104715e-01 2.990152885249436343e-01 -7.421435521637662069e-02 -4.067578754898524412e-02
5.642125822699856030e+01 8.340161378397026315e-01 2.947490118095736911e-01 -1.098121257363605247e-01 -4.456172829180494316e-02
5.652125822699856172e+01 8.229560702424354446e-01 2.901143928423009499e-01 -1.001152780463071129e-01 -4.807341473140734622e-02
5.662125822699856315e+01 8.141863574189861508e-01 2.851539455266757783e-01 -7.182909195680159398e-02 -5.099575847347068841e-02
5.672125822699856457e+01 8.103624877098861701e-01 2.799546502285958360e-01 -3.644589020384128575e-03 -5.271153449464899277e-02
5.682125822699856599e+01 8.116852783511008251e-01 2.746832287111423687e-01 2.107140959337742980e-02 -5.230902229622878818e-02
5.692125822699856741e+01 8.138717576398505349e-01 2.695761240053681784e-01 2.445504684173219548e-02 -4.942066213581208789e-02
5.702125822699856883e+01 8.176126341824078159e-01 2.648813181506475822e-01 5.389253140637746686e-02 -4.405404762483215025e-02
5.712125822699857025e+01 8.247241915265843826e-01 2.608533684362170924e-01 8.963345076168882652e-02 -3.604865475930621455e-02
5.722125822699857167e+01 8.355040739226935465e-01 2.577656232585296414e-01 1.221299986044044883e-01 -2.522664489939204641e-02
5.732125822699857309e+01 8.490806461754732970e-01 2.559022286499423871e-01 1.504710814697778065e-01 -1.158376961071709392e-02
5.742125822699857451e+01 8.636937534109863090e-01 2.555357064511813991e-01 1.289046067812371910e-01 4.632017132400670714e-03
5.752125822699857594e+01 8.752822064766615506e-01 2.568835966029614504e-01 1.116824020712349486e-01 2.250239993706784625e-02
5.762125822699857736e+01 8.854523055364811324e-01 2.600568031292001536e-01 8.590333676579586797e-02 4.098029174826630511e-02
5.772125822699857878e+01 8.936720518502432320e-01 2.650633443576927428e-01 8.913266363606382747e-02 5.898874091980292611e-02
5.782125822699858020e+01 9.045548324576950794e-01 2.718149203282222426e-01 1.327956472395404042e-01 7.582705109967247115e-02
5.792125822699858162e+01 9.194801878908428483e-01 2.801854188845863125e-01 1.510773798071353147e-01 9.135512271531009976e-02
5.802125822699858304e+01 9.326415784739994219e-01 2.900276346456706622e-01 1.122810023624422476e-01 1.051068527744378339e-01
5.812125822699858446e+01 9.428287165129440872e-01 3.011127657956118586e-01 9.872514590016559510e-02 1.160550105312841418e-01
5.822125822699858588e+01 9.546469088947810988e-01 3.131245044635834196e-01 1.457033383331055032e-01 1.236166164671770457e-01
5.832125822699858730e+01 9.711941087217506041e-01 3.257320795258734636e-01 1.743514850666685323e-01 1.280494087962606997e-01
5.842125822699858873e+01 9.877784934901123748e-01 3.386368306392003036e-01 1.535239549862844333e-01 1.295355846505797381e-01
5.852125822699859015e+01 1.002162748059714614e+00 3.515310008319078028e-01 1.365627461689759292e-01 1.277845405733309125e-01
5.862125822699859157e+01 1.015459569786050675e+00 3.640799533831222123e-01 1.360813656576657649e-01 1.226301833474657960e-01
5.872125822699859299e+01 1.030418810033842503e+00 3.759518014825466437e-01 1.525468985031015468e-01 1.143367830450194994e-01
5.882125822699859441e+01 1.042533541790544138e+00 3.868571033043317620e-01 8.761527685665390641e-02 1.032920548964108010e-01
5.892125822699859583e+01 1.050009172519046130e+00 3.965091486428187206e-01 6.429162500971008498e-02 8.924988547492151980e-02
5.902125822699859725e+01 1.054430332377513491e+00 4.046117757247259528e-01 2.871223062782765623e-02 7.233850523084922601e-02
5.912125822699859867e+01 1.058120258462057262e+00 4.108917324197159937e-01 4.984067497417732362e-02 5.291146157173534648e-02
5.922125822699860009e+01 1.063498736396790934e+00 4.151439733395332898e-01 5.348170394888206169e-02 3.197006583890897591e-02
5.932125822699860151e+01 1.069395302294727346e+00 4.172681113936309583e-01 7.077186605178412138e-02 1.050969869717562760e-02
5.942125822699860294e+01 1.077910578468724845e+00 4.172667830989685855e-01 9.745776059735333785e-02 -1.032229175844432897e-02
5.952125822699860436e+01 1.089763943483642583e+00 4.152672489249430443e-01 1.470797645368299433e-01 -2.923550094692949769e-02
5.962125822699860578e+01 1.106153527314477136e+00 4.115323693417885509e-01 1.634106782142502046e-01 -4.479176736912686418e-02
5.972125822699860720e+01 1.119865172243859508e+00 4.064492410492672736e-01 1.027218908932413105e-01 -5.617956208433405596e-02
5.982125822699860862e+01 1.125509265788162461e+00 4.004235411344568285e-01 1.355686388623603134e-02 -6.377686905468937795e-02
5.992125822699861004e+01 1.124627006194343526e+00 3.937915441616083867e-01 -2.863731257033029498e-02 -6.841868298514534874e-02
6.000000000000000000e+01 1.120463328720466833e+00 3.883195430402018311e-01 -7.869085041491644117e-02 -7.034434958919036363e-02
