time[s] x1[m] x2[m] x1_dot[m/s] x2_dot[m/s]
0.000000000000000000e+00 0.000000000000000000e+00 0.000000000000000000e+00 0.000000000000000000e+00 0.000000000000000000e+00
9.999999999999999124e-05 3.714127852374646209e-08 4.463670532893731243e-15 7.428174737298360664e-04 1.343585465033290009e-10
1.100000000000000066e-03 4.493110082919240981e-06 6.537921057124020602e-12 8.168301530651324305e-03 1.842738383567285222e-08
1.110000000000000049e-02 4.564600024532989610e-04 1.283972045010601367e-08 8.213458839352991148e-02 4.081446050218065642e-06
6.065517346956830064e-02 1.343413743551342965e-02 6.990892252205456005e-06 4.383339102420786837e-01 4.435669272891698219e-04
1.606551734695683131e-01 9.019371021002019206e-02 3.061341355514691988e-04 1.075541285433204042e+00 7.418692950917080489e-03
2.606551734695683464e-01 2.226520175811569358e-01 2.001209541015625849e-03 1.532377588752088515e+00 2.960255180029120609e-02
3.606551734695683242e-01 3.881764058527935601e-01 6.920567579187219751e-03 1.744940533167100627e+00 7.245472288625377788e-02
4.606551734695683020e-01 5.661930906274583730e-01 1.722761102519866638e-02 1.784877236963691605e+00 1.372618708485846550e-01
5.606551734695682798e-01 7.374753325706191465e-01 3.503138991157453419e-02 1.595946348469249321e+00 2.216825529741502931e-01
6.606551734695682576e-01 8.771556508514251060e-01 6.200804545620838826e-02 1.172814178837920940e+00 3.192845994648866870e-01
7.606551734695682354e-01 9.708404589186891975e-01 9.899423120024195000e-02 7.007273060245871044e-01 4.200426981446644947e-01
8.606551734695682132e-01 1.017037848829834168e+00 1.457529658617804647e-01 2.290478058776199144e-01 5.128974171318821940e-01
9.606551734695681910e-01 1.019021074672969096e+00 2.009550249109740006e-01 -1.782414555115034438e-01 5.872503969567860471e-01
1.060655173469568169e+00 9.849111201225305701e-01 2.622856752017961868e-01 -4.749179358072851964e-01 6.341711417515167870e-01
1.160655173469568258e+00 9.302778245083288544e-01 3.266681064882976382e-01 -5.862539196932613494e-01 6.475936988134165517e-01
1.260655173469568346e+00 8.750795592202902373e-01 3.906156732565787548e-01 -4.837686192750151881e-01 6.255105166474730360e-01
1.360655173469568435e+00 8.367289544742247953e-01 4.506623187654231755e-01 -2.766767550539982468e-01 5.702813892163236531e-01
1.460655173469568524e+00 8.217408723352366273e-01 5.037433910892898936e-01 -1.608889015632852804e-02 4.872647951221203977e-01
1.560655173469568613e+00 8.332519021878467269e-01 5.474289512124833612e-01 2.432272200906050452e-01 3.836836402989607930e-01
1.660655173469568702e+00 8.697829407091945964e-01 5.800653698934258307e-01 4.800552144358530837e-01 2.676700327540303403e-01
1.760655173469568791e+00 9.273708280331359743e-01 6.008246222286146576e-01 6.631820576381672883e-01 1.474860191322875380e-01
1.860655173469568879e+00 1.000264996731711431e+00 6.096810651581213714e-01 7.800051931419330620e-01 3.082132681438411181e-02
1.960655173469568968e+00 1.079872586236334753e+00 6.073256537102347252e-01 7.909312535466481719e-01 -7.580465041101074053e-02
2.060655173469569057e+00 1.153760592692871789e+00 5.950091794443116422e-01 6.653478502005838457e-01 -1.678470847627907825e-01
2.160655173469569146e+00 1.209132182062906180e+00 5.743127552484765808e-01 4.229328154560575426e-01 -2.432721135459967599e-01
2.260655173469569235e+00 1.235135530000775361e+00 5.468986190648363888e-01 8.772384185845388815e-02 -3.024502569876821312e-01
2.360655173469569323e+00 1.225859511113930989e+00 5.142885047586377434e-01 -2.740094096080311070e-01 -3.476860006542515924e-01
2.460655173469569412e+00 1.180650674015223167e+00 4.777164125333762668e-01 -6.260807746976884136e-01 -3.822829511436535155e-01
2.560655173469569501e+00 1.103106073752224248e+00 4.380670782267658270e-01 -9.008197878456658536e-01 -4.097988664242250834e-01
2.660655173469569590e+00 1.005409538095006550e+00 3.959013044213379739e-01 -1.038601036056187921e+00 -4.329116359795243119e-01
2.760655173469569679e+00 8.974125227698939167e-01 3.515937981639521981e-01 -1.106094117190555837e+00 -4.527287228028288868e-01
2.860655173469569768e+00 7.876037207097704718e-01 3.054621495484636240e-01 -1.077190701963954167e+00 -4.693035807640280610e-01
2.960655173469569856e+00 6.844800556925632051e-01 2.578768750260430620e-01 -9.695847273282856005e-01 -4.815341364283702852e-01
3.060655173469569945e+00 5.967406822580525461e-01 2.093696096352025138e-01 -7.735410875698658373e-01 -4.873010067255686972e-01
3.160655173469570034e+00 5.306813518999434764e-01 1.607325150955508097e-01 -5.514280000451809993e-01 -4.835933043005439802e-01
3.260655173469570123e+00 4.854298831229894584e-01 1.130665283346069527e-01 -3.545838823533944417e-01 -4.674494694003253903e-01
3.360655173469570212e+00 4.591950328257903280e-01 6.773029060187005235e-02 -1.810353046590088000e-01 -4.367044010079308980e-01
3.460655173469570300e+00 4.467662839270576947e-01 2.625074001080081321e-02 -7.395733426476343297e-02 -3.902631793680269578e-01
3.560655173469570389e+00 4.434603661027903820e-01 -9.810772279088879333e-03 -1.948427625071441627e-03 -3.285100248232066256e-01
3.660655173469570478e+00 4.436727950779133511e-01 -3.899481203059367018e-02 -4.079823716480522264e-03 -2.531214071461903581e-01
3.760655173469570567e+00 4.425192162648054484e-01 -6.008484824995970891e-02 -1.278547774550161699e-02 -1.672421036184627285e-01
3.860655173469570656e+00 4.414845949964515959e-01 -7.221787624536002426e-02 -1.385712571698905285e-02 -7.460786426158885765e-02
3.960655173469570745e+00 4.382422548251354577e-01 -7.491405081025609425e-02 -5.576539362130079891e-02 2.077173730806856911e-02
4.060655173469570833e+00 4.302551949190816516e-01 -6.812487735333080940e-02 -9.888671492291803422e-02 1.143126980891764066e-01
4.160655173469570478e+00 4.200609879282400927e-01 -5.226341484114403746e-02 -1.002057036921169542e-01 2.015277991031693694e-01
4.260655173469570123e+00 4.102260691428359918e-01 -2.815535253772812399e-02 -9.508914754054313689e-02 2.786754445818298564e-01
4.360655173469569768e+00 4.024559034164173488e-01 3.031466064318758674e-03 -5.027670912218131644e-02 3.426563480421352947e-01
4.460655173469569412e+00 4.018274632781451139e-01 3.986880452074019476e-02 4.092747756014544075e-02 3.914681409666619372e-01
4.560655173469569057e+00 4.100926743170030808e-01 8.079239353182392225e-02 1.230072958767505775e-01 4.243133715105670278e-01
4.660655173469568702e+00 4.284041605360296989e-01 1.241951428059587803e-01 2.587033289315630591e-01 4.411211188584876486e-01
4.760655173469568346e+00 4.627513117777365403e-01 1.685227976157621099e-01 4.215248547484002906e-01 4.431466139444613650e-01
4.860655173469567991e+00 5.117309091304116375e-01 2.124053027910409730e-01 5.591225928098231268e-01 4.326023225612082856e-01
4.960655173469567636e+00 5.745051502855872405e-01 2.547067528899132904e-01 6.885611496773100804e-01 4.119755425970913487e-01
5.060655173469567281e+00 6.470980040038851744e-01 2.945533543541123400e-01 7.555212234159549567e-01 3.839143062230747638e-01
5.160655173469566925e+00 7.250713632132768094e-01 3.313158325700275020e-01 7.986400549956714778e-01 3.506397650105071429e-01
5.260655173469566570e+00 8.045720037828020255e-01 3.645733791045115413e-01 7.798037863358854294e-01 3.140989554389577165e-01
5.360655173469566215e+00 8.788951565748492900e-01 3.940696636809391529e-01 6.933784188996061637e-01 2.755515241720210007e-01
5.460655173469565860e+00 9.411332752881884645e-01 4.196293086498550928e-01 5.483680866199653892e-01 2.353452468516007701e-01
5.560655173469565504e+00 9.881564818455327304e-01 4.410721504719148367e-01 3.865559300127598408e-01 1.931384712870387599e-01
5.660655173469565149e+00 1.018053914242280422e+00 4.581714228431882918e-01 2.160471294801719622e-01 1.483626845052018750e-01
5.760655173469564794e+00 1.032060028190520118e+00 4.706410725845848186e-01 6.373256738803723120e-02 1.004919547057760432e-01
5.860655173469564438e+00 1.031363265614978930e+00 4.781600678510935509e-01 -6.824144214199351355e-02 4.934220744942525300e-02
5.960655173469564083e+00 1.020830868038621331e+00 4.804103848391199638e-01 -1.337930493341152605e-01 -4.742927244726545533e-03
6.060655173469563728e+00 1.004911519970227651e+00 4.771556732244411902e-01 -1.841983263775610336e-01 -6.049615166234266483e-02
6.160655173469563373e+00 9.852190426036040449e-01 4.683106491141578731e-01 -2.043893523744799712e-01 -1.162463390651210515e-01
6.260655173469563017e+00 9.634652445448742553e-01 4.539731229703938831e-01 -2.325236878076722136e-01 -1.700065522864376011e-01
6.360655173469562662e+00 9.397363868715284951e-01 4.344396833771240196e-01 -2.429616285351687555e-01 -2.198469221281574293e-01
6.460655173469562307e+00 9.121717277903137466e-01 4.101953802733519505e-01 -3.189064820805860290e-01 -2.639859226144330440e-01
6.560655173469561952e+00 8.763193584127576541e-01 3.818616183184820323e-01 -3.962309594265543411e-01 -3.015540509402631630e-01
6.660655173469561596e+00 8.317732139155048499e-01 3.501172852720002560e-01 -4.980044221354486544e-01 -3.321680006103336913e-01
6.760655173469561241e+00 7.778646888034352891e-01 3.156563097242477411e-01 -5.720136187936162298e-01 -3.559253294158286063e-01
6.860655173469560886e+00 7.183792352526782166e-01 2.791580741211024952e-01 -6.132229130934623296e-01 -3.729026898017699376e-01
6.960655173469560530e+00 6.564559581449820325e-01 2.413058904895875323e-01 -6.179541692664282104e-01 -3.829680638431255391e-01
7.060655173469560175e+00 5.959936612284746360e-01 2.028066434235811510e-01 -5.893446447515580111e-01 -3.857613070763646901e-01
7.160655173469559820e+00 5.382450027305186735e-01 1.644119965678043360e-01 -5.650528273255498446e-01 -3.808192074582744113e-01
7.260655173469559465e+00 4.845385766685814111e-01 1.269073583861082266e-01 -5.002830146143631973e-01 -3.679284749456491199e-01
7.360655173469559109e+00 4.381113932827717661e-01 9.110260974877118501e-02 -4.336490774109637014e-01 -3.467623433544193001e-01
7.460655173469558754e+00 3.979930106387811750e-01 5.783334515009094096e-02 -3.643522495544555539e-01 -3.172505462034780899e-01
7.560655173469558399e+00 3.649464499537123929e-01 2.792207399405543383e-02 -2.989704828023245220e-01 -2.796676342184981623e-01
7.660655173469558044e+00 3.391913769367032594e-01 2.148926273804498827e-03 -2.119910432435526126e-01 -2.346070033649625686e-01
7.760655173469557688e+00 3.214523975835273384e-01 -1.877385263833012199e-02 -1.468698123838171332e-01 -1.828081540440019970e-01
7.860655173469557333e+00 3.111054102978927371e-01 -3.422683040633798385e-02 -5.524178787691330639e-02 -1.254214051860910728e-01
7.960655173469556978e+00 3.089381322340243319e-01 -4.371140458404164375e-02 1.980920347710135587e-03 -6.366165748557631177e-02
8.060655173469557511e+00 3.105492510325865152e-01 -4.687181402206813674e-02 2.783579637818988511e-02 7.022488951212574326e-04
8.160655173469557155e+00 3.152198167829391440e-01 -4.356077342651491768e-02 7.583026698783909558e-02 6.538197131949557983e-02
8.260655173469556800e+00 3.261029295065274725e-01 -3.385272995689935643e-02 1.317709976649936443e-01 1.283486612273935790e-01
8.360655173469556445e+00 3.402250220479228204e-01 -1.801172720246337414e-02 1.511213095233370496e-01 1.876813704711152442e-01
8.460655173469556090e+00 3.560260518332393209e-01 3.489610858379080249e-03 1.614726893502513860e-01 2.411993485476905952e-01
8.560655173469555734e+00 3.728814892587318797e-01 2.996462874861793163e-02 1.811164520945879597e-01 2.868289675261988525e-01
8.660655173469555379e+00 3.932530736076805811e-01 6.053827841011166777e-02 2.317688850658614907e-01 3.229722486736101295e-01
8.760655173469555024e+00 4.199436220327559810e-01 9.421621907314695066e-02 3.014704462657273321e-01 3.488540385114256570e-01
8.860655173469554668e+00 4.534323768932504439e-01 1.299632724369050585e-01 3.696170871038340078e-01 3.643745868646431907e-01
8.960655173469554313e+00 4.939714605175699602e-01 1.667570804398883499e-01 4.413663296894417831e-01 3.698891257028237844e-01
9.060655173469553958e+00 5.415416586723762471e-01 2.036343363442782439e-01 5.032212778758093918e-01 3.662110328431340545e-01
9.160655173469553603e+00 5.922008372234165430e-01 2.397255738658284063e-01 4.994799102492633591e-01 3.542980961261754658e-01
9.260655173469553247e+00 6.399890729192175831e-01 2.742357865027449382e-01 4.498406026908256528e-01 3.346307550053574387e-01
9.360655173469552892e+00 6.817828593107628787e-01 3.063979599972206924e-01 3.891255055704756494e-01 3.073560817944839263e-01
9.460655173469552537e+00 7.178235370490194667e-01 3.354630493748539943e-01 3.287865260341253926e-01 2.727726204113928299e-01
9.560655173469552182e+00 7.479795654760910129e-01 3.607287232158523094e-01 2.798056146256995280e-01 2.314927599709521167e-01
9.660655173469551826e+00 7.741622390642610707e-01 3.815726871303690704e-01 2.451151544798718385e-01 1.845583194916040892e-01
9.760655173469551471e+00 7.975306387802721941e-01 3.975014820962348150e-01 2.207293186178208577e-01 1.334701892288086000e-01
9.860655173469551116e+00 8.175761846206989203e-01 4.081867745561265082e-01 1.826892980168139669e-01 7.997669696385506510e-02
9.960655173469550761e+00 8.351983555460459341e-01 4.134758066866419113e-01 1.681778899777122416e-01 2.586969354584387620e-02
1.006065517346955041e+01 8.493858228455388737e-01 4.134061053514580530e-01 1.081816169495633528e-01 -2.690415423481042068e-02
1.016065517346955005e+01 8.567717734317059630e-01 4.081867637272476590e-01 4.104872867964104444e-02 -7.692831782057964196e-02
1.026065517346954969e+01 8.566286634303749148e-01 3.981492176922405979e-01 -5.273431791719326855e-02 -1.231095257631688727e-01
1.036065517346954934e+01 8.454580547916087374e-01 3.837129144774019118e-01 -1.702813385778932653e-01 -1.648656770556691520e-01
1.046065517346954898e+01 8.220748741689621886e-01 3.653259442341990071e-01 -2.993651913782083285e-01 -2.021398572610298427e-01
1.056065517346954863e+01 7.869038401844482555e-01 3.434262937292741902e-01 -3.941575905741097063e-01 -2.351596904242730379e-01
1.066065517346954827e+01 7.442744299120676033e-01 3.184359356563568610e-01 -4.518226300519532224e-01 -2.639134329565059889e-01
1.076065517346954792e+01 6.987847128872987090e-01 2.907997630443164283e-01 -4.515940022774257989e-01 -2.879566236330955431e-01
1.086065517346954756e+01 6.538141972252511369e-01 2.610327200638917766e-01 -4.474631630304239382e-01 -3.063672681038520085e-01
1.096065517346954721e+01 6.094395502968360523e-01 2.297425043374221043e-01 -4.415083997066074906e-01 -3.182986369672920479e-01
1.106065517346954685e+01 5.665927382453468386e-01 1.976092352824951881e-01 -4.043111179934260058e-01 -3.231362981447876148e-01
1.116065517346954650e+01 5.282314679907431643e-01 1.653752469460389452e-01 -3.755908552316594706e-01 -3.201915734009527781e-01
1.126065517346954614e+01 4.912626344621394137e-01 1.338399137750467260e-01 -3.535399100308504461e-01 -3.091891651004043395e-01
1.136065517346954579e+01 4.580046152142342453e-01 1.038020698878440867e-01 -3.175525015152934061e-01 -2.902529183868249318e-01
1.146065517346954543e+01 4.273723147695563385e-01 7.604350356812977774e-02 -2.925458340290385539e-01 -2.637065390244239804e-01
1.156065517346954508e+01 4.004003273241995009e-01 5.129030693305299676e-02 -2.385281247710769326e-01 -2.302702557209733714e-01
1.166065517346954472e+01 3.810794456999858082e-01 3.019879771875013524e-02 -1.489685961509197298e-01 -1.905427642474443739e-01
1.176065517346954437e+01 3.693669321634180935e-01 1.337583510297298342e-02 -8.931617639708229472e-02 -1.450188961072380600e-01
1.186065517346954401e+01 3.634418765864823042e-01 1.354628370299433560e-03 -2.626373916155901045e-02 -9.470960863292106346e-02
1.196065517346954366e+01 3.634729603178549762e-01 -5.447637529228801373e-03 1.636078489550155807e-02 -4.086221187743634131e-02
1.206065517346954330e+01 3.652243569792966160e-01 -6.756040348280277497e-03 1.872396166356258759e-02 1.481512018334280034e-02
1.216065517346954294e+01 3.669197796041493986e-01 -2.499208685686989118e-03 8.877628310350335963e-03 7.005027811677440319e-02
1.226065517346954259e+01 3.668142527583689860e-01 7.156714394165255774e-03 -5.160098059938236781e-03 1.223685267180188302e-01
1.236065517346954223e+01 3.660149611817500870e-01 2.179743912559645863e-02 -1.557384363381163032e-02 1.693831707771452089e-01
1.246065517346954188e+01 3.642385551020018708e-01 4.078554995182024495e-02 -8.494149441047763732e-03 2.089833591615384567e-01
1.256065517346954152e+01 3.660963285174034798e-01 6.329607162025745193e-02 4.635007212167846502e-02 2.396791730146518584e-01
1.266065517346954117e+01 3.726901268361140773e-01 8.840495300828273006e-02 8.452140896192633646e-02 2.608837806024526529e-01
1.276065517346954081e+01 3.848672446793145463e-01 1.151477571123116217e-01 1.727530304575375930e-01 2.723780660740336979e-01
1.286065517346954046e+01 4.081449327150499240e-01 1.425822014439904195e-01 2.904174630218228081e-01 2.749457477692993645e-01
1.296065517346954010e+01 4.429866486971456574e-01 1.698916190843093310e-01 4.062526164804049489e-01 2.701664239126667644e-01
1.306065517346953975e+01 4.883004841831378173e-01 1.964320576029984777e-01 4.927323493239340046e-01 2.598756959925169752e-01
1.316065517346953939e+01 5.398405422049993296e-01 2.217389625296570799e-01 5.271024936909441960e-01 2.457324900989113214e-01
1.326065517346953904e+01 5.926701739625676035e-01 2.454871822998937192e-01 5.309593215647271380e-01 2.288377626136808007e-01
1.336065517346953868e+01 6.446755249859087433e-01 2.674405641660732025e-01 4.931566505412974255e-01 2.099464318935392315e-01
1.346065517346953833e+01 6.894767165336215253e-01 2.874177836410231612e-01 3.993883270462702528e-01 1.892717254348995626e-01
1.356065517346953797e+01 7.223923702103521860e-01 3.052192157793182092e-01 2.475349869143925463e-01 1.662972772920112974e-01
1.366065517346953762e+01 7.394930758276982985e-01 3.205624429699429623e-01 1.044357066701221692e-01 1.398926921078750274e-01
1.376065517346953726e+01 7.444667399287904219e-01 3.330519370747583308e-01 2.265523845262989999e-03 1.091357940672516846e-01
1.386065517346953690e+01 7.421082082818797332e-01 3.422395636760143245e-01 -4.277154798559540394e-02 7.391524635286275680e-02
1.396065517346953655e+01 7.365781243729156991e-01 3.477120410203468071e-01 -6.174744566753141012e-02 3.502073589007424076e-02
1.406065517346953619e+01 7.305698921427059567e-01 3.491671856069137880e-01 -6.073202239750843251e-02 -6.155045572381973029e-03
1.416065517346953584e+01 7.236738313285645541e-01 3.464616892030816797e-01 -8.132475903992925081e-02 -4.792121676184444429e-02
1.426065517346953548e+01 7.128914697058882366e-01 3.396115273005326229e-01 -1.402094643765016968e-01 -8.885139976403438888e-02
1.436065517346953513e+01 6.958410059742436982e-01 3.287501639506376638e-01 -1.961071012831346327e-01 -1.280174247613899419e-01
1.446065517346953477e+01 6.743693893204276701e-01 3.140953548553271912e-01 -2.305083755606906759e-01 -1.645581643980404962e-01
1.456065517346953442e+01 6.499538138110623198e-01 2.959603881438614414e-01 -2.594701764313319670e-01 -1.974454960891308675e-01
1.466065517346953406e+01 6.221987138454621036e-01 2.747597448825264133e-01 -2.953772936370218649e-01 -2.257383997835809841e-01
1.476065517346953371e+01 5.909236133710190630e-01 2.509887077178562520e-01 -3.302915655593591238e-01 -2.487581283955658806e-01
1.486065517346953335e+01 5.562348424337483221e-01 2.251993989664831386e-01 -3.607422003515780018e-01 -2.660457502146839071e-01
1.496065517346953300e+01 5.203933854575929496e-01 1.979816489704356308e-01 -3.455076036812586571e-01 -2.772553703427453886e-01
1.506065517346953264e+01 4.875239012163370411e-01 1.699728368493183261e-01 -3.180733270761554876e-01 -2.817346900665526621e-01
1.516065517346953229e+01 4.566515490924141218e-01 1.418778066112225400e-01 -2.919795740514845028e-01 -2.789317853966148952e-01
1.526065517346953193e+01 4.301847153622596620e-01 1.144392037134422391e-01 -2.372762422457557197e-01 -2.685432815539915974e-01
1.536065517346953158e+01 4.090109824824516016e-01 8.843238972009290211e-02 -1.873254149156652892e-01 -2.502711815604186096e-01
1.546065517346953122e+01 3.923390803391960668e-01 6.464598097248099029e-02 -1.481697581852862988e-01 -2.241852351650681363e-01
1.556065517346953087e+01 3.785256758824612766e-01 4.383767143063160149e-02 -1.343731257197909867e-01 -1.908520193160056500e-01
1.566065517346953051e+01 3.651705419394523089e-01 2.667740537471927770e-02 -1.290899209380136359e-01 -1.514760205148968364e-01
1.576065517346953015e+01 3.527165013470354160e-01 1.369149998277689219e-02 -1.234349790959042709e-01 -1.076358924605424761e-01
1.586065517346952980e+01 3.410801046768016098e-01 5.240475485246564799e-03 -9.988280293416987310e-02 -6.108250885513463041e-02
1.596065517346952944e+01 3.338839767881473519e-01 1.511934128633170022e-03 -4.402939509745082414e-02 -1.340718984872928121e-02
1.606065517346953087e+01 3.320269011090450917e-01 2.554808655864109542e-03 5.672616240649415442e-03 3.413799456209399424e-02
1.616065517346953229e+01 3.351049580212911438e-01 8.292577642958796208e-03 5.924048507502514133e-02 8.027806026703093734e-02
1.626065517346953371e+01 3.443101879433136947e-01 1.852500172876629311e-02 1.231594647040519519e-01 1.238651002623388786e-01
1.636065517346953513e+01 3.598006473569324015e-01 3.294939009733838242e-02 1.923710975296049341e-01 1.639723395350494439e-01
1.646065517346953655e+01 3.834802038395114243e-01 5.118135045516426784e-02 2.769316353558674004e-01 1.999510389838211610e-01
1.656065517346953797e+01 4.137997207081038908e-01 7.278987258817457007e-02 3.255457523191345182e-01 2.314245375532306137e-01
1.666065517346953939e+01 4.485522221435396251e-01 9.729679077128303155e-02 3.717025347817331515e-01 2.578212397732948524e-01
1.676065517346954081e+01 4.885993307834610166e-01 1.241706007569006870e-01 4.273541915020990789e-01 2.787262235120246401e-01
1.686065517346954223e+01 5.323600264222978495e-01 1.528542375165782286e-01 4.396967418172722519e-01 2.939808440609593676e-01
1.696065517346954366e+01 5.762628931153165324e-01 1.827645771327163216e-01 4.380731035032741638e-01 3.031749268047817525e-01
1.706065517346954508e+01 6.187789549958172541e-01 2.132725163360154885e-01 4.065192662574389493e-01 3.058590858434156456e-01
1.716065517346954650e+01 6.578449996342311534e-01 2.437020584066392492e-01 3.780211524541378099e-01 3.015278296600845120e-01
1.726065517346954792e+01 6.942543336278790278e-01 2.733360210628356657e-01 3.502207327675253556e-01 2.899425235043240345e-01
1.736065517346954934e+01 7.285820866173260413e-01 3.014525807217218745e-01 3.396331153388915669e-01 2.712382207197099326e-01
1.746065517346955076e+01 7.628945097037246326e-01 3.273673558063161515e-01 3.520504415997569025e-01 2.460639893439718617e-01
1.756065517346955218e+01 7.990282298872555256e-01 3.504906465126600423e-01 3.632272160081886914e-01 2.156548448330012635e-01
1.766065517346955360e+01 8.346036496031475904e-01 3.703708358068698026e-01 3.489006068262042737e-01 1.814136636664539504e-01
1.776065517346955502e+01 8.679834212206473110e-01 3.866873460157000397e-01 3.088392108081938758e-01 1.445824139089779692e-01
1.786065517346955644e+01 8.953684982127206871e-01 3.992332000034535811e-01 2.400308082591733894e-01 1.061164691767590151e-01
1.796065517346955787e+01 9.162718145027117789e-01 4.078784288821633575e-01 1.799449021333197063e-01 6.668937184503262450e-02
1.806065517346955929e+01 9.313431473594536714e-01 4.125654733123904072e-01 1.122781436347911610e-01 2.709330310826944116e-02
1.816065517346956071e+01 9.360964223436782916e-01 4.133115543353350074e-01 -2.044174239353130362e-02 -1.210691637689589178e-02
1.826065517346956213e+01 9.287484334449284118e-01 4.101531024265815950e-01 -1.223492377521941676e-01 -5.101527946937427921e-02
1.836065517346956355e+01 9.110199034327526313e-01 4.031211816888354837e-01 -2.316162620223322088e-01 -8.955328363455908325e-02
1.846065517346956497e+01 8.836511557597148681e-01 3.922584560540439691e-01 -3.120673775023538044e-01 -1.275936598445394921e-01
1.856065517346956639e+01 8.490382092691991511e-01 3.776325242804030591e-01 -3.742878595103532047e-01 -1.647269633003646261e-01
1.866065517346956781e+01 8.100575945050220161e-01 3.593664459942451650e-01 -4.009769626223247951e-01 -2.002427792670773421e-01
1.876065517346956923e+01 7.701283973215504730e-01 3.376747715498548685e-01 -3.916565405568772085e-01 -2.330197303731934289e-01
1.886065517346957066e+01 7.313899571399350430e-01 3.129026573137075884e-01 -3.860827309072749625e-01 -2.616032437842989999e-01
1.896065517346957208e+01 6.939321346680576985e-01 2.855382851233291830e-01 -3.586283616210265701e-01 -2.846541575875499719e-01
1.906065517346957350e+01 6.582830141546861524e-01 2.561993177219322182e-01 -3.627952188133779510e-01 -3.009109378075164876e-01
1.916065517346957492e+01 6.216195490787255196e-01 2.256053031555493860e-01 -3.667055246575443017e-01 -3.096970967585422341e-01
1.926065517346957634e+01 5.846308805188915603e-01 1.945186670122205363e-01 -3.754677507999571451e-01 -3.107364230007628736e-01
1.936065517346957776e+01 5.464354282786244577e-01 1.637138325478598999e-01 -3.884584699396665952e-01 -3.041129155045172450e-01
1.946065517346957918e+01 5.076921974207971866e-01 1.339365751930104986e-01 -3.784484463061372761e-01 -2.902735150300527200e-01
1.956065517346958060e+01 4.717763107905665332e-01 1.058853020801207440e-01 -3.381799279716608542e-01 -2.696441807764031751e-01
1.966065517346958202e+01 4.403854235450762600e-01 8.022372186866399968e-02 -2.901932812041746468e-01 -2.425397373241759968e-01
1.976065517346958345e+01 4.131697252667008713e-01 5.757715445646226227e-02 -2.536610542147099134e-01 -2.094578133093159267e-01
1.986065517346958487e+01 3.904386334424897465e-01 3.850403780634815282e-02 -1.984781473209957792e-01 -1.712150340220857103e-01
1.996065517346958629e+01 3.739633323241854379e-01 2.347845531507075298e-02 -1.274350379533820687e-01 -1.286422083679399364e-01
2.006065517346958771e+01 3.643224084717888722e-01 1.289338843085620009e-02 -7.418945575805369064e-02 -8.255038268372483223e-02
2.016065517346958913e+01 3.589097568563606733e-01 7.046805868371486432e-03 -2.778078441614211663e-02 -3.411077930536109137e-02
2.026065517346959055e+01 3.591549844427050497e-01 6.104434540663001944e-03 3.133500758678682552e-02 1.532824972985741274e-02
2.036065517346959197e+01 3.654995893790393691e-01 1.010470026452378600e-02 9.623235690239227702e-02 6.453997892565939420e-02
2.046065517346959339e+01 3.781625924028915176e-01 1.896611630119563602e-02 1.607291349572009254e-01 1.123608542627371476e-01
2.056065517346959481e+01 3.986340211883703799e-01 3.249597440878013166e-02 2.453209211338885920e-01 1.577720773956270695e-01
2.066065517346959624e+01 4.258042142008566233e-01 5.041432552911911946e-02 2.962526692361902025e-01 1.999811524799133267e-01
2.076065517346959766e+01 4.577653530850219199e-01 7.235242218133415559e-02 3.385091331842128293e-01 2.380009504160075506e-01
2.086065517346959908e+01 4.935977563476207086e-01 9.784156511158248470e-02 3.896081568639263581e-01 2.708421885232722426e-01
2.096065517346960050e+01 5.382188176846322003e-01 1.263294554706923811e-01 5.052175564812891873e-01 2.979848381366734245e-01
2.106065517346960192e+01 5.927048860049921597e-01 1.572614301195046083e-01 5.710790205007164611e-01 3.197929634663662091e-01
2.116065517346960334e+01 6.507648969741178790e-01 1.901119215823838249e-01 5.845970630328614082e-01 3.363016222728002491e-01
2.126065517346960476e+01 7.082857115620107002e-01 2.243288231743423011e-01 5.612195793667937860e-01 3.470110800707745247e-01
2.136065517346960618e+01 7.627108925266680162e-01 2.592958659896030804e-01 5.215252373277043940e-01 3.511770025699502695e-01
2.146065517346960760e+01 8.101209437688664527e-01 2.943188311849009864e-01 4.166244917831242178e-01 3.479552004083188987e-01
2.156065517346960903e+01 8.451710219968773252e-01 3.285966818178279736e-01 2.791574505620738611e-01 3.360267241000334248e-01
2.166065517346961045e+01 8.651720310661059621e-01 3.611842023959398462e-01 1.265181184710688633e-01 3.139023948521859064e-01
2.176065517346961187e+01 8.726613847152987491e-01 3.909981201190900757e-01 2.831041066784974192e-02 2.804537838136144101e-01
2.186065517346961329e+01 8.706190200661307887e-01 4.168942504968275453e-01 -6.656232262070520267e-02 2.355963700862691024e-01
2.196065517346961471e+01 8.614948310609844562e-01 4.377569053914023844e-01 -1.035477679468087830e-01 1.799710943470017033e-01
2.206065517346961613e+01 8.509287765654771629e-01 4.525886181171218103e-01 -1.081003063909387191e-01 1.153764962933039595e-01
2.216065517346961755e+01 8.405667171505488700e-01 4.606213431520569945e-01 -9.075423166756416138e-02 4.447600330154857784e-02
2.226065517346961897e+01 8.338908737918301339e-01 4.613821968771742998e-01 -4.243305914380348515e-02 -2.945320664614831108e-02
2.236065517346962039e+01 8.318906417340190540e-01 4.547556349637335571e-01 -3.856985007972754675e-04 -1.026380442828136869e-01
2.244352851362772938e+01 8.322674009612418544e-01 4.438409147266328403e-01 3.794642603044656726e-03 -1.601106152759663170e-01
2.252640185378583837e+01 8.324162176646696665e-01 4.283489533903903079e-01 3.767543216153865140e-03 -2.128416808509663305e-01
2.262640185378583979e+01 8.333571414614197037e-01 4.042210004951372060e-01 8.690012524649242884e-03 -2.679761346914988351e-01
2.272640185378584121e+01 8.325780337502938222e-01 3.751360260496768295e-01 -2.988889982549836760e-02 -3.116801763613743503e-01
2.282640185378584263e+01 8.254588472505940411e-01 3.423089339528044284e-01 -1.274182025510045835e-01 -3.427113288013141079e-01
2.292640185378584405e+01 8.054790944401626351e-01 3.070128880929418602e-01 -2.663893672022195069e-01 -3.612078072811824025e-01
2.302640185378584547e+01 7.747895320019443366e-01 2.704486632043337502e-01 -3.374101249915879563e-01 -3.682442567090372654e-01
2.312640185378584690e+01 7.387861246045200891e-01 2.337193707797611819e-01 -3.783297360865278125e-01 -3.646250528422592119e-01
2.322640185378584832e+01 7.006801414638776926e-01 1.978548152287662731e-01 -3.767855356984102233e-01 -3.510622320847058830e-01
2.332640185378584974e+01 6.647110473941466591e-01 1.638193443619541945e-01 -3.314687436090112405e-01 -3.281212471953201537e-01
2.342640185378585116e+01 6.369609546708644432e-01 1.325341832935775233e-01 -2.187838616383571133e-01 -2.960479228952465069e-01
2.352640185378585258e+01 6.197625968115063610e-01 1.049193035497620191e-01 -1.333145198534047560e-01 -2.547194224016539055e-01
2.362640185378585400e+01 6.091133897138049091e-01 8.188232059628924864e-02 -8.849578786302281230e-02 -2.046593503786115487e-01
2.372640185378585542e+01 5.998854369977010270e-01 6.422860213419764874e-02 -1.014055661269771119e-01 -1.474055643845811892e-01
2.382640185378585684e+01 5.893614348428398708e-01 5.255722711558574040e-02 -1.044438771570167512e-01 -8.546951158772325696e-02
2.392640185378585826e+01 5.794087966923044952e-01 4.720190471742882754e-02 -9.330893302242622422e-02 -2.151495979719313112e-02
2.402640185378585969e+01 5.707343037033573152e-01 4.823664526642178901e-02 -8.228653357583123884e-02 4.191279601299358060e-02
2.412640185378586111e+01 5.627847467644595536e-01 5.548269840432252381e-02 -7.451067608544315046e-02 1.022895685080353889e-01
2.422640185378586253e+01 5.560481854403647173e-01 6.851221510806898563e-02 -6.205872369289973378e-02 1.572062475228562795e-01
2.432640185378586395e+01 5.501362093751575033e-01 8.667016797168869413e-02 -5.555296575905489115e-02 2.045168222930109914e-01
2.442640185378586537e+01 5.449231235264256901e-01 1.090989362394149259e-01 -4.931614906444375251e-02 2.423409746672952059e-01
2.452640185378586679e+01 5.407833124789190871e-01 1.347723597198301482e-01 -2.663381100749591737e-02 2.692084079361231619e-01
2.462640185378586821e+01 5.413461957283122183e-01 1.625497403872249724e-01 4.539237781890977097e-02 2.843910840920984007e-01
2.472640185378586963e+01 5.506367058092666023e-01 1.912732972836548861e-01 1.432278739633265352e-01 2.882822723922267016e-01
2.482640185378587105e+01 5.711978929946094352e-01 2.198718843222048913e-01 2.746025765460318180e-01 2.821762362012263936e-01
2.492640185378587248e+01 6.056811314650388800e-01 2.474461565050056211e-01 4.104859828662245635e-01 2.682108279920311644e-01
2.502640185378587390e+01 6.521056282041124419e-01 2.733360490620235783e-01 5.102779499003872177e-01 2.488961976241417240e-01
2.512640185378587532e+01 7.062417283383449762e-01 2.971221055437067715e-01 5.687431789357411116e-01 2.264663637759277981e-01
2.522640185378587674e+01 7.649722912508485351e-01 3.185862947376127963e-01 5.940347306515493253e-01 2.027344665686848235e-01
2.532640185378587816e+01 8.219712640284801974e-01 3.376688914498298666e-01 5.350751571804003293e-01 1.789552506488228667e-01
2.542640185378587958e+01 8.708809724291832755e-01 3.543831936711783759e-01 4.389254192316237591e-01 1.553358735356087095e-01
2.552640185378588100e+01 9.090366441409443166e-01 3.687286505635086753e-01 3.208358405061496055e-01 1.314835875612043459e-01
2.562640185378588242e+01 9.339387600150325097e-01 3.806484576990859514e-01 1.717146073238583481e-01 1.066725680560013101e-01
2.572640185378588384e+01 9.430254322588620397e-01 3.899950768112222521e-01 9.126996035729445511e-03 7.981672389175994975e-02
2.582640185378588527e+01 9.354754595690362162e-01 3.965029385037949772e-01 -1.579517125063900629e-01 4.969505735917773004e-02
2.592640185378588669e+01 9.125514707281483506e-01 3.997885117889322659e-01 -2.948179194364746181e-01 1.522841749412223028e-02
2.602640185378588811e+01 8.789915702223750626e-01 3.993870252633351381e-01 -3.529351696852703890e-01 -2.404264159244120375e-02
2.612640185378588953e+01 8.459468273728574239e-01 3.948486943301147134e-01 -3.020627796480291893e-01 -6.719095227337470999e-02
2.622640185378589095e+01 8.189803091033086568e-01 3.859005460998838344e-01 -2.321835899428285055e-01 -1.117799595404974089e-01
2.632640185378589237e+01 7.990891202246080960e-01 3.725406581295676589e-01 -1.761488722565999199e-01 -1.549389740352780376e-01
2.642640185378589379e+01 7.834357333893697817e-01 3.550479226727360493e-01 -1.270674543233143439e-01 -1.940508627750381354e-01
2.652640185378589521e+01 7.748721107302629640e-01 3.339457898643844458e-01 -4.486799296422362693e-02 -2.266961655671251852e-01
2.662640185378589663e+01 7.741640319442859575e-01 3.100083235183841435e-01 2.316849091170955499e-02 -2.503695179797073012e-01
2.672640185378589806e+01 7.760104561011407220e-01 2.842338395492416958e-01 -1.874764764247839610e-03 -2.632503112634728137e-01
2.682640185378589948e+01 7.726835130473741486e-01 2.577270290510145223e-01 -6.989491079693049835e-02 -2.650984258501448698e-01
2.692640185378590090e+01 7.603644835865485119e-01 2.315508313366688997e-01 -1.767577829486706720e-01 -2.568844931667267351e-01
2.702640185378590232e+01 7.389455225431119656e-01 2.066262131169790683e-01 -2.492605389485571254e-01 -2.403765806187438403e-01
2.712640185378590374e+01 7.089677103679112857e-01 1.836901991077503071e-01 -3.562921942128346453e-01 -2.174606971465656291e-01
2.722640185378590516e+01 6.684684118553618770e-01 1.632663692342818107e-01 -4.446959243094881220e-01 -1.905691730463938971e-01
2.732640185378590658e+01 6.217282941361057524e-01 1.456290981526149053e-01 -4.815667613399867153e-01 -1.620740517494058675e-01
2.742640185378590800e+01 5.738892451593713417e-01 1.308470403682097383e-01 -4.680665499476611702e-01 -1.336896635311679016e-01
2.752640185378590942e+01 5.291088243318389228e-01 1.188531010193208809e-01 -4.224207170195149463e-01 -1.064314675682749012e-01
2.762640185378591084e+01 4.908917835791841155e-01 1.095072984470866345e-01 -3.350602999428695106e-01 -8.075283598187435463e-02
2.772640185378591227e+01 4.626946991847634694e-01 1.026548072780011506e-01 -2.261976211638623835e-01 -5.649552750830880155e-02
2.782640185378591369e+01 4.466022763112085237e-01 9.817966360150193195e-02 -9.519557460294245099e-02 -3.307914365815867175e-02
2.792640185378591511e+01 4.418303027534112859e-01 9.603835514398972872e-02 -1.232506014239938275e-02 -9.708505908033845250e-03
2.802640185378591653e+01 4.429764652505638889e-01 9.624439475760432350e-02 3.494789569700039455e-02 1.383959946278699379e-02
2.812640185378591795e+01 4.493460550278796650e-01 9.880353111753595319e-02 9.752517506190869212e-02 3.731339895405021839e-02
2.822640185378591937e+01 4.631166519425565231e-01 1.037019347990137952e-01 1.764107886391180491e-01 6.064196691449741383e-02
2.832640185378592079e+01 4.839989013525722861e-01 1.109309379636332221e-01 2.388635913442209713e-01 8.393201489760603040e-02
2.842640185378592221e+01 5.101296773126461348e-01 1.204845062643373210e-01 2.770769705279315653e-01 1.070961039712378382e-01
2.852640185378592363e+01 5.380321753450588718e-01 1.323312217342861308e-01 2.759164189953993707e-01 1.296731900732427945e-01
2.862640185378592506e+01 5.644718896684315368e-01 1.463680376712233888e-01 2.474361702178153599e-01 1.507069660193206817e-01
2.872640185378592648e+01 5.865203238301899269e-01 1.623776191252351841e-01 1.937003811140177167e-01 1.688808245915225936e-01
2.882640185378592790e+01 6.043619585336409417e-01 1.799997377499095441e-01 1.671481106345119871e-01 1.827433418646711438e-01
2.892640185378592932e+01 6.192845062157977809e-01 1.987482788149064206e-01 1.264968070802003908e-01 1.912624825241031057e-01
2.902640185378593074e+01 6.295924959387475539e-01 2.180433044001483522e-01 8.043712756459174551e-02 1.935220542388796927e-01
2.912640185378593216e+01 6.355774701971371732e-01 2.372187157063175567e-01 4.460883629575446152e-02 1.887752767017879252e-01
2.922640185378593358e+01 6.399456112288921528e-01 2.555555864492703444e-01 4.591422575658794109e-02 1.767759531299626374e-01
2.932640185378593500e+01 6.451098639849588423e-01 2.723481980026239424e-01 6.331026755773397352e-02 1.580200895029914843e-01
2.942640185378593642e+01 6.539345292873438575e-01 2.869703452839326152e-01 1.141522404255516376e-01 1.336132251413993943e-01
2.952640185378593785e+01 6.670689952181534377e-01 2.989389475750155456e-01 1.429026785754238804e-01 1.052421157583028899e-01
2.962640185378593927e+01 6.815394893075089611e-01 3.079404598573572960e-01 1.428847961345002249e-01 7.451149445253435477e-02
2.972640185378594069e+01 6.953239673655107200e-01 3.138065682609648688e-01 1.309467493602146648e-01 4.273752395073061178e-02
2.982640185378594211e+01 7.065459160971269137e-01 3.164913346331945099e-01 8.593898968153523832e-02 1.104710271684591905e-02
2.992640185378594353e+01 7.121524391707613200e-01 3.160424425203996468e-01 3.080249817751062186e-02 -1.985493072054508520e-02
3.002640185378594495e+01 7.134493206023109213e-01 3.125647606364441722e-01 -6.312208691378509706e-03 -4.941648273428737859e-02
3.012640185378594637e+01 7.103869400417240909e-01 3.062259709373992833e-01 -5.192463747942708402e-02 -7.698281930250228111e-02
3.022640185378594779e+01 7.049964356227397255e-01 2.972540262958682789e-01 -4.683204853349729607e-02 -1.019496717865201602e-01
3.032640185378594921e+01 7.011766831298082980e-01 2.859582793439656156e-01 -3.325968985060194505e-02 -1.232532427584638046e-01
3.042640185378595064e+01 6.977994442629344984e-01 2.727614493821519104e-01 -3.919243045403573988e-02 -1.398290027997520224e-01
3.052640185378595206e+01 6.917305792915069418e-01 2.581694121744246839e-01 -8.764851008089177831e-02 -1.511275077079230200e-01
3.062640185378595348e+01 6.798551145914005778e-01 2.427058861859017480e-01 -1.528332059028833789e-01 -1.573406113207176937e-01
3.072640185378595490e+01 6.617675359733973250e-01 2.268486634306091654e-01 -1.938644145556730480e-01 -1.591289537776031382e-01
3.082640185378595632e+01 6.431193482244310644e-01 2.110122784456909262e-01 -1.865295385550424234e-01 -1.569298602274426524e-01
3.092640185378595774e+01 6.231842164385388294e-01 1.955918742700190893e-01 -2.034935545295890602e-01 -1.508778491443737158e-01
3.102640185378595916e+01 6.037563085980272026e-01 1.809518334139001428e-01 -1.923908267765383484e-01 -1.413588810313244626e-01
3.112640185378596058e+01 5.837332600431918150e-01 1.674246896385461758e-01 -2.034123520463143042e-01 -1.287196815278638939e-01
3.122640185378596200e+01 5.630009025120348287e-01 1.552901230794472565e-01 -2.173848158541188402e-01 -1.136191333355269090e-01
3.132640185378596343e+01 5.407014389676416677e-01 1.447552797380289025e-01 -2.215044171687371999e-01 -9.688083998043674205e-02
3.142640185378596485e+01 5.186145562030125555e-01 1.359424329767884299e-01 -2.230841448523156745e-01 -7.929184805610337006e-02
3.152640185378596627e+01 4.964377523407402792e-01 1.289003501731699197e-01 -2.192158942937698085e-01 -6.159405917620157378e-02
3.162640185378596769e+01 4.748844735964754538e-01 1.236036939173343480e-01 -2.071385640787001825e-01 -4.449169788273070469e-02
3.172640185378596911e+01 4.559733289268516065e-01 1.199649376477156665e-01 -1.689210337831875963e-01 -2.848609754853579507e-02
3.182640185378597053e+01 4.419300241263025564e-01 1.178655433368023253e-01 -1.086470565160295165e-01 -1.369474498427442760e-02
3.192640185378597195e+01 4.336645105754028950e-01 1.171921797141181887e-01 -5.654860334924007026e-02 7.533492955464141105e-05
3.202640185378596982e+01 4.326234564997836207e-01 1.178551872075268292e-01 4.210592105941252106e-02 1.311337426660075245e-02
3.212640185378597124e+01 4.406854886206851285e-01 1.198158844015472652e-01 1.115606710740673635e-01 2.616080301859124990e-02
3.222640185378597266e+01 4.546345364853122129e-01 1.231044284048817689e-01 1.629080439024053195e-01 3.971651362286830744e-02
3.232640185378597408e+01 4.718486065537269014e-01 1.277804316820654595e-01 1.790227617865398635e-01 5.388820142912932598e-02
3.242640185378597550e+01 4.903339821632194950e-01 1.338920969130344696e-01 1.888070859148087977e-01 6.835909962106656579e-02
3.252640185378597693e+01 5.100276000651647879e-01 1.414469539513723284e-01 2.095523931689612374e-01 8.267763906889519232e-02
3.262640185378597835e+01 5.317893370924610119e-01 1.504115914255495512e-01 2.201045824480180879e-01 9.650845253984331740e-02
3.272640185378597977e+01 5.542696857877362770e-01 1.607187099705435496e-01 2.340021901729466003e-01 1.094466931794851883e-01
3.282640185378598119e+01 5.782888704531314872e-01 1.722592268367293400e-01 2.395892648473055830e-01 1.211300539504020779e-01
3.292640185378598261e+01 6.011962612910048964e-01 1.848883815193106128e-01 2.198715719402606628e-01 1.311123124816199470e-01
3.302640185378598403e+01 6.237399709699333883e-01 1.984040695334435001e-01 2.363614767822943552e-01 1.387905093126139966e-01
3.312640185378598545e+01 6.474560275017157140e-01 2.125641927347569071e-01 2.295475023809489534e-01 1.439876452877454360e-01
3.322640185378598687e+01 6.693243921460783064e-01 2.271091850631932196e-01 2.084529285524664433e-01 1.464124991569225043e-01
3.332640185378598829e+01 6.882880151475769814e-01 2.417401760513929188e-01 1.645727480991304725e-01 1.456330105391689944e-01
3.342640185378598972e+01 7.013672307770586478e-01 2.561090432339053757e-01 9.434086449914426409e-02 1.410443872013408817e-01
3.352640185378599114e+01 7.074798161292276122e-01 2.697957767196995649e-01 3.420450918069324608e-02 1.318689673991093325e-01
3.362640185378599256e+01 7.094357744060975079e-01 2.823147225824668149e-01 1.000120437252484742e-02 1.176745754315646486e-01
3.372640185378599398e+01 7.104940851205374663e-01 2.931714019298919949e-01 1.316904583712163318e-02 9.872250426836585990e-02
3.382640185378599540e+01 7.115713251460084043e-01 3.019271621648323967e-01 6.202968490214102494e-03 7.580664930416315672e-02
3.392640185378599682e+01 7.117843919533384245e-01 3.082302040550010669e-01 -2.510251901448140761e-03 4.982041568224088862e-02
3.402640185378599824e+01 7.110725362885808032e-01 3.118210217533370909e-01 -8.570235402162392629e-03 2.173072682911710365e-02
3.412640185378599966e+01 7.104662138063225774e-01 3.125433529275343236e-01 -4.799853813019557686e-03 -7.341913130952261446e-03
3.422640185378600108e+01 7.100191911309439163e-01 3.103620224853217979e-01 -5.085458184975737150e-03 -3.613471938431388197e-02
3.432458423952750337e+01 7.083844172042996767e-01 3.054800106340331833e-01 -3.226737101506346045e-02 -6.300741493653079506e-02
3.442458423952750479e+01 7.047349278642260906e-01 2.979008794608852817e-01 -3.280339031109268805e-02 -8.812538343886437697e-02
3.452458423952750621e+01 7.011227709213651016e-01 2.879636229566416850e-01 -4.699748874744501259e-02 -1.099987115298197010e-01
3.462458423952750763e+01 6.957808224824224563e-01 2.760344247216581781e-01 -5.283226498341436067e-02 -1.278710428533240129e-01
3.472458423952750906e+01 6.908017353478864697e-01 2.625448086859943353e-01 -4.839584137560346000e-02 -1.410855590727888575e-01
3.482458423952751048e+01 6.860244624702114269e-01 2.479930699486361523e-01 -4.874618641813369124e-02 -1.490355233617829955e-01
3.492458423952751190e+01 6.807655996833661405e-01 2.329238640158648177e-01 -5.555021013105232441e-02 -1.514126564573220757e-01
3.502458423952751332e+01 6.745792794308358431e-01 2.178964831519051293e-01 -7.232990087595816964e-02 -1.482243321008672177e-01
3.512458423952751474e+01 6.669874897748360176e-01 2.034527557573937162e-01 -6.973750937734143895e-02 -1.398196995356670580e-01
3.522458423952751616e+01 6.608117373144611895e-01 1.900955057410897431e-01 -6.151769320769637228e-02 -1.265320090213280790e-01
3.532458423952751758e+01 6.545002101691725915e-01 1.782938189602024937e-01 -5.854213218349645087e-02 -1.088279250380209950e-01
3.542458423952751900e+01 6.490704364118221603e-01 1.684540468728822349e-01 -5.768067485663171123e-02 -8.740716019069673381e-02
3.552458423952752042e+01 6.419284712607735699e-01 1.609054363230416063e-01 -8.499535587258438829e-02 -6.321290795812600782e-02
3.562458423952752185e+01 6.324685003202199507e-01 1.558583168954607023e-01 -1.039973731074717300e-01 -3.760976133577637048e-02
3.572458423952752327e+01 6.204706571980479479e-01 1.533841332286557113e-01 -1.388195108963565794e-01 -1.199699177800674088e-02
3.582458423952752469e+01 6.053144517398554303e-01 1.534077249078285021e-01 -1.583686410968717373e-01 1.209148888655442455e-02
3.592458423952752611e+01 5.896760344347103944e-01 1.557083789291825449e-01 -1.482770995507330380e-01 3.337474666752744679e-02
3.602458423952752753e+01 5.771278378870700054e-01 1.599647982057317286e-01 -1.006815407048769206e-01 5.114759229815725450e-02
3.612458423952752895e+01 5.693715321533951990e-01 1.658167708951835129e-01 -4.956259838090453645e-02 6.528952596850418066e-02
3.622458423952753037e+01 5.685912261388025302e-01 1.729083676474383602e-01 3.290178430593191511e-02 7.602572662351309019e-02
3.632458423952753179e+01 5.743613698037897120e-01 1.809298148007898732e-01 7.475585212098545540e-02 8.397938038682416229e-02
3.642458423952753321e+01 5.824727923072025026e-01 1.896212807786930299e-01 8.463952670758202734e-02 8.943300248506190486e-02
3.652458423952753463e+01 5.914365022545029493e-01 1.987314898898038529e-01 9.487949243860616111e-02 9.234471207859487607e-02
3.662458423952753606e+01 6.005781625444346350e-01 2.080052429838401551e-01 8.410682861971428836e-02 9.269761289712367958e-02
3.672458423952753748e+01 6.083822576424799955e-01 2.171812193629569787e-01 7.245966847671221622e-02 9.036279832683764834e-02
3.682458423952753890e+01 6.151110745380437006e-01 2.259855169702683630e-01 6.788058296160724703e-02 8.526415916531478179e-02
3.692458423952754032e+01 6.239931935072190461e-01 2.341489856612603282e-01 1.182185601366525507e-01 7.764679741327136508e-02
3.702458423952754174e+01 6.399363572987543103e-01 2.414647314700905656e-01 2.052102331036753102e-01 6.854381719574882681e-02
3.712458423952754316e+01 6.647207723680499392e-01 2.478616151148090030e-01 2.827742813596532678e-01 5.955153623639882626e-02
3.722458423952754458e+01 6.951017082966287619e-01 2.534277913290220452e-01 3.174076664984710194e-01 5.211988550526392566e-02
3.732458423952754600e+01 7.254784278674683007e-01 2.583636656750138427e-01 2.753464673830600118e-01 4.698744358110890779e-02
3.742458423952754742e+01 7.488560188757552583e-01 2.628905454237750461e-01 1.892783062495121960e-01 4.379221647016464519e-02
3.752458423952754885e+01 7.617545200744055833e-01 2.671494633668135554e-01 6.127448886147857099e-02 4.139292641421412483e-02
3.762458423952755027e+01 7.614592715098752462e-01 2.711393674830688827e-01 -6.165167729431340893e-02 3.810776223105068194e-02
3.772458423952755169e+01 7.494026817812808883e-01 2.746863678448576152e-01 -1.816530314202055296e-01 3.228510601780472389e-02
3.782458423952755311e+01 7.256841799910619395e-01 2.774626888808905956e-01 -2.869854613822655498e-01 2.246554490982181213e-02
3.792458423952755453e+01 6.930756778673482499e-01 2.790096005883861419e-01 -3.585041042830888203e-01 7.571881604041909297e-03
3.802458423952755595e+01 6.558648403111256853e-01 2.787950511698863432e-01 -3.753221465258124168e-01 -1.274725904495429760e-02
3.812458423952755737e+01 6.197244118373115285e-01 2.762993994675528864e-01 -3.409081341915326524e-01 -3.785775433029722747e-02
3.822458423952755879e+01 5.895121515258399114e-01 2.711154345821824019e-01 -2.486248459508811071e-01 -6.617840720040345237e-02
3.832458423952756021e+01 5.723798485849505013e-01 2.630417925840349835e-01 -9.513801688784437327e-02 -9.512262435760583668e-02
3.842458423952756164e+01 5.682038125179927901e-01 2.521798467947664601e-01 4.607259415565223559e-04 -1.214355798651033935e-01
3.852458423952756306e+01 5.710274282669444146e-01 2.389267800305965583e-01 5.002228827773067682e-02 -1.426122514014725451e-01
3.862458423952756448e+01 5.779047361613665057e-01 2.238833299107517161e-01 9.131029685680740193e-02 -1.570239165946891446e-01
3.872458423952756590e+01 5.894777229770816751e-01 2.077883441281924426e-01 1.362531017377431874e-01 -1.634541383660845781e-01
3.882458423952756732e+01 6.042385220326992323e-01 1.914882225153708151e-01 1.510874994230279877e-01 -1.610386030376297906e-01
3.892458423952756874e+01 6.167374135920243861e-01 1.758773340095323434e-01 8.375553830544972544e-02 -1.497774656962755080e-01
3.902458423952757016e+01 6.193672761364511503e-01 1.617809552466164535e-01 -3.541216341572489545e-02 -1.311024811123377432e-01
3.912458423952757158e+01 6.090934312596233413e-01 1.498212670931424184e-01 -1.696003593493922990e-01 -1.075099735390257771e-01
3.922458423952757300e+01 5.857795898785929101e-01 1.403459511415611760e-01 -2.944689861561762267e-01 -8.190602415478004383e-02
3.932458423952757443e+01 5.517702444463253864e-01 1.334118507328063141e-01 -3.723105570015581844e-01 -5.712421570740867927e-02
3.942458423952757585e+01 5.140680494077882745e-01 1.288222262201644264e-01 -3.673008974848880892e-01 -3.526545631126316166e-02
3.952458423952757727e+01 4.810244351392891082e-01 1.262328371152679485e-01 -2.867021683254900033e-01 -1.714058559918875749e-02
3.962458423952757869e+01 4.572884038760920977e-01 1.252803621647131382e-01 -1.809620077078336053e-01 -2.415113838721219194e-03
3.972458423952758011e+01 4.465322523343449590e-01 1.256682103274600060e-01 -3.294762727979952399e-02 9.890122583575374979e-03
3.982458423952758153e+01 4.496448995145027050e-01 1.272287613153694208e-01 8.905377025458356688e-02 2.129235924433052485e-02
3.992458423952758295e+01 4.634609227760331795e-01 1.299396993035600578e-01 1.865481026226413763e-01 3.307288214391887471e-02
4.002458423952758437e+01 4.874225031384330498e-01 1.338879766476491207e-01 2.901243942879510040e-01 4.619739886170608212e-02
4.012458423952758579e+01 5.189564730443916307e-01 1.392524134451000317e-01 3.261104720801197843e-01 6.147861248781261861e-02
4.022458423952758721e+01 5.512298560119440749e-01 1.462528703285011777e-01 3.176647311640353188e-01 7.881317410054812511e-02
4.032458423952758864e+01 5.825482793365652778e-01 1.550565528379338476e-01 3.094954409931462980e-01 9.739177996094632028e-02
4.042458423952759006e+01 6.124170649889260076e-01 1.657419928786569296e-01 2.796387209199314716e-01 1.162817913741712728e-01
4.052458423952759148e+01 6.370226603784118202e-01 1.782815869897022010e-01 2.091950269022859743e-01 1.342128888195554259e-01
4.062458423952759290e+01 6.547695331523601947e-01 1.924954340187111368e-01 1.517584767730937312e-01 1.494812388709932383e-01
4.072458423952759432e+01 6.670121071252607114e-01 2.080392383367908604e-01 8.202843466848085130e-02 1.605906905902818871e-01
4.082458423952759574e+01 6.700879551743884610e-01 2.244247182870703627e-01 -1.607278725320539225e-02 1.660279136046412529e-01
4.092458423952759716e+01 6.644380388653445824e-01 2.410027907474037168e-01 -9.748570527302541366e-02 1.642228033988574754e-01
4.102458423952759858e+01 6.510789319029683941e-01 2.569908382707075667e-01 -1.657567896857360390e-01 1.540834227081052665e-01
4.112458423952760000e+01 6.320606913231988644e-01 2.715229806366731835e-01 -2.036578618054579459e-01 1.350731638373544319e-01
4.122458423952760143e+01 6.139147678113098250e-01 2.837211212321238962e-01 -1.457266763710445279e-01 1.075960583456243569e-01
4.132458423952760285e+01 6.042325460611790433e-01 2.928236882765128390e-01 -4.137483702863456458e-02 7.359131199782437127e-02
4.142458423952760427e+01 6.060906452122614141e-01 2.983193761411502831e-01 7.219259904118749405e-02 3.599766920784774893e-02
4.152458423952760569e+01 6.176216547306681015e-01 3.000095127688726659e-01 1.570324322048455290e-01 -2.020918991920597763e-03
4.162458423952760711e+01 6.362524287452548943e-01 2.979955060608533990e-01 2.062640222782385069e-01 -3.765155553480543232e-02
4.172458423952760853e+01 6.582456900855221393e-01 2.926333613427321567e-01 2.330130680057487802e-01 -6.867175185303679708e-02
4.182458423952760995e+01 6.818783690435342715e-01 2.844710062679706719e-01 2.348675834833702514e-01 -9.341976299933289762e-02
4.192458423952761137e+01 7.044777242625559488e-01 2.741947709181526416e-01 2.088066777704105093e-01 -1.108278391705105059e-01
4.202458423952761279e+01 7.220167439617937166e-01 2.625609008363034014e-01 1.411396695797559053e-01 -1.206057735741088016e-01
4.212458423952761422e+01 7.326136148645961965e-01 2.503110947135575581e-01 6.372843821408656628e-02 -1.232712843808525388e-01
4.222458423952761564e+01 7.333474866625234734e-01 2.381085552754527157e-01 -5.041039923659038080e-02 -1.199081351339257306e-01
4.232458423952761706e+01 7.230910431639483438e-01 2.264727372889170087e-01 -1.484170554692902377e-01 -1.122446084677141409e-01
4.242458423952761848e+01 7.052306801086973831e-01 2.157459729178455576e-01 -2.064244440889971000e-01 -1.019728044615599571e-01
4.252458423952761990e+01 6.806052097249201127e-01 2.061196877439278596e-01 -2.918538090130389229e-01 -9.047570557015327530e-02
4.262458423952762132e+01 6.471591944281777087e-01 1.976360169371458309e-01 -3.729817954751445397e-01 -7.941740256752395644e-02
4.272458423952762274e+01 6.067857547670348906e-01 1.901670831286013663e-01 -4.259777456182258226e-01 -7.041880957373472527e-02
4.282458423952762416e+01 5.646392439375653716e-01 1.834472946530178450e-01 -4.059892935731405084e-01 -6.452608363674799952e-02
4.292458423952762558e+01 5.265053936251060662e-01 1.771575090692051047e-01 -3.518297750365576571e-01 -6.174695120980325247e-02
4.302458423952762701e+01 4.965361807739170907e-01 1.710176110844678077e-01 -2.347604336492346289e-01 -6.133965722789496561e-02
4.312458423952762843e+01 4.807839844809563834e-01 1.648651744311684930e-01 -7.976612389196341413e-02 -6.164655493648598522e-02
4.322458423952762985e+01 4.798772409970142316e-01 1.587378666116997794e-01 5.214227622807549034e-02 -6.047883009561220991e-02
4.332458423952763127e+01 4.891506839399313855e-01 1.528790779674683020e-01 1.294640961508904120e-01 -5.605436324586322155e-02
4.342458423952763269e+01 5.058726895135040591e-01 1.476691970818121147e-01 2.026120012787798741e-01 -4.736780465300306775e-02
4.352458423952763411e+01 5.292946014219661599e-01 1.435697779872965318e-01 2.713564639760885910e-01 -3.376509434106626795e-02
4.362458423952763553e+01 5.606560336930445088e-01 1.410955928579825658e-01 3.424563206349370281e-01 -1.478147276319613165e-02
4.372458423952763695e+01 5.938872188851317402e-01 1.407955170656202959e-01 3.140266891266627058e-01 9.600012820273267494e-03
4.382458423952763837e+01 6.241326476319632999e-01 1.431528516982475963e-01 2.912968546080413335e-01 3.810361919220563165e-02
4.392458423952763980e+01 6.503440047208365327e-01 1.484998640493851996e-01 2.222080661127694423e-01 6.908491909843687828e-02
4.402458423952764122e+01 6.671773996888025193e-01 1.569762422994548379e-01 1.107096320303179310e-01 1.002385950300025141e-01
4.412458423952764264e+01 6.729735135711175653e-01 1.684575479403746801e-01 1.286947380459760315e-02 1.287022400589671045e-01
4.422458423952764406e+01 6.704215295802322672e-01 1.825400770419613738e-01 -6.603852472436883003e-02 1.518832605290327542e-01
4.432458423952764548e+01 6.601110718806623145e-01 1.985868778658322065e-01 -1.327425114415926033e-01 1.676605515807411684e-01
4.442458423952764690e+01 6.452950489211753959e-01 2.157720872992980876e-01 -1.568087854652159274e-01 1.744675924318808413e-01
4.452458423952764832e+01 6.308252211955477362e-01 2.331606451735542263e-01 -1.213380732728075312e-01 1.717257425189077369e-01
4.462458423952764974e+01 6.221662352849467448e-01 2.498188201675636821e-01 -5.064927181831778424e-02 1.600595554723159009e-01
4.472458423952765116e+01 6.208182289506479767e-01 2.649245060885602743e-01 2.406112694151320286e-02 1.409645176900846675e-01
4.482458423952765258e+01 6.271224990818181633e-01 2.778269849480748399e-01 1.027787628212150084e-01 1.163374043181641254e-01
4.492458423952765401e+01 6.406318562091315449e-01 2.880794695921425341e-01 1.585848821159904776e-01 8.832842451836400710e-02
4.502458423952765543e+01 6.576562559752371362e-01 2.954457079109952811e-01 1.824754760823191768e-01 5.889664862616602464e-02
4.512458423952765685e+01 6.769246595659275112e-01 2.998656946650631872e-01 1.935979253764081309e-01 2.966781056259524749e-02
4.522458423952765827e+01 6.941298574010507094e-01 3.014302026655595879e-01 1.470866878047831783e-01 1.933202085597822417e-03
4.532458423952765969e+01 7.074780987698584545e-01 3.003224124806179729e-01 1.268633242997082022e-01 -2.368483701465045124e-02
4.542458423952766111e+01 7.199412186832742089e-01 2.967891425294283403e-01 1.222934583082631171e-01 -4.642418612932117106e-02
4.552458423952766253e+01 7.316614672456971391e-01 2.911627148053558822e-01 1.078061827028513053e-01 -6.541872181063670966e-02
4.562458423952766395e+01 7.404635954557886590e-01 2.838491659966503877e-01 6.446540077220047626e-02 -8.012121260156766789e-02
4.572458423952766537e+01 7.441245374489894315e-01 2.752820168807309509e-01 8.683002573196339779e-03 -9.052935686008059535e-02
4.582458423952766680e+01 7.423412638404198738e-01 2.658748856369283486e-01 -4.718605113725629630e-02 -9.699373139745021133e-02
4.592458423952766822e+01 7.335076530815299867e-01 2.559953830754395643e-01 -1.315524229945746193e-01 -1.001165938359784291e-01
4.602458423952766964e+01 7.166924098582667657e-01 2.459287324705121125e-01 -2.015628419994792142e-01 -1.009178631362632333e-01
4.612458423952767106e+01 6.940588885848520961e-01 2.358563783194332908e-01 -2.412598855115393182e-01 -1.003714422271696494e-01
4.622458423952767248e+01 6.703329792276052634e-01 2.258806098331794521e-01 -2.295820263912206338e-01 -9.901444612359487640e-02
4.632458423952767390e+01 6.485801353286304582e-01 2.160824546006868130e-01 -2.026376845721528097e-01 -9.678354820612283804e-02
4.642458423952767532e+01 6.297105369986484291e-01 2.065624132154731396e-01 -1.766330057320996405e-01 -9.340050919799676443e-02
4.652458423952767674e+01 6.138312168351244269e-01 1.974491606025672308e-01 -1.353295344386354904e-01 -8.860602858785443514e-02
4.662458423952767816e+01 6.034450654290953731e-01 1.889015428641732108e-01 -6.937688275610126576e-02 -8.199283080285095504e-02
4.672458423952767959e+01 5.998876439273291838e-01 1.811329755099586603e-01 -7.767048735317215458e-03 -7.291310267653233756e-02
4.682458423952768101e+01 6.000833831142345920e-01 1.744164250845589292e-01 4.354169952685092021e-04 -6.093878395872279197e-02
4.692458423952768243e+01 5.977573539891131160e-01 1.690284323117799137e-01 -4.962149140859407198e-02 -4.650261208888772924e-02
4.702458423952768385e+01 5.922300280508356884e-01 1.651580314521254311e-01 -4.866017157780476443e-02 -3.077357492017420218e-02
4.712458423952768527e+01 5.884333938294116217e-01 1.628931877572917242e-01 -2.998393636525074901e-02 -1.445718405208977139e-02
4.722458423952768669e+01 5.855271647398597734e-01 1.622713625841000762e-01 -3.513341666442734712e-02 1.991979175675923086e-03
4.732458423952768811e+01 5.808376431324311362e-01 1.632702982258121827e-01 -5.378129367074539063e-02 1.779591769184986003e-02
4.742458423952768953e+01 5.747250215687675912e-01 1.657787166908205323e-01 -7.642212619238958338e-02 3.204548920022560338e-02
4.752458423952769095e+01 5.656630988286507344e-01 1.695964201171923647e-01 -9.415129762139622105e-02 4.381231063369454837e-02
4.762458423952769238e+01 5.568669511426234120e-01 1.744343516082284828e-01 -8.293097733848463216e-02 5.239163979862893755e-02
4.772458423952769380e+01 5.502421170213001034e-01 1.799617894470198487e-01 -3.960329672353184172e-02 5.760478122040676302e-02
4.782458423952769522e+01 5.491506071469978156e-01 1.858557169246844720e-01 1.242856535774073540e-02 5.983596883756078788e-02
4.792458423952769664e+01 5.526770412112256281e-01 1.918511883019748954e-01 6.304925962657043081e-02 5.973720067669572448e-02
4.802458423952769806e+01 5.624486285083816206e-01 1.977508378600798533e-01 1.328791906806703615e-01 5.808065542859141422e-02
4.812458423952769948e+01 5.795438110327443271e-01 2.034508262893935659e-01 2.131169554441924574e-01 5.593478757559243453e-02
4.822458423952770090e+01 6.052142818242339795e-01 2.089632975156442696e-01 2.926311009859116075e-01 5.455421499341175928e-02
4.832458423952770232e+01 6.358731580782207571e-01 2.144249687424090722e-01 3.139583334414983717e-01 5.503879293898381042e-02
4.842458423952770374e+01 6.681388244550741096e-01 2.200453957701724861e-01 3.355514029865228620e-01 5.775334895730695889e-02
4.852458423952770517e+01 7.026322584917609193e-01 2.260563393251063813e-01 3.408749154249671176e-01 6.287881345512962017e-02
4.862458423952770659e+01 7.326448352086815108e-01 2.326933994284909046e-01 2.485924439395635344e-01 7.011598329620827297e-02
4.872458423952770801e+01 7.522495923889167546e-01 2.400993942619694121e-01 1.429056916745597428e-01 7.794719705281860644e-02
4.882458423952770943e+01 7.599992926386561765e-01 2.482393220391289068e-01 7.319693388224718378e-03 8.445605909938440348e-02
4.892458423952771085e+01 7.541380345230543902e-01 2.568737394212985414e-01 -1.171619882467339474e-01 8.747073114245743075e-02
4.902458423952771227e+01 7.384420213299566216e-01 2.655540555309225392e-01 -1.884279031071393606e-01 8.513702888955897163e-02
4.912458423952771369e+01 7.176780580174271229e-01 2.736908354724011949e-01 -2.196457102912758308e-01 7.652012520408205121e-02
4.922458423952771511e+01 6.961144267718537559e-01 2.806460553642983746e-01 -2.053006660910298709e-01 6.157457414001486773e-02
4.932458423952771653e+01 6.787120328684438375e-01 2.858227475542759466e-01 -1.256507417069721022e-01 4.117764134091982109e-02
4.942458423952771795e+01 6.732531763992963825e-01 2.887672570795430382e-01 1.713309379579175395e-02 1.738749604297534432e-02
4.952458423952771938e+01 6.820266142958384403e-01 2.892867952248623920e-01 1.569180941566617193e-01 -6.806855636210404348e-03
4.962458423952772080e+01 7.026022028442447942e-01 2.874921154293059722e-01 2.413683037208338988e-01 -2.844767915360465679e-02
4.972458423952772222e+01 7.290899552800025329e-01 2.837546806119744525e-01 2.833178571559946679e-01 -4.538865042494805851e-02
4.982458423952772364e+01 7.572399524960734540e-01 2.786142616494582391e-01 2.713300783429545837e-01 -5.637134933857593927e-02
4.992458423952772506e+01 7.824861966306433381e-01 2.726902372104113015e-01 2.283323193813942831e-01 -6.108003491275042218e-02
5.002458423952772648e+01 8.019511555503345823e-01 2.665931580570919390e-01 1.563411745308150302e-01 -5.996409406468396208e-02
5.012458423952772790e+01 8.112517749652630172e-01 2.608540153042004928e-01 1.414492186194896139e-02 -5.419389579170008631e-02
5.022458423952772932e+01 8.042732203486238074e-01 2.558348575804278990e-01 -1.459618505442267233e-01 -4.601841505185394476e-02
5.032458423952773074e+01 7.830026785182352400e-01 2.516432203049419614e-01 -2.759380597625841203e-01 -3.804366583179390887e-02
5.042458423952773217e+01 7.508404988522323631e-01 2.481461880267754605e-01 -3.559685896736143884e-01 -3.243788727844000574e-02
5.052458423952773359e+01 7.142095963380965529e-01 2.450304812034046487e-01 -3.631416504943562051e-01 -3.054752479416700250e-02
5.062458423952773501e+01 6.802516999081246185e-01 2.419062113261211677e-01 -3.092263514948677128e-01 -3.253683932347126856e-02
5.072458423952773643e+01 6.542850629179901567e-01 2.384222134917806657e-01 -2.004681449570215601e-01 -3.752078008650518853e-02
5.082458423952773785e+01 6.406687566412290202e-01 2.343601287875953509e-01 -7.256031666694071069e-02 -4.375399845044534997e-02
5.092458423952773927e+01 6.396043594337720295e-01 2.296997401779803105e-01 4.575855428291046578e-02 -4.914064097823008653e-02
5.102458423952774069e+01 6.485237159546852759e-01 2.246235294129848847e-01 1.308813263497741741e-01 -5.180345881100932581e-02
5.112458423952774211e+01 6.648008671014665749e-01 2.194754752421881061e-01 1.817520910960142844e-01 -5.039373391476432984e-02
5.122458423952774353e+01 6.828526854562241288e-01 2.147019257829254624e-01 1.743982297336575393e-01 -4.430476790463963588e-02
5.132458423952774496e+01 6.974921292839328935e-01 2.107586506823492523e-01 1.035425461476870562e-01 -3.393035541658185467e-02
5.142458423952774638e+01 7.029620642532431463e-01 2.080114609207822929e-01 1.397689848397243306e-02 -2.069860174135877695e-02
5.152458423952774780e+01 7.012905777998245105e-01 2.066541255615454431e-01 -4.827724901425006071e-02 -6.399510914460351807e-03
5.162458423952774922e+01 6.929683510803573698e-01 2.067154968232748635e-01 -1.179122972218836218e-01 7.413636910585774675e-03
5.172458423952775064e+01 6.787345584339739002e-01 2.080689612738510497e-01 -1.589257776719551762e-01 1.920782638755388558e-02
5.182458423952775206e+01 6.615281998352583459e-01 2.104527304792289111e-01 -1.885650230526556559e-01 2.788030737161260181e-02
5.192458423952775348e+01 6.411902160935829542e-01 2.135141998044965128e-01 -2.142199658303730603e-01 3.263660310467479675e-02
5.202458423952775490e+01 6.191094303530366716e-01 2.168305517750669376e-01 -2.216179393636021899e-01 3.292037414821338132e-02
5.212458423952775632e+01 5.999114399276642695e-01 2.199477893765106884e-01 -1.463918988327152781e-01 2.874061169614040151e-02
5.222458423952775775e+01 5.908852545071207052e-01 2.224697130009215540e-01 -3.384523158036502333e-02 2.131053156485543734e-02
5.232458423952775917e+01 5.939459245372129548e-01 2.241660552167621667e-01 9.860467840869814593e-02 1.257962253374683703e-02
5.242458423952776059e+01 6.101281790359376345e-01 2.250170423234576778e-01 2.211601738492477431e-01 4.782393047254400280e-03
5.252458423952776201e+01 6.381024981309507682e-01 2.252242831092643727e-01 3.374864197980779745e-01 3.306784100770305407e-05
5.262458423952776343e+01 6.763888984791555092e-01 2.251868814724189427e-01 4.203229171032991651e-01 1.555691994097266469e-04
5.272458423952776485e+01 7.211382157572479024e-01 2.254580374799030063e-01 4.678829847166202649e-01 6.334298859252384013e-03
5.282458423952776627e+01 7.670590276016300280e-01 2.266681669174067937e-01 4.332943150328386062e-01 1.889410074471153944e-02
5.292458423952776769e+01 8.060083062387856101e-01 2.294165385268850665e-01 3.441421165298914620e-01 3.681222926978904714e-02
5.302458423952776911e+01 8.349929836217667711e-01 2.341422355540325462e-01 2.258853683403422297e-01 5.806020735808797850e-02
5.312458423952777054e+01 8.500625854318603070e-01 2.410522192321289670e-01 7.985314996247896979e-02 8.000103222030875705e-02
5.322458423952777196e+01 8.525872976334030184e-01 2.500673227826337164e-01 -2.709684513524113214e-02 9.971390774646969601e-02
5.332458423952777338e+01 8.437477387879460666e-01 2.608385776038019688e-01 -1.529472334488468643e-01 1.147267292482950785e-01
5.342458423952777480e+01 8.223679980772716780e-01 2.727756527608585779e-01 -2.707413384339137918e-01 1.226447427284619585e-01
5.352458423952777622e+01 7.910643281250854253e-01 2.850638931606904181e-01 -3.437342579346110427e-01 1.214875843977255426e-01
5.362458423952777764e+01 7.547889498125641694e-01 2.967369268185651165e-01 -3.847230182977410262e-01 1.102727916979107797e-01
5.372458423952777906e+01 7.146032124014415343e-01 3.067779920284515738e-01 -4.046532185000166759e-01 8.886699344778570264e-02
5.382458423952778048e+01 6.767509767378052654e-01 3.141937646604610612e-01 -3.462057884582527834e-01 5.801864328183480024e-02
5.392458423952778190e+01 6.461553077716087889e-01 3.181358793568903609e-01 -2.577051364872896544e-01 1.981739639446231105e-02
5.402458423952778332e+01 6.273388123159836516e-01 3.180098872431368351e-01 -1.083882590506183574e-01 -2.276699147787415722e-02
5.412458423952778475e+01 6.260415508600805090e-01 3.135675192405671385e-01 8.624514118360523951e-02 -6.577699686168361759e-02
5.422458423952778617e+01 6.441174370240332347e-01 3.049926441773275210e-01 2.668094880355647014e-01 -1.046551488575870742e-01
5.432458423952778759e+01 6.770741746472601630e-01 2.929142350513379567e-01 3.808828955123658710e-01 -1.352455254176038180e-01
5.442458423952778901e+01 7.181099411219090678e-01 2.783184280481908468e-01 4.251758350184221547e-01 -1.546362288149974173e-01
5.452458423952779043e+01 7.586029743395665825e-01 2.624077051321804799e-01 3.717509669841487785e-01 -1.614733331142059747e-01
5.462458423952779185e+01 7.911608426729046517e-01 2.464288088266683163e-01 2.716573847863696933e-01 -1.561944508339324633e-01
5.472458423952779327e+01 8.106639774376477314e-01 2.315159398299849736e-01 1.101340941941595375e-01 -1.405497953996306670e-01
5.482458423952779469e+01 8.124670814156272902e-01 2.185663903536901043e-01 -7.746839889092510534e-02 -1.174997754822931229e-01
5.492458423952779611e+01 7.946719202974947827e-01 2.081400208390367934e-01 -2.770175155865147731e-01 -9.074156219099784038e-02
5.502458423952779754e+01 7.580628028652058870e-01 2.004092793429962105e-01 -4.463153206618936664e-01 -6.423263363359958678e-02
5.512458423952779896e+01 7.081947239123245197e-01 1.951677854560577574e-01 -5.345901059743072281e-01 -4.144957980478976289e-02
5.522458423952780038e+01 6.542661978031262260e-01 1.919204956047301236e-01 -5.292343364905728320e-01 -2.457996748201052642e-02
5.532458423952780180e+01 6.041707498657170605e-01 1.900321538584245906e-01 -4.715622054061671675e-01 -1.426502201410628952e-02
5.542458423952780322e+01 5.602611585443599829e-01 1.888604284415457968e-01 -4.001704516451469740e-01 -1.014819034568561172e-02
5.552458423952780464e+01 5.253100639113071901e-01 1.878255104355727179e-01 -2.949188484148547174e-01 -1.131705185926355078e-02
5.562458423952780606e+01 5.026611053666855122e-01 1.864732594800905252e-01 -1.512385310225013990e-01 -1.617297610800455532e-02
5.572458423952780748e+01 4.949638566134070827e-01 1.845425598784680432e-01 -6.296262036349420388e-03 -2.247939981556199354e-02
5.582458423952780890e+01 5.010100333605530531e-01 1.820077443858883204e-01 1.212055800188603649e-01 -2.788126074759096282e-02
5.592458423952781033e+01 5.167343889941249380e-01 1.790634862170983332e-01 1.798201361585262670e-01 -3.040789031959075309e-02
5.602458423952781175e+01 5.342429707870208766e-01 1.760540068265678548e-01 1.570773425891358877e-01 -2.914339058347525241e-02
5.612458423952781317e+01 5.475316819822581005e-01 1.733504864626825015e-01 1.160455477798104651e-01 -2.442076600738054409e-02
5.622458423952781459e+01 5.581515797305853788e-01 1.712602260297514667e-01 9.355313050783227447e-02 -1.698180885021385866e-02
5.632458423952781601e+01 5.657627880657367658e-01 1.700221952469619380e-01 5.264376861731970975e-02 -7.510860998845802355e-03
5.642458423952781743e+01 5.663315097452987779e-01 1.697907115171760073e-01 -4.617010270946111244e-02 2.904498596582975878e-03
5.652458423952781885e+01 5.582866067832815693e-01 1.705767609672908247e-01 -1.048638481792171367e-01 1.255732797530338847e-02
5.662458423952782027e+01 5.460454002847807686e-01 1.722332463610184716e-01 -1.331210435162446803e-01 2.015409233548201215e-02
5.672458423952782169e+01 5.338792751499399358e-01 1.745165314042885218e-01 -1.052575259449823331e-01 2.505513679411645878e-02
5.682458423952782312e+01 5.245179964913370130e-01 1.771578688716282657e-01 -8.444484483627205662e-02 2.736006226405832825e-02
5.692458423952782454e+01 5.172469113454327694e-01 1.799096247250602243e-01 -5.594563565026630658e-02 2.730533716434393326e-02
5.702458423952782596e+01 5.147402345801449508e-01 1.825552357570316142e-01 1.084468800711677061e-02 2.536267149993268882e-02
5.712458423952782738e+01 5.198480008467455393e-01 1.849529576853234103e-01 9.357646252609694293e-02 2.255125940392251407e-02
5.722458423952782880e+01 5.334651692528240563e-01 1.870801018600897203e-01 1.753104736952194875e-01 2.017787163630165373e-02
5.732458423952783022e+01 5.546351759022545291e-01 1.890455667113637162e-01 2.466332552380592347e-01 1.950941897790030993e-02
5.742458423952783164e+01 5.806723341585049436e-01 1.910724522379917967e-01 2.609818940644767493e-01 2.151998194380438240e-02
5.752458423952783306e+01 6.064634221334822550e-01 1.934449140672253042e-01 2.572832208705473356e-01 2.638321113936314966e-02
5.762458423952783448e+01 6.308145118233867699e-01 1.964345749861808876e-01 2.218185060080509474e-01 3.378712710495428845e-02
5.772458423952783590e+01 6.511514697465594637e-01 2.002613270546718116e-01 1.902842834728343535e-01 4.296420241730834755e-02
5.782458423952783733e+01 6.694596206979943620e-01 2.050584886541868546e-01 1.779960502874117778e-01 5.307967467055291905e-02
5.792458423952783875e+01 6.859454471771342376e-01 2.108872729218683462e-01 1.396220745684420006e-01 6.348240685890424451e-02
5.802458423952784017e+01 6.957367037731044812e-01 2.177303951539761306e-01 5.676511309337960165e-02 7.312619621328383945e-02
5.812458423952784159e+01 6.981748231144083716e-01 2.254363363136034915e-01 -4.739515298035693047e-04 8.050079153473851945e-02
5.822458423952784301e+01 6.979148230672757025e-01 2.337182274674493299e-01 4.254633950593261944e-03 8.454289119576788303e-02
5.831840890855515624e+01 6.989025628776306398e-01 2.417023427446484685e-01 1.178910210320874112e-02 8.514476181834522428e-02
5.841840890855515767e+01 6.993628105857845334e-01 2.501106672414323273e-01 -3.659142384656274491e-03 8.243946752395671373e-02
5.851840890855515909e+01 6.987455960709931801e-01 2.580729969597962414e-01 -4.828171067952819612e-03 7.623047785794843934e-02
5.861478791445745173e+01 6.989335473264330911e-01 2.650054426343819158e-01 1.448856619406771462e-02 6.716234253698420698e-02
5.871478791445745316e+01 7.029011965046031429e-01 2.711435631498035348e-01 5.956833867594327897e-02 5.526970328716353242e-02
5.881478791445745458e+01 7.080530570903219578e-01 2.760086418455250934e-01 3.820709695035304915e-02 4.181681333003610390e-02
5.891478791445745600e+01 7.118396271025116961e-01 2.794683150933718330e-01 4.005421058628889919e-02 2.722676636694706942e-02
5.901478791445745742e+01 7.150356257461479847e-01 2.814345973936862588e-01 2.412529169396095477e-02 1.204032614340133124e-02
5.911478791445745884e+01 7.182215187414303648e-01 2.818731876140755932e-01 4.379871074129995656e-02 -3.218792046873326235e-03
5.921478791445746026e+01 7.230129445103804509e-01 2.808167107643578797e-01 4.697537173761755225e-02 -1.771492152939966799e-02
5.931478791445746168e+01 7.277346437085331354e-01 2.783785618135702911e-01 5.179170791478223540e-02 -3.075966737854714250e-02
5.941478791445746310e+01 7.336141828537157128e-01 2.747339852931390269e-01 6.382539715321186580e-02 -4.172803549418738212e-02
5.951478791445746452e+01 7.410712695117959159e-01 2.701235481143716699e-01 9.223518950294146146e-02 -4.997349193020803743e-02
5.961478791445746594e+01 7.515688571990949418e-01 2.648545446177125728e-01 1.047667787834282299e-01 -5.477474328046968988e-02
5.971478791445746737e+01 7.598400555945041823e-01 2.592945013066439985e-01 5.365828782774000050e-02 -5.583494602653466671e-02
5.981478791445746879e+01 7.611477842344049893e-01 2.537902056895124936e-01 -2.685905609395229654e-02 -5.383613661484344670e-02
5.991478791445747021e+01 7.560555706402639631e-01 2.485905995943358537e-01 -7.079712929541859268e-02 -4.991733323822603735e-02
6.000000000000000000e+01 7.480796938205950264e-01 2.445120003995758795e-01 -1.178731644035400095e-01 -4.573295138119324449e-02
