time[s] x1[m] x2[m] x1_dot[m/s] x2_dot[m/s]
0.000000000000000000e+00 0.000000000000000000e+00 0.000000000000000000e+00 0.000000000000000000e+00 0.000000000000000000e+00
9.999999999999999124e-05 4.819936540329727528e-08 5.792667260728281135e-15 9.639680620399693504e-04 1.743611778560885138e-10
1.100000000000000066e-03 5.829788857961835759e-06 8.483369523546454800e-12 1.059727616581564343e-02 2.390959702886102072e-08
1.110000000000000049e-02 5.911874818162926636e-04 1.664041662264898858e-08 1.062709271890224794e-01 5.287701354029491823e-06
6.548710729330112224e-02 2.005348520021419181e-02 1.209994747970365138e-05 6.018572080635322674e-01 7.112352656311513553e-04
1.654871072933011278e-01 1.204232612301305017e-01 4.381413242926725953e-04 1.371863052805229355e+00 1.026200550651817749e-02
2.654871072933011611e-01 2.858898689608754262e-01 2.712971852980867148e-03 1.882721925310484323e+00 3.911757177590832746e-02
3.654871072933011389e-01 4.864164059204089674e-01 9.109584259061481032e-03 2.087986727562640255e+00 9.322600626315671879e-02
4.654871072933011167e-01 6.968761026326173447e-01 2.222823211921343828e-02 2.084703256061450904e+00 1.733046152503244230e-01
5.654871072933010945e-01 8.945500632527383367e-01 4.452062162663414369e-02 1.819092654538351450e+00 2.757261887988734506e-01
6.654871072933010723e-01 1.052174198645119629e+00 7.784689749920509216e-02 1.311979239799386576e+00 3.922087568166101601e-01
7.654871072933010501e-01 1.156821393613315152e+00 1.230319850799635462e-01 7.851101426058932908e-01 5.107745354128619963e-01
8.654871072933010279e-01 1.209800207248611592e+00 1.796505316697787902e-01 2.859621826971021630e-01 6.188231401111735641e-01
9.654871072933010057e-01 1.217273926794365746e+00 2.460561767211999484e-01 -1.225051325442229055e-01 7.047351847942132652e-01
1.065487107293300983e+00 1.189616432931330570e+00 3.195419862439254910e-01 -3.971078539385067274e-01 7.590861538083281124e-01
1.165487107293301072e+00 1.144599456773274015e+00 3.966144558152736033e-01 -4.698457086695930207e-01 7.758178557004100639e-01
1.265487107293301161e+00 1.103355981530098839e+00 4.733932618474836485e-01 -3.233891681044190336e-01 7.533467724431170964e-01
1.365487107293301250e+00 1.081965125393165028e+00 5.460729113619178232e-01 -1.030736017545253180e-01 6.946271967050149376e-01
1.465487107293301339e+00 1.083954266263180921e+00 6.112986293983284636e-01 1.450430585590848642e-01 6.053677256911882409e-01
1.565487107293301428e+00 1.109808793851177144e+00 6.663710231032321518e-01 3.663930435859044099e-01 4.928613499756880900e-01
1.665487107293301516e+00 1.156272106326789784e+00 7.093616534148992070e-01 5.540259419893376336e-01 3.650864930056531010e-01
1.765487107293301605e+00 1.218734334835022581e+00 7.391486210785720434e-01 6.881711420750142860e-01 2.301048051113160908e-01
1.865487107293301694e+00 1.292075153076976068e+00 7.553973740586092944e-01 7.657578968597571478e-01 9.553930715621025693e-02
1.965487107293301783e+00 1.368763058670935839e+00 7.584960944480201306e-01 7.483250338761402443e-01 -3.189270117497078338e-02
2.065487107293301872e+00 1.437449892935006801e+00 7.494265691583953393e-01 6.068821605195769964e-01 -1.471713075358343781e-01
2.165487107293301960e+00 1.486872065831303491e+00 7.295624984724219386e-01 3.645279745788627679e-01 -2.474980294817281101e-01
2.265487107293302049e+00 1.507671305336399037e+00 7.004502611654166433e-01 4.521599304437529110e-02 -3.321862546907090596e-01
2.365487107293302138e+00 1.495624656641861394e+00 6.636142751982085919e-01 -2.851938400673926788e-01 -4.022288033727322576e-01
2.465487107293302227e+00 1.451076451673038337e+00 6.204324972029088281e-01 -6.017561450176645010e-01 -4.594436645468840119e-01
2.565487107293302316e+00 1.377937644426926456e+00 5.720826339584428322e-01 -8.352035928590896274e-01 -5.059215479617655831e-01
2.665487107293302405e+00 1.288666237855661256e+00 5.195609074895570778e-01 -9.412265705433988661e-01 -5.429662134765408377e-01
2.765487107293302493e+00 1.190665638880343602e+00 4.638002490211060591e-01 -1.007234709413983964e+00 -5.706841091732034466e-01
2.865487107293302582e+00 1.089756418393457604e+00 4.057438822695378922e-01 -1.003284073940985621e+00 -5.887851821708615097e-01
2.965487107293302671e+00 9.917620091844958630e-01 3.463897771363610434e-01 -9.431315091663746708e-01 -5.964779042227851269e-01
3.065487107293302760e+00 9.038094668292412370e-01 2.868359046650373889e-01 -8.061875802597736618e-01 -5.925203298568056942e-01
3.165487107293302849e+00 8.309511791969850236e-01 2.283321952511391528e-01 -6.572769910975411189e-01 -5.751814706038044234e-01
3.265487107293302937e+00 7.713240157793802565e-01 1.722913802039983122e-01 -5.335977654883443666e-01 -5.431238864341634276e-01
3.365487107293303026e+00 7.241170115930072315e-01 1.202139811922617318e-01 -4.200427373297969114e-01 -4.958929175716506044e-01
3.465487107293303115e+00 6.855692214446231780e-01 7.360494831415230477e-02 -3.512210590638647489e-01 -4.339422991177214195e-01
3.565487107293303204e+00 6.540656180243287210e-01 3.386466513829754915e-02 -2.846833005191090615e-01 -3.588336723667376327e-01
3.665487107293303293e+00 6.267089339427686090e-01 2.200898515070555395e-03 -2.672878048488360747e-01 -2.728873119921547685e-01
3.765487107293303382e+00 6.018649359401050392e-01 -2.046075133288662723e-02 -2.170716547439963950e-01 -1.793709391779006179e-01
3.865487107293303470e+00 5.842611005973945559e-01 -3.352849547305556538e-02 -1.408313995947310104e-01 -8.150486118620782483e-02
3.965487107293303559e+00 5.721160253148187547e-01 -3.672030994346987820e-02 -1.072620268817903177e-01 1.757920727773593095e-02
4.065487107293303204e+00 5.626447694437934910e-01 -3.009372496012666792e-02 -7.736091479120117687e-02 1.142327484675079441e-01
4.165487107293302849e+00 5.579327515501256718e-01 -1.407468130871971160e-02 -1.601912674337707676e-02 2.048850279218471238e-01
4.265487107293302493e+00 5.585049221437744515e-01 1.058282050079088765e-02 2.497191189764685210e-02 2.865222047323859877e-01
4.365487107293302138e+00 5.637128984774726348e-01 4.283607623104709883e-02 8.605792688133201418e-02 3.563775471159738584e-01
4.465487107293301783e+00 5.766062681251298283e-01 8.139692895125064109e-02 1.699628696349510248e-01 4.124219793340901385e-01
4.565487107293301428e+00 5.961679989527419732e-01 1.248191487516726039e-01 2.175367828942483817e-01 4.534257892416865832e-01
4.665487107293301072e+00 6.222094326629851180e-01 1.715497343766156924e-01 3.194348154766197823e-01 4.785132910939283168e-01
4.765487107293300717e+00 6.606249121066714025e-01 2.200035693757100841e-01 4.400770899368405820e-01 4.880815989900086915e-01
4.865487107293300362e+00 7.093413389979658090e-01 2.686918350169393843e-01 5.377609094007106405e-01 4.834323558603909610e-01
4.965487107293300006e+00 7.684674429449810384e-01 3.162713385984781134e-01 6.375250968341593660e-01 4.662430780744908354e-01
5.065487107293299651e+00 8.348149120322906347e-01 3.615921676010833696e-01 6.854785314699246568e-01 4.385914598086488869e-01
5.165487107293299296e+00 9.058596569089630846e-01 4.037057143247216318e-01 7.327051101888309992e-01 4.024389721456285152e-01
5.265487107293298941e+00 9.794775473176300373e-01 4.418678773911494106e-01 7.304903315054745994e-01 3.599053198549167498e-01
5.365487107293298585e+00 1.050161882585146866e+00 4.755334183475578569e-01 6.706120346730729542e-01 3.127515622801522177e-01
5.465487107293298230e+00 1.111826049284020179e+00 5.043015332262137385e-01 5.621693412159323167e-01 2.620782342756748373e-01
5.565487107293297875e+00 1.162333100239537176e+00 5.278526489478443384e-01 4.417536019936420533e-01 2.085120868134711647e-01
5.665487107293297520e+00 1.199813017805747339e+00 5.459244357077128740e-01 3.127068690453216337e-01 1.525592780810217652e-01
5.765487107293297164e+00 1.225222854227651315e+00 5.583023353284949364e-01 1.923265916232069217e-01 9.474804377822185208e-02
5.865487107293296809e+00 1.238452164816912227e+00 5.648348879025653080e-01 8.063851572915427257e-02 3.576730123915331655e-02
5.965487107293296454e+00 1.243410421353049689e+00 5.654479044132725285e-01 2.352928474647657947e-02 -2.342085397017735354e-02
6.065487107293296098e+00 1.242571019751182559e+00 5.601965567500124532e-01 -4.306136483904256934e-02 -8.124469249569850338e-02
6.165487107293295743e+00 1.235632987450503872e+00 5.492953159440785438e-01 -9.354792337900291743e-02 -1.361695510821837596e-01
6.265487107293295388e+00 1.222615626930787069e+00 5.331097680129754934e-01 -1.693540881284506527e-01 -1.867054086067726215e-01
6.365487107293295033e+00 1.202828039955893269e+00 5.121379410939441712e-01 -2.298161679052271866e-01 -2.317224182310295977e-01
6.465487107293294677e+00 1.173407056352210986e+00 4.869785539668145535e-01 -3.679850035514440898e-01 -2.703979508375745078e-01
6.565487107293294322e+00 1.130269965346405447e+00 4.582624938524342828e-01 -4.911294700924428991e-01 -3.029417574699475035e-01
6.665487107293293967e+00 1.074270440417299577e+00 4.265784671010864337e-01 -6.285477869481033153e-01 -3.298596908964210872e-01
6.765487107293293612e+00 1.006714125408243676e+00 3.924529744147162713e-01 -7.101843151208225846e-01 -3.518799319141737159e-01
6.865487107293293256e+00 9.338882408189617124e-01 3.563564025115186773e-01 -7.387759578152212070e-01 -3.692659646006076768e-01
6.965487107293292901e+00 8.607818935028106466e-01 3.187649294239949804e-01 -7.135828989400707645e-01 -3.816778845745840143e-01
7.065487107293292546e+00 7.926215242204293077e-01 2.802157891242508803e-01 -6.483061799646081536e-01 -3.882287935759293762e-01
7.165487107293292190e+00 7.305468913269889120e-01 2.413529289708850611e-01 -5.924756611014179164e-01 -3.877846481767974196e-01
7.265487107293291835e+00 6.758746123662082717e-01 2.029207931591235081e-01 -4.928539308822290077e-01 -3.794675445472963649e-01
7.365487107293291480e+00 6.312781767174896475e-01 1.657555794886268197e-01 -4.073103443157450876e-01 -3.622892738475027019e-01
7.465487107293291125e+00 5.943836025936826140e-01 1.307761865637518950e-01 -3.277645201473517456e-01 -3.357258297182662554e-01
7.565487107293290769e+00 5.648915896219616206e-01 9.892334899418503413e-02 -2.657692869874583863e-01 -2.998000220713563646e-01
7.665487107293290414e+00 5.422236132341888837e-01 7.110972140214277815e-02 -1.852744914004322008e-01 -2.550653515562144591e-01
7.765487107293290059e+00 5.261836022235371058e-01 4.817676807458083632e-02 -1.396253476298171814e-01 -2.023717106951804512e-01
7.865487107293289704e+00 5.159005268409956324e-01 3.085235518738979263e-02 -6.206063591864710571e-02 -1.431539973335401728e-01
7.965487107293289348e+00 5.118265278452079903e-01 1.971361417983186898e-02 -3.027159344093549587e-02 -7.894375980591768205e-02
8.065487107293289881e+00 5.089646910889008558e-01 1.515652797029262353e-02 -2.834668030280567894e-02 -1.196112102790518328e-02
8.165487107293289526e+00 5.074741331103347353e-01 1.732242435755013479e-02 1.222188035673750853e-02 5.507203537140736849e-02
8.265487107293289171e+00 5.117980580454866146e-01 2.609725680267068956e-02 6.254619277021639112e-02 1.199013684676747404e-01
8.365487107293288815e+00 5.187592973612168423e-01 4.116045198709823716e-02 7.877272882676468468e-02 1.804529952636352297e-01
8.465487107293288460e+00 5.273405636936393526e-01 6.196916120602960487e-02 9.010404127147941811e-02 2.344491133784859793e-01
8.565487107293288105e+00 5.375138595531628871e-01 8.776216722086185862e-02 1.206280368338306097e-01 2.798255995516510941e-01
8.665487107293287750e+00 5.527400875699828298e-01 1.175982155452329481e-01 1.904874078660965253e-01 3.151521483598400120e-01
8.765487107293287394e+00 5.763190881236783802e-01 1.504411028021840346e-01 2.795568038624483553e-01 3.399584889547463962e-01
8.865487107293287039e+00 6.084409381572370989e-01 1.852462338736584613e-01 3.639088472092788518e-01 3.544663303112544073e-01
8.965487107293286684e+00 6.490861032640915518e-01 2.210116216828089675e-01 4.487537660611477519e-01 3.593051741648611297e-01
9.065487107293286329e+00 6.977952025805197467e-01 2.568189714526365464e-01 5.157952383463553225e-01 3.555010845837219269e-01
9.165487107293285973e+00 7.492996446127581089e-01 2.918588059633077103e-01 5.026357523658714355e-01 3.440741368248879106e-01
9.265487107293285618e+00 7.967355877924215957e-01 3.253912671508129573e-01 4.393750200130773775e-01 3.253592336155914921e-01
9.365487107293285263e+00 8.370423729345655151e-01 3.566849064848849338e-01 3.715730668948093451e-01 2.992809518296562499e-01
9.465487107293284907e+00 8.711491853242858685e-01 3.850063196528937803e-01 3.082320393158349270e-01 2.659793753196224575e-01
9.565487107293284552e+00 8.995098849714582290e-01 4.096569305515670445e-01 2.660136106782161614e-01 2.259843412818015318e-01
9.665487107293284197e+00 9.248405671109708459e-01 4.300154653269189775e-01 2.428410167952218812e-01 1.803719327378932313e-01
9.765487107293283842e+00 9.487094098915860307e-01 4.455974085638144122e-01 2.319045649243793028e-01 1.307569902354019098e-01
9.865487107293283486e+00 9.704174926640879439e-01 4.560960991802395226e-01 2.063440183122154659e-01 7.901105616464362824e-02
9.965487107293283131e+00 9.912341117424700032e-01 4.613916161176893627e-01 2.063324777657684905e-01 2.704291374368292949e-02
1.006548710729328278e+01 1.009384398274479455e+00 4.615664218483510606e-01 1.486766069539234847e-01 -2.310896751251160369e-02
1.016548710729328242e+01 1.021010503866073504e+00 4.568758341316562221e-01 8.511851962992222909e-02 -7.008364273013702184e-02
1.026548710729328207e+01 1.025102130739773854e+00 4.476896747671107457e-01 -1.364808185094040782e-02 -1.128846966211488750e-01
1.036548710729328171e+01 1.017521081007965345e+00 4.344512234931392491e-01 -1.374675383105028459e-01 -1.511324944905842460e-01
1.046548710729328135e+01 9.969813082434165752e-01 4.176091551917245903e-01 -2.747639434726291130e-01 -1.850166215159194383e-01
1.056548710729328100e+01 9.643068668582889247e-01 3.975771927119053362e-01 -3.676323886094534643e-01 -2.150015243469568516e-01
1.066548710729328064e+01 9.245319752073574149e-01 3.747350973367777893e-01 -4.197354871086497186e-01 -2.411895591725655152e-01
1.076548710729328029e+01 8.828519988762006943e-01 3.494791838271398277e-01 -4.088490456080640101e-01 -2.631504765652029620e-01
1.086548710729327993e+01 8.422631376022317040e-01 3.222785118498150414e-01 -4.032807162028058667e-01 -2.799212994781171693e-01
1.096548710729327958e+01 8.021081467428183842e-01 2.936949517344356608e-01 -4.023461962819360749e-01 -2.907005350808639643e-01
1.106548710729327922e+01 7.631381011992425245e-01 2.643548764872077905e-01 -3.649672650842700206e-01 -2.949744712098527066e-01
1.116548710729327887e+01 7.281947193719547906e-01 2.349388478807520053e-01 -3.493894672271756763e-01 -2.921101546885082056e-01
1.126548710729327851e+01 6.933197529843775353e-01 2.061750850624831655e-01 -3.356152244696956055e-01 -2.819852318434107885e-01
1.136548710729327816e+01 6.614160952341430200e-01 1.787766490016306220e-01 -3.095888440774910988e-01 -2.648218933672211173e-01
1.146548710729327780e+01 6.311238924245309301e-01 1.534330042190002463e-01 -2.925525586264686173e-01 -2.410014366693388477e-01
1.156548710729327745e+01 6.041526011940949736e-01 1.307742960991010173e-01 -2.360606049009757734e-01 -2.112330497975949684e-01
1.166548710729327709e+01 5.854812559073211409e-01 1.113705476361459418e-01 -1.400587134292400338e-01 -1.759261368188750618e-01
1.176548710729327674e+01 5.746040446297083770e-01 9.576687406663082769e-02 -8.163556564187893216e-02 -1.353144750096722526e-01
1.186548710729327638e+01 5.695207162806033008e-01 8.445768251987033348e-02 -1.686077980120810615e-02 -9.020237640819243896e-02
1.196548710729327603e+01 5.702571985154075707e-01 7.784301966944047468e-02 1.850614035428354426e-02 -4.161191904284408660e-02
1.206548710729327567e+01 5.716154048536560284e-01 7.619920211060532411e-02 9.504534111175941963e-03 8.870848518163325369e-03
1.216548710729327532e+01 5.717261891885004887e-01 7.960650311349516672e-02 -1.477592079257025390e-02 5.902636118481000005e-02
1.226548710729327496e+01 5.686575160067072199e-01 8.791151392072608928e-02 -3.939069316525841552e-02 1.063978245287411639e-01
1.236548710729327460e+01 5.638200840438668537e-01 1.007149191904249258e-01 -6.306532567255788979e-02 1.486401734664806740e-01
1.246548710729327425e+01 5.568998791303791940e-01 1.173983652702519226e-01 -6.119822529080161388e-02 1.836711681145516695e-01
1.256548710729327389e+01 5.534788481285638495e-01 1.371615948644051841e-01 -8.127077263344675839e-03 2.101130872909250935e-01
1.266548710729327354e+01 5.541549386973378954e-01 1.591197117080249135e-01 2.127548264675747577e-02 2.275139715462658196e-01
1.276548710729327318e+01 5.601517715878345793e-01 1.823563614783302866e-01 1.143911889732256992e-01 2.357231075241241480e-01
1.286548710729327283e+01 5.778285364449363692e-01 2.059894696251060031e-01 2.360383613849196816e-01 2.357078742493975698e-01
1.296548710729327247e+01 6.074435965275021276e-01 2.292818453329041051e-01 3.556158340583159827e-01 2.292212323769711180e-01
1.306548710729327212e+01 6.476443639666333851e-01 2.516833659938227941e-01 4.405227419629478836e-01 2.182110654457700694e-01
1.316548710729327176e+01 6.936759981785888263e-01 2.728295227275689960e-01 4.685029884641281894e-01 2.043423062977142712e-01
1.326548710729327141e+01 7.406177711148089760e-01 2.924906180057724181e-01 4.738363689145038138e-01 1.886304536189138126e-01
1.336548710729327105e+01 7.869125127352447624e-01 3.105184513289463988e-01 4.347084323331946165e-01 1.717815721100706960e-01
1.346548710729327070e+01 8.259422520175774274e-01 3.268138393506340167e-01 3.430743272652119757e-01 1.539192332858492496e-01
1.356548710729327034e+01 8.531426193351648868e-01 3.412487924330235844e-01 1.901711798462384917e-01 1.344184780814517421e-01
1.366548710729326999e+01 8.651521605240863888e-01 3.536003691522403014e-01 6.268229166679681330e-02 1.120256313779233043e-01
1.376548710729326963e+01 8.671344777062376386e-01 3.635273597795966039e-01 -1.374626291937998401e-02 8.586111827069267677e-02
1.386548710729326928e+01 8.648243975304316100e-01 3.706479372557940910e-01 -2.673217486284968150e-02 5.599704575062779133e-02
1.396548710729326892e+01 8.622623449047708277e-01 3.746366955656049158e-01 -1.875997596621176502e-02 2.344117526681274016e-02
1.406548710729326856e+01 8.615093775508239071e-01 3.752963645657588221e-01 -1.736978904546382374e-03 -1.030156683436347920e-02
1.416548710729326821e+01 8.606270242130701353e-01 3.725906923405403748e-01 -2.279751675261761784e-02 -4.363407786955530998e-02
1.426548710729326785e+01 8.549809180521094065e-01 3.666193844474119889e-01 -9.721647609827671621e-02 -7.550200150658067932e-02
1.436548710729326750e+01 8.414891641421221591e-01 3.575504842971207187e-01 -1.671092841825559394e-01 -1.055611919033371537e-01
1.446548710729326714e+01 8.223773761562396256e-01 3.455763639241490326e-01 -2.116568604594857295e-01 -1.335355933104794834e-01
1.456548710729326679e+01 7.994073638163232687e-01 3.309301872199791883e-01 -2.495364991666572108e-01 -1.589057543801697947e-01
1.466548710729326643e+01 7.722898778617299786e-01 3.138989041830953508e-01 -2.916501018890205188e-01 -1.811718848600517573e-01
1.476548710729326608e+01 7.412764537322598102e-01 2.948107037361559213e-01 -3.280580465690510206e-01 -1.999933769215852808e-01
1.486548710729326572e+01 7.069786112013061175e-01 2.740239488871551998e-01 -3.533159956903559884e-01 -2.151036612140337922e-01
1.496548710729326537e+01 6.727894629315755992e-01 2.519244870462233887e-01 -3.179841048098709377e-01 -2.261523629867961682e-01
1.506548710729326501e+01 6.435726417694264123e-01 2.289594334775667539e-01 -2.743713049716023922e-01 -2.322280662089238890e-01
1.516548710729326466e+01 6.178736648657523478e-01 2.056737540494974203e-01 -2.307991769340432819e-01 -2.324642900117817601e-01
1.526548710729326430e+01 5.984174036288344434e-01 1.826837737148061802e-01 -1.596592539002905653e-01 -2.261801620493891496e-01
1.536548710729326395e+01 5.854959979623066690e-01 1.606789763086052814e-01 -1.013606361818107232e-01 -2.126746445306789690e-01
1.546548710729326359e+01 5.774639098205531784e-01 1.403985003489599814e-01 -6.287179454098723586e-02 -1.916999025311732496e-01
1.556548710729326324e+01 5.716483935386151849e-01 1.225766219064731294e-01 -6.153862352019049548e-02 -1.636248738211581177e-01
1.566548710729326288e+01 5.648242850558931050e-01 1.078722607842596826e-01 -7.100874657895470121e-02 -1.296001179592405905e-01
1.576548710729326253e+01 5.572517314078941908e-01 9.680276034313065048e-02 -8.470791383313930334e-02 -9.120033506993249772e-02
1.586548710729326217e+01 5.487275541669155432e-01 8.971826430506883721e-02 -7.458125948598451349e-02 -5.020866173654951053e-02
1.596548710729326181e+01 5.435026604431644204e-01 8.679501280151560860e-02 -3.073451915397591022e-02 -8.183434879178323740e-03
1.606548710729326146e+01 5.422145710450327893e-01 8.807643106567769609e-02 3.408252019793528431e-03 3.368256488068065158e-02
1.616548710729326288e+01 5.443472487599988474e-01 9.348426523753972095e-02 4.363889187731707225e-02 7.413539548084310815e-02
1.626548710729326430e+01 5.514138884583879019e-01 1.028193615697586549e-01 9.557657822290195615e-02 1.120736220063261179e-01
1.636548710729326572e+01 5.637186209692378602e-01 1.157863468629159592e-01 1.582020719256762575e-01 1.466418442762219554e-01
1.646548710729326714e+01 5.838179173925270860e-01 1.320177844276099743e-01 2.381000002018338613e-01 1.773270935357613154e-01
1.656548710729326856e+01 6.098008724724385266e-01 1.511151622841231945e-01 2.782056344767603884e-01 2.038983393505281738e-01
1.666548710729326999e+01 6.396513256690296023e-01 1.726441982440506950e-01 3.225237416754395126e-01 2.258818819592406102e-01
1.676548710729327141e+01 6.749581361685836889e-01 1.961296237432787748e-01 3.810278536413432282e-01 2.430235897705315395e-01
1.686548710729327283e+01 7.139332055015708001e-01 2.210889252795161797e-01 3.903706217402184708e-01 2.553443079641680713e-01
1.696548710729327425e+01 7.529830202294370833e-01 2.470271897367959657e-01 3.904366488088178433e-01 2.625333454817077028e-01
1.706548710729327567e+01 7.906703747327744614e-01 2.734130094067495631e-01 3.580696424375221509e-01 2.642324060231676652e-01
1.716548710729327709e+01 8.251947949750415567e-01 2.996748765696659045e-01 3.362933333588579154e-01 2.599854345919148102e-01
1.726548710729327851e+01 8.578100004497543063e-01 3.252064000449613190e-01 3.168555157776983267e-01 2.496338030774721828e-01
1.736548710729327993e+01 8.894475223243861750e-01 3.494044838798264219e-01 3.195378343846611013e-01 2.333890404984439448e-01
1.746548710729328135e+01 9.225557345512109819e-01 3.717115956475097183e-01 3.486385094924735473e-01 2.119852265863653162e-01
1.756548710729328278e+01 9.589285805129442730e-01 3.916728458533600965e-01 3.691888651475363492e-01 1.867218250378614719e-01
1.766548710729328420e+01 9.953575131343028737e-01 4.089718141877036195e-01 3.600950528527566141e-01 1.589236892397959122e-01
1.776548710729328562e+01 1.029816618757492641e+00 4.234080491905688470e-01 3.175547771182091750e-01 1.296243164845028717e-01
1.786548710729328704e+01 1.057932527279585422e+00 4.348674691930285441e-01 2.471018721939964580e-01 9.943777377629689496e-02
1.796548710729328846e+01 1.079702549724051552e+00 4.432759384129426605e-01 1.913387951913365914e-01 6.866841640966510341e-02
1.806548710729328988e+01 1.096129123366349489e+00 4.485979049764150517e-01 1.252469566046890415e-01 3.779950778466344835e-02
1.816548710729329130e+01 1.101836859938627899e+00 4.508407605237279014e-01 -1.201102136388873531e-02 7.036769611668613339e-03
1.826548710729329272e+01 1.095734119628946290e+00 4.499914929134438690e-01 -1.060487873043193391e-01 -2.410932614934259074e-02
1.836548710729329414e+01 1.079903197287292560e+00 4.460011592832446303e-01 -2.086232437560249231e-01 -5.579794331657736417e-02
1.846548710729329557e+01 1.055466055038891460e+00 4.388115280835597765e-01 -2.768480983760733261e-01 -8.807580649792812189e-02
1.856548710729329699e+01 1.024959197451963400e+00 4.283773256401266494e-01 -3.265973746475541173e-01 -1.206073579065127521e-01
1.866548710729329841e+01 9.914075559834854001e-01 4.147043127355635739e-01 -3.404481980555099652e-01 -1.526936755049282390e-01
1.876548710729329983e+01 9.581768008817055371e-01 3.978917560489143579e-01 -3.193160961439019951e-01 -1.831683223302018604e-01
1.886548710729330125e+01 9.267243577099636420e-01 3.781751221105776328e-01 -3.136012637556515603e-01 -2.105254826181563177e-01
1.896548710729330267e+01 8.965745613257058988e-01 3.559340378159664975e-01 -2.864580576649599086e-01 -2.334505379003606329e-01
1.906548710729330409e+01 8.674334218699357724e-01 3.316746639086973203e-01 -3.058598344163622196e-01 -2.507240758315077978e-01
1.916548710729330551e+01 8.358312065008713931e-01 3.059953750437947595e-01 -3.223069608515587436e-01 -2.618140536844524302e-01
1.926548710729330693e+01 8.025333671243515266e-01 2.795245155149813643e-01 -3.460256117451723790e-01 -2.665404347887515013e-01
1.936548710729330836e+01 7.665996880943251046e-01 2.528951943663580448e-01 -3.721233698288876623e-01 -2.650381745748597861e-01
1.946548710729330978e+01 7.292047534230826633e-01 2.267106954846964118e-01 -3.658781735416830605e-01 -2.577132569952565455e-01
1.956548710729331120e+01 6.945810761740579542e-01 2.015393672993518459e-01 -3.248342754288048306e-01 -2.447755737864122649e-01
1.966548710729331262e+01 6.645604269039937506e-01 1.779434205406604241e-01 -2.771467956160878487e-01 -2.262059548181055979e-01
1.976548710729331404e+01 6.384166560187840567e-01 1.564815130458160619e-01 -2.447087875593582651e-01 -2.021543633556132091e-01
1.986548710729331546e+01 6.165071796909290525e-01 1.376789686797459944e-01 -1.912707553516502790e-01 -1.731039492843475802e-01
1.996548710729331688e+01 6.006834280582663554e-01 1.220116254588728688e-01 -1.218159499220815289e-01 -1.395254351563819939e-01
2.006548710729331830e+01 5.910850987456538475e-01 1.099096935748105630e-01 -8.095068671044183817e-02 -1.018944195118375029e-01
2.016548710729331972e+01 5.844053698737560198e-01 1.017354972361527304e-01 -4.518318560578382659e-02 -6.118464070561149132e-02
2.026548710729332115e+01 5.823631120168406561e-01 9.773580812663995587e-02 2.846991318168803908e-03 -1.858275472507135012e-02
2.036548710729332257e+01 5.853788299815702034e-01 9.804544287258680491e-02 5.765189088427857128e-02 2.481922373649082109e-02
2.046548710729332399e+01 5.936720622157255489e-01 1.026907285582871476e-01 1.137728350791094578e-01 6.795081889109411133e-02
2.056548710729332541e+01 6.092419810864910801e-01 1.115948087746954781e-01 1.923981670664079435e-01 1.098755319176581147e-01
2.066548710729332683e+01 6.305625260861236203e-01 1.246013759013974709e-01 2.331952048292984525e-01 1.498465809745555821e-01
2.076548710729332825e+01 6.558260782871536687e-01 1.414644984747402412e-01 2.673075431325528939e-01 1.868320992002392988e-01
2.086548710729332967e+01 6.845428029293527672e-01 1.618327715403355960e-01 3.228004510482045397e-01 2.197817915747080075e-01
2.096548710729333109e+01 7.233823493748237077e-01 1.852695841601317839e-01 4.551968012807909858e-01 2.482413894032451940e-01
2.106548710729333251e+01 7.731288721824742805e-01 2.113494153595917857e-01 5.246735342960897608e-01 2.727212176673177724e-01
2.116548710729333393e+01 8.265921343161196644e-01 2.396814005423219263e-01 5.389105996670159326e-01 2.932099484619371532e-01
2.126548710729333536e+01 8.795465939067467209e-01 2.698368105431488972e-01 5.165609812976936777e-01 3.090475815723666142e-01
2.136548710729333678e+01 9.297578171787299617e-01 3.013044562172378926e-01 4.806816669113687657e-01 3.192966420266732386e-01
2.146548710729333820e+01 9.729068253301238478e-01 3.334753160203894340e-01 3.724568437192352643e-01 3.228896171074264743e-01
2.156548710729333962e+01 1.003492983547443984e+00 3.656058713706210050e-01 2.335531606608398925e-01 3.181882899107560947e-01
2.166548710729334104e+01 1.019005414604984505e+00 3.967758301842663204e-01 8.558162726858570268e-02 3.033785514335582412e-01
2.176548710729334246e+01 1.023241544984853313e+00 4.258977729112199406e-01 3.490774136694171914e-03 2.771077988291908434e-01
2.186548710729334388e+01 1.019298920705552947e+00 4.518090428853775986e-01 -7.885977020821899330e-02 2.391968790219383134e-01
2.196548710729334530e+01 1.009975149353635304e+00 4.733658441354592350e-01 -9.466360029891504602e-02 1.901992234000060844e-01
2.206548710729334672e+01 1.001116616213899357e+00 4.895386149038761792e-01 -8.443755213393638881e-02 1.319161159023708452e-01
2.216548710729334815e+01 9.937667830541382363e-01 4.995262110046297388e-01 -5.359442297458515830e-02 6.696787377163937460e-02
2.226548710729334957e+01 9.913824016496982638e-01 5.028166228150249273e-01 4.894302066084162128e-03 -1.428834357730501825e-03
2.236548710729335099e+01 9.943489294482595886e-01 4.992484723771635768e-01 5.008959075194453769e-02 -6.959047241395803496e-02
2.246548710729335241e+01 9.995558467180886142e-01 4.890225856965557671e-01 4.721860231819549614e-02 -1.340619012777964913e-01
2.256548710729335383e+01 1.004515115009506854e+00 4.726511489778130182e-01 5.818139782296045254e-02 -1.920789035553938651e-01
2.266548710729335525e+01 1.010412537744161954e+00 4.509072835378354349e-01 5.026894690866632459e-02 -2.411067214670006287e-01
2.276548710729335667e+01 1.013261357669402951e+00 4.247943131074320422e-01 -1.519990466505576066e-03 -2.792330249167941369e-01
2.286548710729335809e+01 1.007166608182549883e+00 3.954511246044622452e-01 -1.327156685711570472e-01 -3.057051569242593692e-01
2.296548710729335951e+01 9.875408588476288774e-01 3.640194836042993654e-01 -2.422368072546137452e-01 -3.211925274151145593e-01
2.306548710729336094e+01 9.614386035724676871e-01 3.315496562894194588e-01 -2.755772814141656535e-01 -3.265455074993127149e-01
2.316548710729336236e+01 9.331687068041648603e-01 2.990371595224058376e-01 -2.817994736361886798e-01 -3.220978130703534004e-01
2.326548710729336378e+01 9.064902312418199326e-01 2.674482582538013631e-01 -2.475988118809727967e-01 -3.080984206656705027e-01
2.336548710729336520e+01 8.854716141484395564e-01 2.377326581473331868e-01 -1.581765099213717496e-01 -2.846296018917267023e-01
2.346548710729336662e+01 8.759245325931954707e-01 2.108475824171942015e-01 -4.203505714666509741e-02 -2.514034977557181305e-01
2.356548710729336804e+01 8.746691915031712394e-01 1.877827766429046030e-01 8.730889748809783635e-03 -2.083008058341714874e-01
2.366548710729336946e+01 8.755576852122617382e-01 1.694813395432955283e-01 -5.892870405266209186e-03 -1.564239781553769526e-01
2.376548710729337088e+01 8.718531213660778434e-01 1.567107809484998837e-01 -6.516985726454441186e-02 -9.819443892786090811e-02
2.386548710729337230e+01 8.637282112448726457e-01 1.499468246550636208e-01 -9.382266738941004436e-02 -3.682129235382708421e-02
2.396548710729337373e+01 8.535757751902713908e-01 1.493502321510375985e-01 -1.073220950443572325e-01 2.466946435814573735e-02
2.406548710729337515e+01 8.421134496965370086e-01 1.547909999247460144e-01 -1.229468055250636377e-01 8.346978227754814350e-02
2.416548710729337657e+01 8.295163548387516350e-01 1.658649841502088385e-01 -1.256953512143805518e-01 1.369092131146738833e-01
2.426548710729337799e+01 8.168928001702290276e-01 1.819169815388806954e-01 -1.282066263011258367e-01 1.826816096459590588e-01
2.436548710729337941e+01 8.040313517310422320e-01 2.020804666537989458e-01 -1.282338746485414127e-01 2.188446511634603853e-01
2.446548710729338083e+01 7.912222395829809907e-01 2.253144341077776003e-01 -1.258901019066331339e-01 2.438785613368630867e-01
2.456548710729338225e+01 7.802734928541146253e-01 2.504524959277866780e-01 -8.239616882167000167e-02 2.568401463157369280e-01
2.466548710729338367e+01 7.765515401535687534e-01 2.762831082890110923e-01 1.243210666833542699e-02 2.578634743818986053e-01
2.476548710729338509e+01 7.833387205029122002e-01 3.016699951726737883e-01 1.292872344613466562e-01 2.482547733321836536e-01
2.486548710729338652e+01 8.038123830311758589e-01 3.256505134766186638e-01 2.817996786582962487e-01 2.301719169032594436e-01
2.496548710729338794e+01 8.387520274459208114e-01 3.475183842251663435e-01 4.099349954757470216e-01 2.065031623614168588e-01
2.506548710729338936e+01 8.840901666831172401e-01 3.668595508257841975e-01 4.872819633919265314e-01 1.800663253921419016e-01
2.516548710729339078e+01 9.352240056294830461e-01 3.835146795147262866e-01 5.333887257635442358e-01 1.531077083197099897e-01
2.526548710729339220e+01 9.887132978121532245e-01 3.975231454827719557e-01 5.183324186620451579e-01 1.273781366385592084e-01
2.536548710729339362e+01 1.036358898167370590e+00 4.090597732139155673e-01 4.300013994775350179e-01 1.036945201093321250e-01
2.546548710729339504e+01 1.074142479923512639e+00 4.183231931175606100e-01 3.231901021492959991e-01 8.183410684677500102e-02
2.556548710729339646e+01 1.100542290883917307e+00 4.254668383448471647e-01 2.000426390270571564e-01 6.117229965859261043e-02
2.566548710729339788e+01 1.113088917954362156e+00 4.305665716599945125e-01 4.939418122596522798e-02 4.076213818523632959e-02
2.576548710729339930e+01 1.110348212169709248e+00 4.335849547817853811e-01 -1.064880510358751919e-01 1.932266916244944344e-02
2.586548710729340073e+01 1.092051629117318789e+00 4.343518745126432878e-01 -2.529150687517853768e-01 -4.486460185633981551e-03
2.596548710729340215e+01 1.061066230556975132e+00 4.325724624977591026e-01 -3.566012861366483766e-01 -3.172788590474659443e-02
2.606548710729340357e+01 1.025311800974276544e+00 4.278831512602822573e-01 -3.323465899246009214e-01 -6.259151218039270270e-02
2.616548710729340499e+01 9.963862351693044683e-01 4.199853975593190736e-01 -2.483434660431598773e-01 -9.549160718266491710e-02
2.626548710729340641e+01 9.760169899534765214e-01 4.088023849381456354e-01 -1.606249420228400282e-01 -1.278594761535523650e-01
2.636548710729340783e+01 9.619432263323126620e-01 3.945161288466785821e-01 -1.278664850014153420e-01 -1.571864572466493415e-01
2.646548710729340925e+01 9.519995874372895184e-01 3.775277791048874398e-01 -6.144447385648559024e-02 -1.816153135904931271e-01
2.656548710729341067e+01 9.499021198246262454e-01 3.584210067837863556e-01 1.904050267591371470e-02 -1.992131111802807608e-01
2.666548710729341209e+01 9.545312569184499774e-01 3.379754858363535619e-01 5.389701059920305043e-02 -2.081324776937742149e-01
2.676548710729341352e+01 9.570988234860356991e-01 3.171105121761404466e-01 -7.249497536131008224e-03 -2.076355392152071933e-01
2.686548710729341494e+01 9.524384311999236630e-01 2.967357792599407684e-01 -9.544767402216083885e-02 -1.985384095282688999e-01
2.696548710729341636e+01 9.378280568919453719e-01 2.776340982462507934e-01 -1.837779245190880317e-01 -1.825142010552531779e-01
2.706548710729341778e+01 9.169825345719889720e-01 2.604007175321407797e-01 -2.419427923569260619e-01 -1.614472968811325737e-01
2.716548710729341920e+01 8.878650020221104944e-01 2.454516172237315719e-01 -3.372516360099104826e-01 -1.371972455633854726e-01
2.726548710729342062e+01 8.513556303814210358e-01 2.329909726276143400e-01 -3.839009753107057721e-01 -1.120310675388797028e-01
2.736548710729342204e+01 8.127458841526855604e-01 2.230175367608068504e-01 -3.799551495251539124e-01 -8.767610028203455530e-02
2.746548710729342346e+01 7.766049037672499988e-01 2.153958657588800896e-01 -3.399821435639748812e-01 -6.509779121005385139e-02
2.756548710729342488e+01 7.453108765935632096e-01 2.099253633167603994e-01 -2.802311350174365723e-01 -4.468641528795362639e-02
2.766548710729342631e+01 7.216344876283593557e-01 2.063870780967546892e-01 -1.922758122488079646e-01 -2.640181292333191460e-02
2.776548710729342773e+01 7.069678692542731291e-01 2.045895413217316272e-01 -9.669198274418967787e-02 -9.776622924616177462e-03
2.786548710729342915e+01 7.023504291719482318e-01 2.043995080984335466e-01 -6.518724676579837340e-03 5.882378031658357098e-03
2.796548710729343057e+01 7.028112163990731798e-01 2.057521457642158824e-01 7.584311075553747117e-03 2.108528547208570608e-02
2.806548710729343199e+01 7.037477747325735500e-01 2.085898368576260542e-01 1.522829726169350889e-02 3.548685870928890845e-02
2.816548710729343341e+01 7.072963783164574192e-01 2.128076806963282164e-01 6.298976142042636561e-02 4.865585282283944185e-02
2.826548710729343483e+01 7.166918707211553663e-01 2.182832591416478951e-01 1.227797134028752318e-01 6.069822760861438848e-02
2.836548710729343625e+01 7.316192568526188600e-01 2.249211186264666595e-01 1.742219978698615335e-01 7.195241368957926154e-02
2.846548710729343767e+01 7.505130932860969439e-01 2.326557414848528793e-01 1.966697769481062230e-01 8.265221205558154205e-02
2.856548710729343910e+01 7.699707581139004775e-01 2.414290099914347953e-01 1.893951366627202593e-01 9.266265809456732117e-02
2.866548710729344052e+01 7.874479624297368030e-01 2.511479120352203553e-01 1.539062980028402250e-01 1.014500597858780662e-01
2.876548710729344194e+01 8.006213461644323681e-01 2.616494387553541245e-01 1.170752392928477159e-01 1.081520110533780582e-01
2.886548710729344336e+01 8.119578588248881346e-01 2.726831392919484842e-01 1.057628374953775569e-01 1.120173199351045534e-01
2.896548710729344478e+01 8.204739072910116615e-01 2.839447266783302615e-01 6.272140559348163280e-02 1.126232502883154629e-01
2.906548710729344620e+01 8.244722274927608341e-01 2.950791127205167896e-01 1.617534232126785487e-02 1.093739498686158301e-01
2.916548710729344762e+01 8.244519037514886906e-01 3.056736707066008418e-01 -7.979886428223743194e-03 1.017666926663216703e-01
2.926548710729344904e+01 8.236897830949224675e-01 3.152863605289465410e-01 -7.728356609428639959e-03 8.979377585080519641e-02
2.936548710729345046e+01 8.238130350076212638e-01 3.235037258915964276e-01 1.902332925416686665e-02 7.397927226077546936e-02
2.946548710729345188e+01 8.279765185567286023e-01 3.299889926171379884e-01 5.885992247646248260e-02 5.537778668056808629e-02
2.956548710729345331e+01 8.342673972308758401e-01 3.345299191251543403e-01 6.142769810266895253e-02 3.527891029683299234e-02
2.966548710729345473e+01 8.395341363142015956e-01 3.370250479861507387e-01 4.328837342647086361e-02 1.457903711836971983e-02
2.976548710729345615e+01 8.428318575142278446e-01 3.374469035090241764e-01 1.816358017218000151e-02 -6.087273968056708395e-03
2.986548710729345757e+01 8.418524707217253100e-01 3.358242814408604060e-01 -3.974417761978669972e-02 -2.627232184821998856e-02
2.996548710729345899e+01 8.360619912917619523e-01 3.322115720881613776e-01 -6.790552386948019159e-02 -4.586651144899921151e-02
3.006548710729346041e+01 8.285945157903237268e-01 3.266837068562001289e-01 -8.462696979731582081e-02 -6.447663620739847723e-02
3.016548710729346183e+01 8.197165379053522605e-01 3.193671263713389608e-01 -8.065963864833732011e-02 -8.155259860626144774e-02
3.026548710729346325e+01 8.147514072389892004e-01 3.104521631018574146e-01 -1.665853586517834772e-02 -9.623053940486822611e-02
3.036548710729346467e+01 8.155371162211031422e-01 3.002489611118807633e-01 2.838656491570692997e-02 -1.070880906236496843e-01
3.046548710729346610e+01 8.191902876033655412e-01 2.891989102494174624e-01 3.330745728153104712e-02 -1.130396668046620284e-01
3.056548710729346752e+01 8.204527634575832229e-01 2.778147224504348145e-01 -1.114015778598913264e-02 -1.138122630436151916e-01
3.066548710729346894e+01 8.162039989573525167e-01 2.665899146574863821e-01 -7.504979471473760544e-02 -1.099983166118899403e-01
3.076548710729347036e+01 8.079906194349401050e-01 2.559349588538121778e-01 -7.279711339153153993e-02 -1.025548113464743727e-01
3.086548710729347178e+01 8.007504081143801411e-01 2.461870160606906000e-01 -8.625154340358637262e-02 -9.188948662658266708e-02
3.096548710729347320e+01 7.915134232853306973e-01 2.376446804177714534e-01 -8.660421377433376311e-02 -7.858570419276184049e-02
3.106548710729347462e+01 7.824510646808544578e-01 2.305370912152489293e-01 -1.049922425287296429e-01 -6.328482138318469730e-02
3.116548710729347604e+01 7.708727020086975079e-01 2.250255694087015812e-01 -1.245519152471736973e-01 -4.684326983945567846e-02
3.126548710729347746e+01 7.564216850956161364e-01 2.211719739277933361e-01 -1.639668956838617742e-01 -3.031272239300973614e-02
3.136548710729347889e+01 7.395670087232135703e-01 2.189268954618434349e-01 -1.721357426303708749e-01 -1.484279529035191503e-02
3.146548710729348031e+01 7.214234200612145154e-01 2.181397335707843665e-01 -1.883546159887814209e-01 -1.289224666455986157e-03
3.156548710729348173e+01 7.023764001792516254e-01 2.185796723199444902e-01 -1.929778805762808191e-01 9.593617228008402553e-03
3.166548710729348315e+01 6.836863241388578816e-01 2.199520514999001586e-01 -1.737146986453254882e-01 1.730176903948371300e-02
3.176548710729348457e+01 6.683503439253937195e-01 2.219323366214790427e-01 -1.285771268570589099e-01 2.179369863216289865e-02
3.186548710729348599e+01 6.587615903832261255e-01 2.242193726600478498e-01 -6.727449751824987612e-02 2.355819456003451287e-02
3.196548710729348741e+01 6.545974403885402859e-01 2.265784130757113879e-01 -4.007206680625707840e-03 2.335557215770367109e-02
3.206548710729348528e+01 6.597144924400678567e-01 2.288584835273194118e-01 9.779934721425438682e-02 2.221819615712176954e-02
3.216548710729348670e+01 6.721011018647562452e-01 2.310371263055705504e-01 1.485943472356298090e-01 2.150362929376066837e-02
3.226548710729348812e+01 6.886267872765567954e-01 2.332006736056966567e-01 1.718820361923977247e-01 2.201916580043400753e-02
3.236548710729348954e+01 7.055888802723779829e-01 2.354922680874490248e-01 1.679976456095713111e-01 2.406012787725313185e-02
3.246548710729349096e+01 7.220116921579088354e-01 2.380594567285658769e-01 1.621716804436675319e-01 2.749859919609858039e-02
3.256548710729349239e+01 7.390377318681440322e-01 2.410324145515004290e-01 1.775505717220961233e-01 3.216278088849383598e-02
3.266548710729349381e+01 7.564361073015667403e-01 2.445312009739847858e-01 1.707403800637014024e-01 3.798527026542009022e-02
3.276548710729349523e+01 7.741881297693468111e-01 2.486591134044695006e-01 1.846473698157012622e-01 4.471034844478069536e-02
3.286548710729349665e+01 7.920990640111144065e-01 2.534981233598500583e-01 1.664153324729153449e-01 5.216102820572925125e-02
3.296548710729349807e+01 8.075327729748438266e-01 2.590975190724081889e-01 1.518816166211678642e-01 5.979972711855358058e-02
3.306548710729349949e+01 8.239946584223053483e-01 2.654483676241081724e-01 1.729291366552885567e-01 6.716835905251804240e-02
3.316548710729350091e+01 8.402805471354789502e-01 2.725181503600020982e-01 1.501904873796021667e-01 7.411997890282449875e-02
3.326548710729350233e+01 8.542015051779668910e-01 2.802402671659358080e-01 1.243204175447578524e-01 8.011237463760413624e-02
3.336548710729350375e+01 8.638171273655543825e-01 2.884860591503821126e-01 6.301672249173130569e-02 8.445061799146560966e-02
3.346548710729350518e+01 8.662498221480818827e-01 2.970404846773089247e-01 -1.317296618215292592e-02 8.608784024718343919e-02
3.356548710729350660e+01 8.625477979141605855e-01 3.055764566803649829e-01 -5.245383101384483437e-02 8.393534590382530081e-02
3.366548710729350802e+01 8.570899096357483815e-01 3.136850161091933598e-01 -5.002504345156198740e-02 7.753140322349108549e-02
3.376548710729350944e+01 8.531858224310544525e-01 3.209506182211236403e-01 -3.132016910759277684e-02 6.717814348101014410e-02
3.386548710729351086e+01 8.501805283465035945e-01 3.270110853176179111e-01 -2.835106519473435879e-02 5.353382496035362370e-02
3.396548710729351228e+01 8.474646925388011898e-01 3.315690638063827911e-01 -2.705100803843372634e-02 3.724294928156340889e-02
3.406548710729351370e+01 8.453021455111676685e-01 3.343955306713902176e-01 -1.261491203966336357e-02 1.903858794370637611e-02
3.416548710729351512e+01 8.448543830390898846e-01 3.353448484293606868e-01 2.785874288242907656e-03 -1.241010434671757645e-04
3.426548710729351654e+01 8.456614812929802438e-01 3.343733028934520179e-01 6.848521487949114049e-03 -1.921207393383523795e-02
3.435845505580338966e+01 8.452611346248026791e-01 3.317912211346805695e-01 -1.067599791564586079e-02 -3.617366741196229724e-02
3.445122809285182797e+01 8.453233356444568303e-01 3.276962206555552592e-01 1.257420300195575755e-02 -5.183217034342012947e-02
3.454969270196561837e+01 8.462123825015732681e-01 3.218617973142031685e-01 2.430600542304452855e-03 -6.624536675538535146e-02
3.464074411292732947e+01 8.469467773852122905e-01 3.153167091917452036e-01 1.850678538027934750e-02 -7.708267686486787451e-02
3.474074411292733089e+01 8.497699189026786115e-01 3.071506548978698015e-01 3.628467774582536803e-02 -8.559005968462270186e-02
3.484074411292733231e+01 8.539936653854199866e-01 2.983370739767209900e-01 4.504489561808738135e-02 -8.995470965836396826e-02
3.494074411292733373e+01 8.584978954094423242e-01 2.893079891992433317e-01 4.553201877513259055e-02 -8.988128470922408797e-02
3.504074411292733515e+01 8.623307518708445141e-01 2.805084661994682316e-01 2.733456193020784505e-02 -8.539593422410445001e-02
3.514074411292733657e+01 8.653011647203094903e-01 2.723628999602221157e-01 4.142266827347058228e-02 -7.687312016660659275e-02
3.524074411292733799e+01 8.698701145624345710e-01 2.652610620975516809e-01 4.080413364354436995e-02 -6.455159050363293294e-02
3.534074411292733942e+01 8.737642836246012346e-01 2.595627074362426567e-01 4.306448622667943815e-02 -4.892501317845211750e-02
3.544074411292734084e+01 8.776806313461094078e-01 2.555642708883497649e-01 2.518689304054496508e-02 -3.066910176858093223e-02
3.554074411292734226e+01 8.779000887684746957e-01 2.534821602998059142e-01 -1.920708379203821259e-02 -1.082899670224449218e-02
3.564074411292734368e+01 8.742393268835768616e-01 2.534034268189906403e-01 -5.557867311088240947e-02 9.164543141002578358e-03
3.574074411292734510e+01 8.658817619286043321e-01 2.552730540677856652e-01 -1.127747578603534306e-01 2.788626904085001607e-02
3.584074411292734652e+01 8.527637564519081614e-01 2.588865052899520514e-01 -1.432893964254357833e-01 4.380271215681517949e-02
3.594074411292734794e+01 8.382650495938601676e-01 2.639025802970131340e-01 -1.380057794861528631e-01 5.580896846622668273e-02
3.604074411292734936e+01 8.265855202181042749e-01 2.699042216249566972e-01 -9.674265074680399312e-02 6.351892677018466937e-02
3.614074411292735078e+01 8.188682330659668995e-01 2.764702027355886993e-01 -4.908000077058850830e-02 6.714991813629106465e-02
3.624074411292735221e+01 8.179422211884692651e-01 2.832178214575675756e-01 2.451624259389915961e-02 6.731024092247028801e-02
3.634074411292735363e+01 8.216858089996459391e-01 2.898482806527115652e-01 4.243431353761746572e-02 6.492511572057242664e-02
3.644074411292735505e+01 8.254226772304592563e-01 2.961313202834279790e-01 3.131158731029171083e-02 6.038347507808315695e-02
3.654074411292735647e+01 8.283929672807284206e-01 3.018557562090156132e-01 2.703808237046399082e-02 5.377458300457319679e-02
3.664074411292735789e+01 8.298335476533165167e-01 3.068228739554587636e-01 3.828793749286081571e-04 4.525294696614265422e-02
3.674074411292735931e+01 8.289458120034063349e-01 3.108434978727817044e-01 -1.786194146079031139e-02 3.485576734990912529e-02
3.684074411292736073e+01 8.267687837350988778e-01 3.137369248323195192e-01 -1.492680837879819741e-02 2.275601689662556937e-02
3.694074411292736215e+01 8.285012007933038047e-01 3.153585269580348460e-01 5.816763761138092625e-02 9.609190488370354666e-03
3.704074411292736357e+01 8.396572592102218291e-01 3.156759892299039194e-01 1.683776037456075070e-01 -3.003763110803190847e-03
3.714074411292736499e+01 8.611590631373693405e-01 3.148442553072461347e-01 2.515939212749155884e-01 -1.304123328642102508e-02
3.724074411292736642e+01 8.883381766160692861e-01 3.132075245761791749e-01 2.808962639462415090e-01 -1.891437602944502638e-02
3.734074411292736784e+01 9.138796248956233548e-01 3.112208290632555441e-01 2.159891645637947999e-01 -2.006084518574295303e-02
3.744074411292736926e+01 9.306564508169050676e-01 3.093263349429903331e-01 1.153272453737263781e-01 -1.729547821197575247e-02
3.754074411292737068e+01 9.351231819078293928e-01 3.078385488408946213e-01 -3.013413768156159023e-02 -1.225581620492078097e-02
3.764074411292737210e+01 9.257855839171222900e-01 3.068770558264713455e-01 -1.509719720769489570e-01 -7.142687866353146335e-03
3.774074411292737352e+01 9.047031533732624586e-01 3.063452878284068648e-01 -2.713233627407962700e-01 -3.973083829853152858e-03
3.784074411292737494e+01 8.725416545270533453e-01 3.059565160240783066e-01 -3.652926602969357450e-01 -4.560802500965165270e-03
3.794074411292737636e+01 8.328855510634463055e-01 3.052633115725621460e-01 -4.192223898402867022e-01 -1.021829556233680783e-02
3.804074411292737778e+01 7.909130470934563339e-01 3.037266748684998019e-01 -4.093673068495035650e-01 -2.142146028121611270e-02
3.814074411292737921e+01 7.526307306310566769e-01 3.008138284564385034e-01 -3.498558572266749489e-01 -3.755032100384365912e-02
3.824074411292738063e+01 7.232391937569403462e-01 2.961040902091084392e-01 -2.204264182973186548e-01 -5.701578599843760975e-02
3.834074411292738205e+01 7.102987273777762178e-01 2.893889860369422418e-01 -4.752726120422370859e-02 -7.710736542505382263e-02
3.844074411292738347e+01 7.105578820336069246e-01 2.807681011682791605e-01 4.121195229728176479e-02 -9.468318390800337103e-02
3.854074411292738489e+01 7.170193458383131713e-01 2.706058880687290391e-01 8.249981049343188544e-02 -1.076801152064433970e-01
3.864074411292738631e+01 7.273524570854600357e-01 2.594246418889040728e-01 1.301718526460804437e-01 -1.149029736805242535e-01
3.874074411292738773e+01 7.431357494925935336e-01 2.478507383052494240e-01 1.814678012813745744e-01 -1.153715528010930830e-01
3.884074411292738915e+01 7.626511775745505872e-01 2.366000331055874983e-01 1.974355545882759133e-01 -1.083741416998665053e-01
3.894074411292739057e+01 7.791186843357744696e-01 2.264201092350927036e-01 1.180199748699551354e-01 -9.411185017476936254e-02
3.904074411292739200e+01 7.850076845841004181e-01 2.179642132642634067e-01 -3.886748786709817716e-03 -7.427810807929774439e-02
3.914074411292739342e+01 7.780540287377115671e-01 2.116643638455412979e-01 -1.330854590101718804e-01 -5.145673092101123169e-02
3.924074411292739484e+01 7.588045558964500170e-01 2.076787625915292312e-01 -2.483293037770082090e-01 -2.845308018914720349e-02
3.934074411292739626e+01 7.305450334857421790e-01 2.058934250117856191e-01 -3.017319675533636225e-01 -7.824054666383344764e-03
3.944074411292739768e+01 7.013289172332750621e-01 2.059803497977693854e-01 -2.673426246706401277e-01 8.843411720334287685e-03
3.954074411292739910e+01 6.793304220870544086e-01 2.075225939633874583e-01 -1.711624508292879654e-01 2.136302560118306243e-02
3.964074411292740052e+01 6.672627231374068657e-01 2.101408273362767309e-01 -6.212199806754095666e-02 3.052679458994829800e-02
3.974074411292740194e+01 6.680311171327083519e-01 2.135571649716599130e-01 7.274473107231776980e-02 3.758556411683311449e-02
3.984074411292740336e+01 6.800223682959045668e-01 2.176397418693340469e-01 1.592892128019627873e-01 4.407367564663743076e-02
3.994074411292740479e+01 6.990210017012763455e-01 2.223865296301575645e-01 2.225232275747894839e-01 5.098859874185105584e-02
4.004074411292740621e+01 7.251159463985411557e-01 2.278742956809071130e-01 2.928757397503189974e-01 5.901495311071673633e-02
4.014074411292740763e+01 7.545416904682838988e-01 2.342453135758809368e-01 2.834515426461672316e-01 6.866841861631817201e-02
4.024074411292740905e+01 7.811828125864606065e-01 2.416469284535656126e-01 2.513602509446994371e-01 7.948114458713234631e-02
4.034074411292741047e+01 8.055627499034542227e-01 2.501508279267485313e-01 2.388102281953984884e-01 9.058240605668829715e-02
4.044074411292741189e+01 8.281726583206058256e-01 2.597498846810327722e-01 2.050688042396015820e-01 1.012663198770740736e-01
4.054074411292741331e+01 8.454607114254804046e-01 2.703585450971638937e-01 1.405617115561327013e-01 1.105704820765884278e-01
4.064074411292741473e+01 8.574893363080549058e-01 2.817761908625930900e-01 1.062863177648291357e-01 1.172617940847010959e-01
4.074074411292741615e+01 8.654811005282224690e-01 2.936955044324420228e-01 3.949105901566411780e-02 1.204763644126841393e-01
4.084074411292741758e+01 8.647192682758811921e-01 3.057193678088072075e-01 -4.886457235743647820e-02 1.191264569110374039e-01
4.094074411292741900e+01 8.559053173980326612e-01 3.173288931647766375e-01 -1.291972140652047074e-01 1.120291356489460793e-01
4.104074411292742042e+01 8.393366743098714666e-01 3.279051649406904967e-01 -2.002044659252567582e-01 9.834723244259427344e-02
4.114074411292742184e+01 8.167844973526622310e-01 3.367637960388260021e-01 -2.347346227119043172e-01 7.765292358518383065e-02
4.124074411292742326e+01 7.962851814582871945e-01 3.432176890336295361e-01 -1.651505353885655003e-01 5.048179015427357169e-02
4.134074411292742468e+01 7.848002877882653827e-01 3.467124754746735427e-01 -5.811661365903743326e-02 1.890136853015891849e-02
4.144074411292742610e+01 7.843423093599376505e-01 3.469459681610960189e-01 3.919440422680782465e-02 -1.424184153664787705e-02
4.154074411292742752e+01 7.917285459071361498e-01 3.439049319405615424e-01 1.068544590473714667e-01 -4.617389912954027176e-02
4.164074411292742894e+01 8.041080447013779775e-01 3.378284690814112312e-01 1.333253280711302058e-01 -7.461598991835441397e-02
4.174074411292743036e+01 8.184825538468382122e-01 3.291528314640770336e-01 1.542879035088064454e-01 -9.792995768711608429e-02
4.184074411292743179e+01 8.341972025237232025e-01 3.184551997465163709e-01 1.586321733647485521e-01 -1.148827079327752465e-01
4.194074411292743321e+01 8.496338469789564973e-01 3.064148992706022256e-01 1.407431631180306730e-01 -1.246957769444017872e-01
4.204074411292743463e+01 8.613121375534880109e-01 2.937584467741247152e-01 9.636220612091379867e-02 -1.272609868966899649e-01
4.214074411292743605e+01 8.687316096442015967e-01 2.811878054485004164e-01 4.269462466146507762e-02 -1.230863773645256704e-01
4.224074411292743747e+01 8.686508429920806185e-01 2.693328285438118530e-01 -4.346190493671465982e-02 -1.131865988617352936e-01
4.234074411292743889e+01 8.609329217230474729e-01 2.586879590418180719e-01 -1.026092865825646294e-01 -9.915547499514308638e-02
4.244074411292744031e+01 8.494640977184017006e-01 2.495918074564696665e-01 -1.304225901528301701e-01 -8.240794762260013340e-02
4.254074411292744173e+01 8.327179443367149769e-01 2.422561294218233963e-01 -2.105981711464051109e-01 -6.420084459322744630e-02
4.264074411292744315e+01 8.075834506572464599e-01 2.367388035814357583e-01 -2.902975065724103243e-01 -4.637434064192053063e-02
4.274074411292744458e+01 7.753274073236999797e-01 2.329050772606355013e-01 -3.439445401535742297e-01 -3.082022596109097040e-02
4.284074411292744600e+01 7.415444897714870143e-01 2.304535014039971463e-01 -3.242029960223364871e-01 -1.885955128744798773e-02
4.294074411292744742e+01 7.109674972339988797e-01 2.290032413691110436e-01 -2.805480929009566693e-01 -1.078417538803190176e-02
4.304074411292744884e+01 6.881441270453767522e-01 2.281791861961044166e-01 -1.639699637275965904e-01 -6.188548949014623275e-03
4.314074411292745026e+01 6.789637203454371717e-01 2.276970769479008116e-01 -2.080422333932388512e-02 -3.633307000423307339e-03
4.324074411292745168e+01 6.827391691644953964e-01 2.274481733562544183e-01 8.368952644988641998e-02 -1.226464751752124119e-03
4.334074411292745310e+01 6.938496932603589462e-01 2.274930786494098189e-01 1.392577265790713448e-01 2.392317193755042967e-03
4.344074411292745452e+01 7.111120438826515899e-01 2.279915463481188287e-01 2.038510084816052004e-01 7.963234871133083662e-03
4.354074411292745594e+01 7.350805226975941631e-01 2.291735608050930184e-01 2.865877482260211773e-01 1.617328490935608654e-02
4.364074411292745737e+01 7.684411866831595272e-01 2.313427590867447592e-01 3.597944253407683313e-01 2.787291099647692949e-02
4.374074411292745879e+01 8.032188375967996841e-01 2.348788753392611339e-01 3.349257805709653923e-01 4.343608028426059614e-02
4.384074411292746021e+01 8.366367898937113745e-01 2.401308070910285197e-01 3.298921958314184333e-01 6.203691756505604060e-02
4.394074411292746163e+01 8.667662033218402895e-01 2.473548902409167805e-01 2.615305165655618658e-01 8.265781955567787220e-02
4.404074411292746305e+01 8.874944896858664167e-01 2.566690869912617856e-01 1.499835988203415682e-01 1.034596091790742634e-01
4.414074411292746447e+01 8.976436421292341983e-01 2.679721103907314328e-01 6.046077840495774069e-02 1.220363453736366816e-01
4.424074411292746589e+01 8.995568500261963418e-01 2.809319517520401654e-01 -2.667127056172755029e-02 1.362850915151230802e-01
4.434074411292746731e+01 8.927567420916289187e-01 2.950231975450555155e-01 -1.019766065247353914e-01 1.443718682451476665e-01
4.444074411292746873e+01 8.803388934673488375e-01 3.095538128898823182e-01 -1.392356763964049116e-01 1.449104389694992334e-01
4.454074411292747016e+01 8.671527195814121569e-01 3.237359418612758555e-01 -1.147875777473083142e-01 1.374126278114280453e-01
4.464074411292747158e+01 8.579708234049981952e-01 3.367889075217402883e-01 -6.935550998010230062e-02 1.225099124612796797e-01
4.474074411292747300e+01 8.532477649376607465e-01 3.480333713880248703e-01 -2.492776927740967402e-02 1.014792328317895426e-01
4.484074411292747442e+01 8.532535086169137362e-01 3.569317896052803252e-01 2.584493351464933752e-02 7.587008587264450210e-02
4.494074411292747584e+01 8.573692395436974811e-01 3.631140695819601305e-01 4.737218290454454916e-02 4.744979328540176872e-02
4.504074411292747726e+01 8.622618876318368653e-01 3.663789113608536541e-01 5.541040199167279051e-02 1.774088749539070448e-02
4.514074411292747868e+01 8.682689062895901921e-01 3.666656045995948521e-01 5.337489483175952149e-02 -1.187141557994678825e-02
4.524074411292748010e+01 8.712242934208657141e-01 3.640466082994728292e-01 9.680866335105918485e-03 -4.024913809822400212e-02
4.534074411292748152e+01 8.724739802693445290e-01 3.586800818438408145e-01 2.400937907005968805e-02 -6.666743059574384289e-02
4.544074411292748294e+01 8.766115050367373485e-01 3.508204398365556975e-01 5.948426728054344303e-02 -8.986299015781996913e-02
4.554074411292748437e+01 8.839436089786042450e-01 3.408637922784597540e-01 8.101410583213766725e-02 -1.083822215507409259e-01
4.564074411292748579e+01 8.915834487778594442e-01 3.293354967331023064e-01 6.737492733578916149e-02 -1.211818341552146072e-01
4.574074411292748721e+01 8.968688307942571658e-01 3.168302618061414888e-01 3.810841040770764077e-02 -1.279125055628038410e-01
4.584074411292748863e+01 8.989242716689298529e-01 3.039511687496334047e-01 -4.467282540956678261e-03 -1.287110477693985677e-01
4.594074411292749005e+01 8.943459418872781175e-01 2.912647941187975209e-01 -8.805406341936711234e-02 -1.242379426096319600e-01
4.604074411292749147e+01 8.819192338517163332e-01 2.792352771177772919e-01 -1.590864425996529607e-01 -1.158106591149629383e-01
4.614074411292749289e+01 8.635995070511665039e-01 2.681884034420856100e-01 -1.954231106708552435e-01 -1.047990010825335105e-01
4.624074411292749431e+01 8.444265625882333426e-01 2.583292415481019955e-01 -1.868990888599516287e-01 -9.215481084627090425e-02
4.634074411292749573e+01 8.265372108578914467e-01 2.497966975306473159e-01 -1.693047414114556837e-01 -7.832988936667409363e-02
4.644074411292749716e+01 8.101286818719801719e-01 2.426908494788648785e-01 -1.597421533981582265e-01 -6.368514301768632424e-02
4.654074411292749858e+01 7.956252484394953362e-01 2.370725547268837663e-01 -1.236353349365315879e-01 -4.863858672214661089e-02
4.664074411292750000e+01 7.863753757079562368e-01 2.329725020006240543e-01 -5.759365382182571325e-02 -3.329779627899282640e-02
4.674074411292750142e+01 7.837844432999319100e-01 2.304319229549149362e-01 -2.203824179416884188e-03 -1.739536926598967553e-02
4.684074411292750284e+01 7.838611559624028002e-01 2.295149133122634522e-01 -9.260803819861641861e-03 -8.793780994320182787e-04
4.693594107607892596e+01 7.803424958527427346e-01 2.301776069098836197e-01 -6.097170862666049379e-02 1.466901544771697513e-02
4.703594107607892738e+01 7.749160408171964498e-01 2.324064988797405196e-01 -3.452247230093002939e-02 2.961436888480391272e-02
4.713594107607892880e+01 7.736033405296335319e-01 2.360419110201022741e-01 5.293505850430084425e-03 4.280561570432952351e-02
4.723594107607893022e+01 7.749468379476442959e-01 2.409089695773190265e-01 1.256352937759563915e-02 5.422507517903277230e-02
4.733594107607893164e+01 7.757568947641303447e-01 2.468157939741796869e-01 9.291132939793110210e-03 6.350934569561747511e-02
4.743594107607893307e+01 7.760861503836707920e-01 2.535249535088794359e-01 -1.299083985355138117e-02 7.020903001684125622e-02
4.753594107607893449e+01 7.736821087522290918e-01 2.607523523830436174e-01 -2.348107029689857142e-02 7.376513520671407198e-02
4.763594107607893591e+01 7.718192148403950625e-01 2.681630188863330932e-01 -1.591293536411685430e-02 7.388197223532666502e-02
4.773594107607893733e+01 7.719459322620900732e-01 2.754185904809428043e-01 2.721526374104209570e-02 7.072085641010153467e-02
4.783594107607893875e+01 7.767145949531276683e-01 2.822210269497378854e-01 6.095948962093086787e-02 6.496912487888464871e-02
4.793594107607894017e+01 7.842216656438193434e-01 2.883511159576621075e-01 9.481701571851716692e-02 5.738378576361067435e-02
4.803594107607894159e+01 7.962634570608265738e-01 2.936641531316298015e-01 1.461321184340024781e-01 4.879890181211100214e-02
4.813594107607894301e+01 8.139610383451877373e-01 2.981141665995371004e-01 2.133077966135114023e-01 4.032008246126018297e-02
4.823594107607894443e+01 8.388255876174760539e-01 3.017756801777589648e-01 2.733968762026148802e-01 3.326201617117648807e-02
4.833594107607894585e+01 8.663568382303226123e-01 3.048504433928668766e-01 2.733385552227893811e-01 2.868469124635477860e-02
4.843594107607894728e+01 8.943086649180115311e-01 3.076050737981419481e-01 2.921008219040802656e-01 2.688963456184816428e-02
4.853594107607894870e+01 9.241257709331875958e-01 3.103314800141733221e-01 2.864485931636521765e-01 2.817202778867373622e-02
4.863594107607895012e+01 9.477259890574557533e-01 3.133340552174794791e-01 1.786017955277085789e-01 3.223289994442499889e-02
4.873594107607895154e+01 9.603256338792496294e-01 3.168180262817947290e-01 7.200175408386258469e-02 3.749802101123127229e-02
4.883594107607895296e+01 9.607921152337759452e-01 3.208127954315692643e-01 -6.565417766303327518e-02 4.211806067812839949e-02
4.893594107607895438e+01 9.481376139760423483e-01 3.251496628499367381e-01 -1.775665115951646778e-01 4.399702407520306169e-02
4.903594107607895580e+01 9.274349174139270291e-01 3.294652938301128042e-01 -2.285530200853341520e-01 4.150536132257170302e-02
4.913594107607895722e+01 9.035743252852576068e-01 3.332825935348031066e-01 -2.410953449434236617e-01 3.399278009795911326e-02
4.923594107607895864e+01 8.806718081173784407e-01 3.361013200369230014e-01 -2.114923600522150005e-01 2.163232924032825952e-02
4.933594107607896007e+01 8.637216596852492767e-01 3.374796511257389664e-01 -1.088863862559750206e-01 5.431442461540023081e-03
4.943594107607896149e+01 8.605979706567499221e-01 3.371311806905897823e-01 4.348495724625320302e-02 -1.243666763920454194e-02
4.953594107607896291e+01 8.719829099032714304e-01 3.350331294027416584e-01 1.794580209160423767e-01 -2.908780530046064031e-02
4.963594107607896433e+01 8.936465364668833011e-01 3.314408144450259330e-01 2.403912195804652208e-01 -4.196983144981622504e-02
4.973594107607896575e+01 9.190957439461218126e-01 3.268147303213082000e-01 2.624834806522003960e-01 -4.960495810557367935e-02
4.983594107607896717e+01 9.440991266912602820e-01 3.217148201150827891e-01 2.320487531373543466e-01 -5.142819046053157678e-02
4.993594107607896859e+01 9.650711154129315572e-01 3.167127702129252653e-01 1.834822211389211255e-01 -4.775475938351114030e-02
5.003594107607897001e+01 9.802607647267909119e-01 3.123183773180163714e-01 1.157055740867997951e-01 -3.946091649238784443e-02
5.013594107607897143e+01 9.853247448566193611e-01 3.089279943862575650e-01 -2.843147068232002028e-02 -2.799202437428961743e-02
5.023594107607897286e+01 9.750542386152165619e-01 3.067437403071985869e-01 -1.662446671327050540e-01 -1.580240958459276646e-02
5.033594107607897428e+01 9.531394700143646093e-01 3.057082467410026094e-01 -2.667728106008561140e-01 -5.374418868441796504e-03
5.043594107607897570e+01 9.238283483399691853e-01 3.055479910863189708e-01 -3.075988703541872593e-01 1.464015552936651261e-03
5.053594107607897712e+01 8.940993277969859765e-01 3.058520362209847798e-01 -2.740530269591133772e-01 3.873740576093712747e-03
5.063594107607897854e+01 8.705479271693293830e-01 3.061867861967463855e-01 -1.921922396799115584e-01 2.232276038708042032e-03
5.073594107607897996e+01 8.573287257308204179e-01 3.062052932597387755e-01 -6.606893671247951461e-02 -2.176593797209629144e-03
5.083594107607898138e+01 8.569860169525866933e-01 3.057240057203829964e-01 5.596427657629954311e-02 -7.413789008712096638e-03
5.093594107607898280e+01 8.677163664615652472e-01 3.047610687849373057e-01 1.490251172092325049e-01 -1.150784778208012796e-02
5.103594107607898422e+01 8.852833853265152930e-01 3.035102825775883306e-01 2.010855827999393219e-01 -1.299118012741269819e-02
5.113594107607898565e+01 9.065006901839737230e-01 3.022776447486565932e-01 2.083242783344345928e-01 -1.105647025078467828e-02
5.123594107607898707e+01 9.252488869832696805e-01 3.014134222237799254e-01 1.628208410679916618e-01 -5.717165025806747979e-03
5.133594107607898849e+01 9.366586017487975591e-01 3.012177691119813927e-01 5.256527114428402592e-02 2.089614801742442456e-03
5.143594107607898991e+01 9.364063252618465283e-01 3.018525402552069692e-01 -4.419102910088394676e-02 1.054269044336767977e-02
5.153594107607899133e+01 9.291900594061378582e-01 3.032899771661875521e-01 -1.002257567644599251e-01 1.792511411778981850e-02
5.163594107607899275e+01 9.162800619751783060e-01 3.053628457911596872e-01 -1.555990938555968373e-01 2.306842542304421081e-02
5.173594107607899417e+01 8.995989947432556644e-01 3.077966707999225671e-01 -1.698136657688452678e-01 2.502860841647491438e-02
5.183594107607899559e+01 8.821830396767329496e-01 3.102511016185317549e-01 -1.835209413025142289e-01 2.346666656515208546e-02
5.193594107607899701e+01 8.630257104990396444e-01 3.123685148350866525e-01 -1.972357619736710144e-01 1.826790023952865744e-02
5.203594107607899844e+01 8.428913735655150230e-01 3.137838672424430042e-01 -1.976211619551501431e-01 9.452382842137053293e-03
5.213594107607899986e+01 8.269802010072745402e-01 3.141541129919679376e-01 -1.067696188086264125e-01 -2.454312992266552071e-03
5.223594107607900128e+01 8.218365314107427544e-01 3.132468271208823096e-01 2.760965487425257048e-03 -1.574120727162050398e-02
5.233594107607900270e+01 8.282054274442467445e-01 3.110319836170017394e-01 1.255903093492007350e-01 -2.823516458053268452e-02
5.243594107607900412e+01 8.459796181519236846e-01 3.077011757650062185e-01 2.259139706550424287e-01 -3.770602919141630149e-02
5.253594107607900554e+01 8.734219628025207127e-01 3.036545404223431888e-01 3.211752429569839640e-01 -4.226974728984055074e-02
5.263594107607900696e+01 9.087846311946912170e-01 2.994615971863445747e-01 3.792304937838784085e-01 -4.043219466672054452e-02
5.273594107607900838e+01 9.485131891298863582e-01 2.958079467090153902e-01 4.076502006849911930e-01 -3.142019737234450633e-02
5.283594107607900980e+01 9.871162726624531647e-01 2.934153299036948992e-01 3.485370170515030841e-01 -1.533188700314581931e-02
5.293594107607901122e+01 1.017228615294675453e+00 2.929288078878760637e-01 2.554533910663671081e-01 6.352620854730067768e-03
5.303594107607901265e+01 1.037419784054726790e+00 2.947973983790278529e-01 1.389085420525552061e-01 3.136579848319133446e-02
5.313594107607901407e+01 1.044548667475950321e+00 2.992216148312605295e-01 1.311883535058522288e-02 5.696214169626455381e-02
5.323594107607901549e+01 1.042000464916940317e+00 3.061153715069251935e-01 -6.438166143740280123e-02 8.035459532635982893e-02
5.333594107607901691e+01 1.030360915887485351e+00 3.151450996370603885e-01 -1.716040852485082868e-01 9.931064333412475964e-02
5.343594107607901833e+01 1.008014658608696434e+00 3.257531782414475052e-01 -2.720844193773959696e-01 1.115516054576044108e-01
5.353594107607901975e+01 9.775122032040443054e-01 3.371668694809606959e-01 -3.267370148526390072e-01 1.151706965705493607e-01
5.363594107607902117e+01 9.430122555745372726e-01 3.484673729597819736e-01 -3.704015625290232316e-01 1.092082777298284541e-01
5.373594107607902259e+01 9.040928539498539473e-01 3.586763403696009989e-01 -3.908062140803533202e-01 9.330593052953455036e-02
5.383594107607902401e+01 8.675383081278564834e-01 3.668119991513426048e-01 -3.371420646378231467e-01 6.795745691430060686e-02
5.393594107607902544e+01 8.373947181076429880e-01 3.720119763636118293e-01 -2.559414010296697795e-01 3.495571092116005890e-02
5.403594107607902686e+01 8.187895028171181533e-01 3.736352963786420678e-01 -1.047766233331124119e-01 -3.038657567779878832e-03
5.413594107607902828e+01 8.181166921393880909e-01 3.713632016969436456e-01 9.460165353825869539e-02 -4.223835322624485550e-02
5.423594107607902970e+01 8.369554931448595081e-01 3.652963204276281628e-01 2.719720883419025625e-01 -7.819283206308719203e-02
5.433594107607903112e+01 8.700603552443536559e-01 3.559673316600461823e-01 3.795866058755675843e-01 -1.069110922953067366e-01
5.443594107607903254e+01 9.107301456256873262e-01 3.442484250279670976e-01 4.177702371910100299e-01 -1.256446176985007712e-01
5.453594107607903396e+01 9.501917151416724439e-01 3.312146819276098886e-01 3.620794846061069494e-01 -1.331544748299668957e-01
5.463594107607903538e+01 9.823429396443194017e-01 3.179786088637512886e-01 2.727210906493220399e-01 -1.298588467682710856e-01
5.473594107607903680e+01 1.002512615883650149e+00 3.055537328134861341e-01 1.245498102501314541e-01 -1.172841762793222914e-01
5.483594107607903823e+01 1.006726185471367385e+00 2.947440555114251293e-01 -4.428007671717765215e-02 -9.805829312381661444e-02
5.493594107607903965e+01 9.931633011202491979e-01 2.860551828824671738e-01 -2.251417920519627747e-01 -7.545133102555873217e-02
5.503594107607904107e+01 9.627311647276993734e-01 2.796489391355947429e-01 -3.739193380716073767e-01 -5.297482727028143129e-02
5.513594107607904249e+01 9.212840051581125955e-01 2.753541745580006528e-01 -4.393584540629744128e-01 -3.363332465835564694e-02
5.523594107607904391e+01 8.776737383480778254e-01 2.727585265704050022e-01 -4.206492001373335898e-01 -1.915768443085773959e-02
5.533594107607904533e+01 8.379578145874139183e-01 2.713470889104960815e-01 -3.781562606645870184e-01 -9.930646885745800928e-03
5.543594107607904675e+01 8.018624038584860614e-01 2.706037199486912015e-01 -3.384205971894032605e-01 -5.758363529621198310e-03
5.553594107607904817e+01 7.710618541918959901e-01 2.700412491912289603e-01 -2.741528165631317293e-01 -6.193273163152414329e-03
5.563594107607904959e+01 7.486081690738117800e-01 2.692438287231795346e-01 -1.687877061164924641e-01 -1.023691280459068653e-02
5.573594107607905102e+01 7.369764083237745345e-01 2.679279257795070812e-01 -6.607600995273678335e-02 -1.626125608149767143e-02
5.583594107607905244e+01 7.352589428761373558e-01 2.659841404758378491e-01 2.477648363638841611e-02 -2.251005444711423609e-02
5.593594107607905386e+01 7.394473263415267672e-01 2.634685939825928691e-01 4.696377716577307404e-02 -2.751652938823816175e-02
5.603594107607905528e+01 7.421904087353533575e-01 2.605403980842690981e-01 -1.876064230907595332e-03 -3.077345078887366511e-02
5.613594107607905670e+01 7.399196920005748357e-01 2.573564911304540570e-01 -2.958137642911685961e-02 -3.274064077494486663e-02
5.623594107607905812e+01 7.374556427159336680e-01 2.540249852817063614e-01 -2.063044504047314986e-02 -3.371234880709736426e-02
5.633594107607905954e+01 7.355474929811576246e-01 2.506516298512712626e-01 -2.628741723039133144e-02 -3.356125219176316066e-02
5.643594107607906096e+01 7.295660766433275102e-01 2.473444343035497428e-01 -9.423114732557724693e-02 -3.249798459468149908e-02
5.653594107607906238e+01 7.191056314956835172e-01 2.441538407991214188e-01 -1.071508206159501181e-01 -3.134518216080992709e-02
5.663594107607906381e+01 7.084904707750290243e-01 2.410676864910401285e-01 -9.705026291401802618e-02 -3.041876724445541705e-02
5.673594107607906523e+01 7.015922759451451718e-01 2.380681338970339067e-01 -4.175911481344668497e-02 -2.952399287665914349e-02
5.683594107607906665e+01 6.986766380811744170e-01 2.351834614628320885e-01 -2.195533617294339809e-02 -2.803423153469019810e-02
5.693594107607906807e+01 6.970940132335674555e-01 2.324900992705337122e-01 -5.333665979722741757e-03 -2.568193738723721295e-02
5.703594107607906949e+01 6.988098268749622921e-01 2.300818947093580258e-01 4.248013820971825727e-02 -2.226922417753872743e-02
5.713594107607907091e+01 7.057788198850883932e-01 2.280885934691718464e-01 9.885766859359193526e-02 -1.728591890779766077e-02
5.723594107607907233e+01 7.183576304474127427e-01 2.266969719529486338e-01 1.490166489122889404e-01 -1.014107151489331525e-02
5.733594107607907375e+01 7.355791983373206611e-01 2.261468658177963609e-01 1.932196148456045703e-01 -4.051309917611541772e-04
5.743594107607907517e+01 7.545412136045847040e-01 2.267074011771806341e-01 1.757055571773906699e-01 1.203456969166013558e-02
5.753594107607907659e+01 7.713998265931226728e-01 2.286215291716345854e-01 1.655449721747040137e-01 2.651499993475654737e-02
5.763594107607907802e+01 7.864112491685258943e-01 2.320508680619695896e-01 1.309520162059627235e-01 4.218865804372008005e-02
5.773594107607907944e+01 7.989516371663178962e-01 2.370632210295559872e-01 1.280746512773683066e-01 5.800186873977269952e-02
5.783594107607908086e+01 8.130259799122261377e-01 2.436315743866066807e-01 1.564945750982373318e-01 7.323916970233830537e-02
5.793594107607908228e+01 8.289607716845217578e-01 2.516821166812938104e-01 1.473015432963086790e-01 8.758969441360958674e-02
5.803594107607908370e+01 8.409585415085167881e-01 2.610950068279824232e-01 9.481298329308890382e-02 1.002868459723269545e-01
5.813594107607908512e+01 8.489668486956259974e-01 2.716437987536139964e-01 7.441077086312117284e-02 1.101325876467513787e-01
5.823594107607908654e+01 8.581874782456705431e-01 2.830041124360436755e-01 1.156927228983607031e-01 1.164943737088898895e-01
5.833594107607908796e+01 8.710881640454035679e-01 2.948339204948344228e-01 1.327401564821190094e-01 1.195821238880207110e-01
5.843594107607908938e+01 8.834245516818526323e-01 3.068151310866685244e-01 1.124809938586200098e-01 1.194942586709900612e-01
5.853594107607909081e+01 8.940492118045757497e-01 3.186191965248266755e-01 1.018963326997340407e-01 1.160107895910045123e-01
5.863594107607909223e+01 9.043810277333285130e-01 3.299036805892757718e-01 1.132486556814055606e-01 1.091323899406800996e-01
5.873594107607909365e+01 9.171214155851448169e-01 3.403480693145633507e-01 1.263486754312380667e-01 9.933430825532620079e-02
5.883594107607909507e+01 9.267569221679008429e-01 3.496893013939254558e-01 6.999288517014715105e-02 8.706237358296181617e-02
5.893594107607909649e+01 9.329024937876441159e-01 3.576737390288193263e-01 5.035862127929170706e-02 7.221510166102233785e-02
5.903594107607909791e+01 9.360664471220473404e-01 3.640545038114336718e-01 2.101239376028300049e-02 5.502636073271593292e-02
5.913594107607909933e+01 9.392028367466369598e-01 3.686143945716995884e-01 4.262973607214753935e-02 3.593145427509782108e-02
5.923594107607910075e+01 9.435780130921596065e-01 3.712109443734193381e-01 4.279289094854324405e-02 1.592772226849759054e-02
5.933594107607910217e+01 9.485965424218378850e-01 3.717999091177780491e-01 6.294228715757606285e-02 -4.064162617256738413e-03
5.943594107607910360e+01 9.562031884504983426e-01 3.704353915040234368e-01 8.856028987087097293e-02 -2.293897433296553101e-02
5.953594107607910502e+01 9.675104287778474310e-01 3.672894682718762516e-01 1.426962885029421368e-01 -3.947851891371464278e-02
5.963594107607910644e+01 9.829087754117588061e-01 3.626638880288962086e-01 1.485567211093833384e-01 -5.232548008438399345e-02
5.973594107607910786e+01 9.949633805107688245e-01 3.569682542225100508e-01 8.402228245710263721e-02 -6.089337895083582475e-02
5.983594107607910928e+01 9.987674546778058104e-01 3.506099152472223479e-01 -1.783243454046415377e-03 -6.573839055816732557e-02
5.993594107607911070e+01 9.963318775902100244e-01 3.439132639370398037e-01 -4.876634548302580946e-02 -6.778260959172381639e-02
6.000000000000000000e+01 9.917699931447667705e-01 3.395622577397680031e-01 -9.396005836352305796e-02 -6.793704573039317796e-02
