time[s] x1[m] x2[m] x1_dot[m/s] x2_dot[m/s]
0.000000000000000000e+00 0.000000000000000000e+00 0.000000000000000000e+00 0.000000000000000000e+00 0.000000000000000000e+00
9.999999999999999124e-05 3.028851433751353724e-08 3.640089389163761353e-15 6.057670248615492367e-04 1.095686732880830894e-10
1.100000000000000066e-03 3.664511371163458386e-06 5.332056261215139773e-12 6.662344909538001937e-03 1.502903127107930426e-08
1.110000000000000049e-02 3.726913557973786199e-04 1.047918762228345258e-08 6.710224520756354061e-02 3.331816860468003257e-06
6.304331470892848843e-02 1.190626106984713460e-02 6.642944750300428482e-06 3.748188491137646183e-01 4.063717387831646249e-04
1.630433147089284940e-01 7.697479188544011086e-02 2.672221203883582016e-04 9.114454957997365492e-01 6.396861740089853331e-03
2.630433147089284995e-01 1.896258371478297122e-01 1.718813496628970828e-03 1.307746406199604916e+00 2.528771134253921665e-02
3.630433147089284773e-01 3.315389587253940173e-01 5.917240641705684076e-03 1.503623454926220182e+00 6.182927514324912388e-02
4.630433147089284551e-01 4.858325090731726581e-01 1.471961448890039305e-02 1.555681760497708677e+00 1.173279448311562168e-01
5.630433147089284329e-01 6.357928808104300611e-01 2.996006448841292968e-02 1.402593968536298918e+00 1.900188361939016413e-01
6.630433147089284107e-01 7.588044146154762082e-01 5.312020632957903388e-02 1.034497786286636467e+00 2.744900419487478205e-01
7.630433147089283885e-01 8.412756441088631298e-01 8.496136618490299219e-02 6.122748714183159358e-01 3.620354501060670804e-01
8.630433147089283663e-01 8.806042447411474017e-01 1.253034763650205941e-01 1.778485904356689740e-01 4.428645178383091574e-01
9.630433147089283441e-01 8.786205281097014819e-01 1.729898335928938824e-01 -2.087779136489839038e-01 5.074079288848667435e-01
1.063043314708928433e+00 8.419327831711921339e-01 2.259656025315519845e-01 -4.989998721502910128e-01 5.474461464365730778e-01
1.163043314708928522e+00 7.844893842312378185e-01 2.814681449236366984e-01 -6.202779792703828621e-01 5.572802462030667092e-01
1.263043314708928611e+00 7.248740768680561608e-01 3.363431892645277199e-01 -5.399050030835299552e-01 5.349061996077718595e-01
1.363043314708928699e+00 6.798777439607875950e-01 3.874417297833822049e-01 -3.507546370035328764e-01 4.823916557838643926e-01
1.463043314708928788e+00 6.571079846969959393e-01 4.319808575417691809e-01 -9.602516444328501599e-02 4.047281540666897715e-01
1.563043314708928877e+00 6.608855790784832207e-01 4.677786752009582272e-01 1.707877262973468424e-01 3.088329207789697883e-01
1.663043314708928966e+00 6.909455039157315070e-01 4.934030056458297842e-01 4.242356788708570581e-01 2.026155887838776981e-01
1.763043314708929055e+00 7.440318959838306823e-01 5.082279553787265591e-01 6.291125553826196759e-01 9.416274360758307427e-02
1.863043314708929143e+00 8.145461063020256187e-01 5.124122453182743397e-01 7.660577488811902702e-01 -9.028243775686478623e-03
1.963043314708929232e+00 8.936235883837020388e-01 5.068078765283990927e-01 7.936205186731509764e-01 -1.007201549497357823e-01
2.063043314708929099e+00 9.684810648581270165e-01 4.927930011196967608e-01 6.812642390864767084e-01 -1.767591147271919405e-01
2.163043314708929188e+00 1.025815570177963876e+00 4.720319353025038689e-01 4.451488988364029620e-01 -2.356041261035369538e-01
2.263043314708929277e+00 1.054101515202032768e+00 4.462150814722992687e-01 1.097995537185726400e-01 -2.782337251470508588e-01
2.363043314708929366e+00 1.046652413920495794e+00 4.168265011292465183e-01 -2.608330047948576591e-01 -3.076590205646079768e-01
2.463043314708929454e+00 1.002093225798015963e+00 3.849873090410453891e-01 -6.264470929250344211e-01 -3.279744791175837615e-01
2.563043314708929543e+00 9.237933166503473625e-01 3.513893570968730229e-01 -9.164660624799305655e-01 -3.435286529622852414e-01
2.663043314708929632e+00 8.235852841092571319e-01 3.163245614525209137e-01 -1.071907361261745351e+00 -3.577278473681264614e-01
2.763043314708929721e+00 7.120124369680453924e-01 2.798309280154518408e-01 -1.141594625638063354e+00 -3.722752173399374032e-01
2.863043314708929810e+00 5.991225679915548330e-01 2.418459298460775009e-01 -1.100579582416095548e+00 -3.874739419658789208e-01
2.963043314708929898e+00 4.949629768469090418e-01 2.023541673899701410e-01 -9.649405261690509050e-01 -4.020880632827446011e-01
3.063043314708929987e+00 4.094544958543820945e-01 1.615337945632124017e-01 -7.324881951222671495e-01 -4.134944677493722631e-01
3.163043314708930076e+00 3.496006467563055331e-01 1.198880070697295047e-01 -4.670039559442586974e-01 -4.179126813163889231e-01
3.263043314708930165e+00 3.152009903549522485e-01 7.831627417265150937e-02 -2.226270611819670120e-01 -4.114070409361238467e-01
3.363043314708930254e+00 3.041624449415434306e-01 3.807979322545630707e-02 -1.063152419282586969e-02 -3.907386451398106031e-01
3.463043314708930343e+00 3.102766963693053826e-01 7.118455693430197906e-04 1.234482647387303011e-01 -3.538334881683855571e-01
3.563043314708930431e+00 3.271075904575202475e-01 -3.213131364808465701e-02 1.996172039872282089e-01 -3.003091680026202526e-01
3.663043314708930520e+00 3.468935433560719206e-01 -5.883606889222173925e-02 1.827868736221552604e-01 -2.314363501481307428e-01
3.763043314708930609e+00 3.627423558860362607e-01 -7.800931590708377883e-02 1.357625954596356210e-01 -1.503150705711039370e-01
3.863043314708930698e+00 3.737034971513390480e-01 -8.862678970318102478e-02 7.582146208657496167e-02 -6.104278990261097215e-02
3.963043314708930787e+00 3.763183906112481658e-01 -9.010194020547199201e-02 -2.812763576968005386e-02 3.167957256532119570e-02
4.063043314708930431e+00 3.680981065606288016e-01 -8.235475726860801149e-02 -1.304709835054273515e-01 1.224886394734012868e-01
4.163043314708930076e+00 3.520090069464073546e-01 -6.584327271463004394e-02 -1.846243400200082707e-01 2.061609310600084621e-01
4.263043314708929721e+00 3.318399300615365588e-01 -4.150570926773988756e-02 -2.135062389927316062e-01 2.783640919299193994e-01
4.363043314708929366e+00 3.113936923627628195e-01 -1.066689539496190609e-02 -1.823489522916212913e-01 3.357253636693886545e-01
4.463043314708929010e+00 2.976519697484820148e-01 2.507900754293242163e-02 -8.585332047834751124e-02 3.763315118747687094e-01
4.563043314708928655e+00 2.944673258833850338e-01 6.402802256356515676e-02 2.454802468070516053e-02 3.998236976468716453e-01
4.663043314708928300e+00 3.048798100286066459e-01 1.044954881361201543e-01 1.990171844088807762e-01 4.069259363148589603e-01
4.763043314708927944e+00 3.352366432671340934e-01 1.449396427337229232e-01 4.025503120038113058e-01 3.998536001169027965e-01
4.863043314708927589e+00 3.844982506637080744e-01 1.840998181537503164e-01 5.825214045931043083e-01 3.817935782494099040e-01
4.963043314708927234e+00 4.512485588466859654e-01 2.210450672147581952e-01 7.426883492118950825e-01 3.561381443256233514e-01
5.063043314708926879e+00 5.303451833010646155e-01 2.551853468191059293e-01 8.290496661797023270e-01 3.261876320127004569e-01
5.163043314708926523e+00 6.157970747173642234e-01 2.862251298697595647e-01 8.709350054852357248e-01 2.944980041995768349e-01
5.263043314708926168e+00 7.017178399105252762e-01 3.140902547750963336e-01 8.335052824731047361e-01 2.629265182347652052e-01
5.363043314708925813e+00 7.798809206636837521e-01 3.388414400956554773e-01 7.147600968902719787e-01 2.322463856070249855e-01
5.463043314708925458e+00 8.423215092853248986e-01 3.605554226946654506e-01 5.295825290968448895e-01 2.020089984170020947e-01
5.563043314708925102e+00 8.851558852354510787e-01 3.792133118010776460e-01 3.216823355133432427e-01 1.708652944400994023e-01
5.663043314708924747e+00 9.064282050177420169e-01 3.946420194539542736e-01 1.091041598255467204e-01 1.371283211753957509e-01
5.763043314708924392e+00 9.079316371064838354e-01 4.064987590904132198e-01 -7.680964143928861732e-02 9.920360721357326939e-02
5.863043314708924036e+00 8.922216316394868674e-01 4.143066888105517154e-01 -2.253007584779924688e-01 5.602185195709497023e-02
5.963043314708923681e+00 8.657691519758986542e-01 4.175186912465060907e-01 -2.923821943329785733e-01 7.355838208482574914e-03
6.063043314708923326e+00 8.347927654367359729e-01 4.156289253643766224e-01 -3.227127220192673174e-01 -4.575731997968967429e-02
6.163043314708922971e+00 8.030229264917035925e-01 4.082798147692279778e-01 -3.053958879456144526e-01 -1.014629498010645170e-01
6.263043314708922615e+00 7.736785547739457591e-01 3.953344747763312128e-01 -2.809368353633673321e-01 -1.572252169457982740e-01
6.363043314708922260e+00 7.479345486780354380e-01 3.769245721903990431e-01 -2.351462008914455559e-01 -2.102811777151887829e-01
6.463043314708921905e+00 7.241581125353900861e-01 3.534612273044078767e-01 -2.503158731906844903e-01 -2.578916569677729975e-01
6.563043314708921550e+00 6.978276305398374291e-01 3.255903968972901352e-01 -2.776124138838271249e-01 -2.981872373980887225e-01
6.663043314708921194e+00 6.670331134015222707e-01 2.941093035731595640e-01 -3.439926994831650764e-01 -3.299527736724413018e-01
6.763043314708920839e+00 6.293664349895410348e-01 2.598990492137289166e-01 -4.058722570425381537e-01 -3.527489319846434102e-01
6.863043314708920484e+00 5.860762744021364989e-01 2.238604207378899758e-01 -4.589181933852316542e-01 -3.665280378241800308e-01
6.963043314708920128e+00 5.381602962151695868e-01 1.868881324339728145e-01 -4.951076310423866977e-01 -3.714702636696092797e-01
7.063043314708919773e+00 4.877945873647058228e-01 1.498505770694802397e-01 -5.115269465003678961e-01 -3.678880139778796243e-01
7.163043314708919418e+00 4.355178969808145562e-01 1.135804582467426077e-01 -5.328309753697851869e-01 -3.562240427132809528e-01
7.263043314708919063e+00 3.827921579777996408e-01 7.885041691853797441e-02 -5.128330519378594410e-01 -3.372079357356639329e-01
7.363043314708918707e+00 3.332272487646183445e-01 4.636538898131168512e-02 -4.806075484310035062e-01 -3.114028480050437531e-01
7.463043314708918352e+00 2.873941774857837750e-01 1.677579122342020071e-02 -4.296732410325292961e-01 -2.794168613133709012e-01
7.563043314708917997e+00 2.475735984229572306e-01 -9.332953173439646061e-03 -3.657159860542468222e-01 -2.418841518895938347e-01
7.663043314708917642e+00 2.156661074739770756e-01 -3.143689565145092041e-02 -2.668446336824263909e-01 -1.994131607912984494e-01
7.763043314708917286e+00 1.936369746473781683e-01 -4.906532005581595857e-02 -1.751389244550062008e-01 -1.524492598170213431e-01
7.863043314708916931e+00 1.820328676671339740e-01 -6.179656073101673364e-02 -5.253526907800516732e-02 -1.015643819783993151e-01
7.963043314708916576e+00 1.818469678279106272e-01 -6.926286770817106919e-02 4.006088082692872698e-02 -4.724424776349597094e-02
8.063043314708917109e+00 1.890641470625211984e-01 -7.116202938009619228e-02 1.009131830797919682e-01 9.560704216555061807e-03
8.163043314708916753e+00 2.023589971136721122e-01 -6.731729673566609617e-02 1.718690332023388168e-01 6.737241079426378731e-02
8.263043314708916398e+00 2.232518666159211407e-01 -5.770129344973418117e-02 2.347883251687699624e-01 1.247681776274907617e-01
8.363043314708916043e+00 2.477210227921258501e-01 -4.242946436514252045e-02 2.526461549577659893e-01 1.801705500401236670e-01
8.463043314708915688e+00 2.730385536594220897e-01 -2.180182730072314362e-02 2.487856401960653885e-01 2.315281192836625701e-01
8.563043314708915332e+00 2.974703607989108156e-01 3.667969905541686865e-03 2.431755293087546621e-01 2.766492939570474041e-01
8.663043314708914977e+00 3.223486090161217232e-01 3.325458133576109782e-02 2.586362754326100299e-01 3.135878508848512491e-01
8.763043314708914622e+00 3.497785997112809464e-01 6.606824970285316012e-02 2.897293732188748194e-01 3.410290568832417546e-01
8.863043314708914266e+00 3.803592038884590631e-01 1.011195588574769488e-01 3.241310639725277776e-01 3.582607011051991974e-01
8.963043314708913911e+00 4.149674818845861535e-01 1.373727430026344121e-01 3.698745675196631888e-01 3.650827623566946789e-01
9.063043314708913556e+00 4.545073781606124297e-01 1.738015454166309259e-01 4.163507496933039342e-01 3.618840241117118328e-01
9.163043314708913201e+00 4.964380715191408777e-01 2.094403801140619359e-01 4.147579767664549832e-01 3.493971832906533903e-01
9.263043314708912845e+00 5.364510814683477458e-01 2.433892908483390460e-01 3.809511754583674303e-01 3.281579172980854664e-01
9.363043314708912490e+00 5.724909598892883311e-01 2.747945833317460562e-01 3.431082579825773249e-01 2.986074130625020473e-01
9.463043314708912135e+00 6.051046185394162169e-01 3.028573158843502755e-01 3.067215752211686075e-01 2.614638494179353234e-01
9.563043314708911780e+00 6.342071974348090224e-01 3.268692177116599984e-01 2.795054617387439655e-01 2.177913865533200044e-01
9.663043314708911424e+00 6.611758571800949724e-01 3.462459889477396691e-01 2.602037504795436940e-01 1.690399748516820400e-01
9.763043314708911069e+00 6.864870591034301084e-01 3.605674085000256657e-01 2.432445221187951589e-01 1.170025460502858022e-01
9.863043314708910714e+00 7.089553089023653554e-01 3.696006011130321678e-01 2.073343683526834846e-01 6.357798899791264335e-02
9.963043314708910358e+00 7.286630973778867038e-01 3.732965613796180304e-01 1.837974968064242653e-01 1.056947695295211431e-02
1.006304331470891000e+01 7.438787654443803632e-01 3.717887796752922247e-01 1.133094188055630280e-01 -4.024037542938731921e-02
1.016304331470890965e+01 7.511245562303269230e-01 3.653611679950503066e-01 3.203619142285320243e-02 -8.767677072100496516e-02
1.026304331470890929e+01 7.493047095413043479e-01 3.543926499118016937e-01 -7.631741681492940077e-02 -1.309572733139654221e-01
1.036304331470890894e+01 7.352247044950264154e-01 3.393172519355371342e-01 -2.048106611256296228e-01 -1.698264492852221141e-01
1.046304331470890858e+01 7.079829790234690723e-01 3.205673923611709886e-01 -3.407729884088834815e-01 -2.045061124976542688e-01
1.056304331470890823e+01 6.684415329926842730e-01 2.985405854924296776e-01 -4.405121345913534103e-01 -2.354339999704024300e-01
1.066304331470890787e+01 6.210382117361179510e-01 2.736005049334950257e-01 -4.999631443790927277e-01 -2.627534735268823307e-01
1.076304331470890752e+01 5.707206342437946001e-01 2.461211119817861281e-01 -4.995844967761381428e-01 -2.861091188808165264e-01
1.086304331470890716e+01 5.213107489367367897e-01 2.165413247705958721e-01 -4.866566352494750003e-01 -3.045901897450966067e-01
1.096304331470890681e+01 4.737644982502390856e-01 1.853981658869805760e-01 -4.643880509328205952e-01 -3.172209643804659307e-01
1.106304331470890645e+01 4.295966773742700973e-01 1.533211578868805547e-01 -4.089405572596977456e-01 -3.231229224843135683e-01
1.116304331470890610e+01 3.916395476583378055e-01 1.210315658447810028e-01 -3.609974336882331714e-01 -3.213025221653105223e-01
1.126304331470890574e+01 3.572543881926918408e-01 8.933864005803603126e-02 -3.184641109962168537e-01 -3.111542868939797257e-01
1.136304331470890538e+01 3.281391696371667721e-01 5.908503763580304213e-02 -2.698642821655050650e-01 -2.924867011193509891e-01
1.146304331470890503e+01 3.027766468456314364e-01 3.112168105187145331e-02 -2.363045283706649569e-01 -2.654257120739841325e-01
1.156304331470890467e+01 2.814525213300861362e-01 6.258773089182233240e-03 -1.838713389059263570e-01 -2.306007648454080072e-01
1.166304331470890432e+01 2.669951733435155794e-01 -1.476279058597266408e-02 -1.073956910295992689e-01 -1.887016431469221434e-01
1.176304331470890396e+01 2.587566740671323195e-01 -3.127023777843464941e-02 -6.123508858091335910e-02 -1.404894256858050805e-01
1.186304331470890361e+01 2.548888427676142543e-01 -4.269425374187466038e-02 -1.387943068451847478e-02 -8.728906426921977102e-02
1.196304331470890325e+01 2.553621777183734953e-01 -4.861439702366911891e-02 1.420560425230392096e-02 -3.069378786432997580e-02
1.206304331470890290e+01 2.565312326018335809e-01 -4.878659465985070443e-02 9.742464397944593235e-03 2.727547097656635167e-02
1.216304331470890254e+01 2.571178498106427845e-01 -4.319587585748194125e-02 -2.876062820873491119e-03 8.414570530152756800e-02
1.226304331470890219e+01 2.559951697417408578e-01 -3.208012874583333202e-02 -1.372717008548299776e-02 1.373419872691037380e-01
1.236304331470890183e+01 2.546033609769238759e-01 -1.592966339283390792e-02 -1.727888211002738539e-02 1.844835348186092128e-01
1.246304331470890148e+01 2.532485467697537795e-01 4.546977358624894328e-03 1.080616158643500635e-03 2.235597747665374890e-01
1.256304331470890112e+01 2.564732587879798853e-01 2.846838715028001537e-02 6.440332596784650865e-02 2.532547089138181828e-01
1.266304331470890077e+01 2.655251376443067968e-01 5.487145485619195767e-02 1.164924395264999302e-01 2.731610134831121695e-01
1.276304331470890041e+01 2.814806354765566621e-01 8.277377557472545555e-02 2.143467675444216403e-01 2.833022878110248444e-01
1.286304331470890006e+01 3.090860815844283516e-01 1.112382126942018101e-01 3.354070372727743776e-01 2.846538383492374091e-01
1.296304331470889970e+01 3.485024828593428770e-01 1.394673209643737810e-01 4.518260566010651735e-01 2.788985508533983193e-01
1.306304331470889935e+01 3.982835138692069066e-01 1.668441827992483417e-01 5.363419640516851050e-01 2.679211921523024786e-01
1.316304331470889899e+01 4.540120843154270558e-01 1.929334203886605426e-01 5.672531465545501694e-01 2.533796746306479775e-01
1.326304331470889863e+01 5.105800982893738960e-01 2.174372697271441945e-01 5.638736649776856513e-01 2.363404423453056014e-01
1.336304331470889828e+01 5.652377815477794831e-01 2.401405900257999049e-01 5.139916421811433489e-01 2.174527780147383071e-01
1.346304331470889792e+01 6.115928416189030381e-01 2.608685467405285063e-01 4.087699880410110564e-01 1.967644171825819188e-01
1.356304331470889757e+01 6.448886090229640766e-01 2.794116681462192053e-01 2.470063365792112831e-01 1.735942242628539245e-01
1.366304331470889721e+01 6.614374250010314205e-01 2.954619236011339911e-01 9.243404606237837218e-02 1.466730035601945814e-01
1.376304331470889686e+01 6.644581544968896081e-01 3.085849154275165374e-01 -2.478280834195237259e-02 1.149326785598765999e-01
1.386304331470889650e+01 6.585558766427137556e-01 3.182769916030924184e-01 -8.645837625961680373e-02 7.808535019699297530e-02
1.396304331470889615e+01 6.480518270947256410e-01 3.240521964657148701e-01 -1.165864812578651932e-01 3.676307681492785306e-02
1.406304331470889579e+01 6.362373188031076321e-01 3.255243133209638762e-01 -1.202941658340269671e-01 -7.699659734481931195e-03
1.416304331470889544e+01 6.236262325201699097e-01 3.224668294593219797e-01 -1.343885598933684256e-01 -5.352884324666812299e-02
1.426304331470889508e+01 6.083219779088960832e-01 3.148300376764324726e-01 -1.758428256087899433e-01 -9.902864139562540802e-02
1.436304331470889473e+01 5.887627036460996166e-01 3.027175051452943300e-01 -2.111140888791561143e-01 -1.428334170384215895e-01
1.446304331470889437e+01 5.666867872448612120e-01 2.863646323845968622e-01 -2.282647945228133968e-01 -1.835959905818045912e-01
1.456304331470889402e+01 5.431797493160790413e-01 2.661482912745283258e-01 -2.440568579654280312e-01 -2.198645173456875157e-01
1.466304331470889366e+01 5.174804710735750879e-01 2.425844057680476007e-01 -2.706555478295604167e-01 -2.503663188374309345e-01
1.476304331470889331e+01 4.888734504214584664e-01 2.162976058709717986e-01 -3.027164775601410840e-01 -2.742026943837029829e-01
1.486304331470889295e+01 4.568234440227870174e-01 1.879841243025497377e-01 -3.366927651531856913e-01 -2.908427223411735874e-01
1.496304331470889259e+01 4.228054548728080175e-01 1.583772530374336907e-01 -3.352814597587419065e-01 -3.000288101471654256e-01
1.506304331470889224e+01 3.899671613186118102e-01 1.282393727782196735e-01 -3.269517244336109241e-01 -3.013937921727397606e-01
1.516304331470889188e+01 3.573820506380592787e-01 9.836469543928878789e-02 -3.179649157729129150e-01 -2.947832105568733985e-01
1.526304331470889153e+01 3.273625011820501807e-01 6.954474681626211796e-02 -2.817075041245789557e-01 -2.803095945370850384e-01
1.536304331470889117e+01 3.010663535926655920e-01 4.256091255267462764e-02 -2.441834492112568422e-01 -2.581023006941823295e-01
1.546304331470889082e+01 2.784188154273339322e-01 1.816880441066196991e-02 -2.094256378540265695e-01 -2.285714535832787664e-01
1.556304331470889046e+01 2.586497042573056016e-01 -2.934363659015261361e-03 -1.902541207476402818e-01 -1.924871928711757718e-01
1.566304331470889011e+01 2.403533573757550834e-01 -2.015125620508569776e-02 -1.716176693706367995e-01 -1.510886896562692594e-01
1.576304331470888975e+01 2.244590892499095935e-01 -3.302396833630853734e-02 -1.484997815451302994e-01 -1.058502735197481004e-01
1.586304331470888940e+01 2.113314437678725510e-01 -4.124542488002963525e-02 -1.054667438712001692e-01 -5.832783676037591597e-02
1.596304331470888904e+01 2.043694758579011339e-01 -4.465912817734118273e-02 -3.375535336107386708e-02 -9.880923093830110138e-03
1.606304331470888869e+01 2.043510070450564875e-01 -4.322567130605708269e-02 3.209400844168831812e-02 3.844112803851559151e-02
1.616304331470889011e+01 2.107969685294986684e-01 -3.701106998022952316e-02 9.925195192593554150e-02 8.556027290957013420e-02
1.626304331470889153e+01 2.244192963233336557e-01 -2.618726373368972238e-02 1.708894927043833056e-01 1.304759870871702587e-01
1.636304331470889295e+01 2.449014507957418540e-01 -1.101843272248238977e-02 2.430131410281270998e-01 1.723187576429748846e-01
1.646304331470889437e+01 2.734184051336506771e-01 8.150711395612344687e-03 3.225093492393373285e-01 2.103985381793597731e-01
1.656304331470889579e+01 3.080385533351074345e-01 3.091870997387494852e-02 3.658777639344424348e-01 2.441879845713494923e-01
1.666304331470889721e+01 3.464346543500833597e-01 5.682006150976857267e-02 4.034086872667397294e-01 2.729353425939690103e-01
1.676304331470889863e+01 3.890132334072662901e-01 8.531592153232778197e-02 4.458383919058636069e-01 2.959987360719402716e-01
1.686304331470890006e+01 4.340725215434360074e-01 1.158164934530512558e-01 4.482628309918887943e-01 3.129488838883944801e-01
1.696304331470890148e+01 4.784313349602712928e-01 1.476808007615208473e-01 4.384341622695881457e-01 3.231587525636560598e-01
1.706304331470890290e+01 5.206991937191050024e-01 1.802035765169270887e-01 4.022964201966879871e-01 3.260231043061848077e-01
1.716304331470890432e+01 5.592079619974671401e-01 2.126206676677018792e-01 3.707790439628740886e-01 3.209611649832048719e-01
1.726304331470890574e+01 5.947962810581939319e-01 2.441229880263720009e-01 3.415701834078128107e-01 3.077247392674396509e-01
1.736304331470890716e+01 6.282176253504718755e-01 2.738985121969744752e-01 3.300809472001973166e-01 2.864968467074870406e-01
1.746304331470890858e+01 6.615308446251200181e-01 3.011801048527907865e-01 3.413108093300930568e-01 2.580218767575848116e-01
1.756304331470891000e+01 6.965090121755994623e-01 3.253062674236513740e-01 3.518070386848209941e-01 2.236562944983647439e-01
1.766304331470891142e+01 7.311103743384714804e-01 3.457674567792451970e-01 3.406040354349147425e-01 1.849690270708672368e-01
1.776304331470891285e+01 7.637939299787097625e-01 3.622052556946218083e-01 3.039410850735763669e-01 1.434285302596641221e-01
1.786304331470891427e+01 7.909457695238178987e-01 3.743986356960857242e-01 2.395001311508496433e-01 1.002417918329612107e-01
1.796304331470891569e+01 8.117987587824525564e-01 3.822295250625807883e-01 1.785912721634247968e-01 5.633473790804421899e-02
1.806304331470891711e+01 8.264629986573278631e-01 3.856739024532366833e-01 1.054652487193512844e-01 1.267314699822004453e-02
1.816304331470891853e+01 8.304750195850866268e-01 3.847959654965381060e-01 -2.808662126271996295e-02 -3.006977749058550864e-02
1.826304331470891995e+01 8.220562757385272423e-01 3.796904199712588523e-01 -1.374680918274512331e-01 -7.188210199224404073e-02
1.836304331470892137e+01 8.024099141490899090e-01 3.704543769930942476e-01 -2.545609819457265166e-01 -1.126598257532305664e-01
1.846304331470892279e+01 7.722574657871956738e-01 3.571957942619618520e-01 -3.450725213584073248e-01 -1.523026964412326212e-01
1.856304331470892421e+01 7.339106176684782046e-01 3.400427944137908165e-01 -4.157874257918332539e-01 -1.904716505875327648e-01
1.866304331470892564e+01 6.903728229722176923e-01 3.191709835665086370e-01 -4.500976717578972219e-01 -2.265396632634379959e-01
1.876304331470892706e+01 6.452593268595017140e-01 2.948389769875170430e-01 -4.460247060783805173e-01 -2.594689108797406663e-01
1.886304331470892848e+01 6.010732128087397097e-01 2.674284913816203368e-01 -4.388526964208667724e-01 -2.878676519892794938e-01
1.896304331470892990e+01 5.586100404851900292e-01 2.374612029353840303e-01 -4.061003518054894790e-01 -3.103851610258797078e-01
1.906304331470893132e+01 5.187429193653714243e-01 2.055925204646770199e-01 -3.977065782123773152e-01 -3.256978651314254569e-01
1.916304331470893274e+01 4.793857961408867774e-01 1.725890363230341562e-01 -3.862899543134605262e-01 -3.329938798997388316e-01
1.926304331470893416e+01 4.411834758968194992e-01 1.392759545246284036e-01 -3.799289591793633125e-01 -3.318405033027337914e-01
1.936304331470893558e+01 4.032609101904575111e-01 1.065043094519846911e-01 -3.789249550666044519e-01 -3.221994047633349734e-01
1.946304331470893700e+01 3.659879184245971029e-01 7.510649244387576640e-02 -3.601463976848535697e-01 -3.044482248687117587e-01
1.956304331470893842e+01 3.320099097360719731e-01 4.586927880854935191e-02 -3.183639894321120267e-01 -2.790586344319729295e-01
1.966304331470893985e+01 3.025297792074497227e-01 1.953323160018250251e-02 -2.721590458857003902e-01 -2.465220715475753277e-01
1.976304331470894127e+01 2.770480963970971544e-01 -3.221271373579605996e-03 -2.369927643100616654e-01 -2.075861625470010741e-01
1.986304331470894269e+01 2.558017339651404987e-01 -2.180712426991065350e-02 -1.858303024734591913e-01 -1.633414614328768666e-01
1.996304331470894411e+01 2.403586040667873014e-01 -3.575056397375880185e-02 -1.197126480326019676e-01 -1.149259160757293563e-01
2.006304331470894553e+01 2.313268329434570170e-01 -4.469035670413471634e-02 -6.809648954827929312e-02 -6.346448405463682441e-02
2.016304331470894695e+01 2.266938746904566537e-01 -4.838903287872631243e-02 -1.871666783557905667e-02 -1.037200516101444842e-02
2.026304331470894837e+01 2.279733192294391697e-01 -4.676077345554270626e-02 4.369025448939047734e-02 4.284471181533591744e-02
2.036304331470894979e+01 2.358084430367559658e-01 -3.986068145233451210e-02 1.137700581057471128e-01 9.485113345146245489e-02
2.046304331470895121e+01 2.506005732514557383e-01 -2.787098596329139200e-02 1.858566946235528927e-01 1.444460214022967870e-01
2.056304331470895264e+01 2.738426965202860330e-01 -1.108551676637783978e-02 2.756888975695346300e-01 1.906365416807184188e-01
2.066304331470895406e+01 3.044961970302477727e-01 1.011875575183841802e-02 3.357635609480024708e-01 2.326880675775705731e-01
2.076304331470895548e+01 3.407967108268200596e-01 3.528539871120760230e-02 3.857643910010203903e-01 2.697428149527779651e-01
2.086304331470895690e+01 3.816823401054270648e-01 6.387263647134351630e-02 4.417344730741211700e-01 3.009670335529222029e-01
2.096304331470895832e+01 4.312154594810778674e-01 9.526986301182620298e-02 5.499631567550561373e-01 3.259607202699553730e-01
2.106304331470895974e+01 4.897954687149952413e-01 1.288699739976270631e-01 6.092547069621105926e-01 3.450904973290627176e-01
2.116304331470896116e+01 5.514566772551083851e-01 1.640947807746402642e-01 6.181548099102925908e-01 3.584106264969770250e-01
2.126304331470896258e+01 6.120604196208231373e-01 2.003443293231242373e-01 5.891751297876199889e-01 3.654867377970975051e-01
2.136304331470896400e+01 6.688509200678127709e-01 2.369613200172840106e-01 5.403844843274331344e-01 3.656417173200188220e-01
2.146304331470896543e+01 7.177973886148277805e-01 2.732162386204339266e-01 4.293169739158556597e-01 3.580802178522272672e-01
2.156304331470896685e+01 7.538444343003554149e-01 3.082791391470837139e-01 2.864248970951132622e-01 3.415722583250174194e-01
2.166304331470896827e+01 7.743862964318799502e-01 3.411866753226816540e-01 1.297278714940016398e-01 3.147486514892425813e-01
2.176304331470896969e+01 7.817201297161738838e-01 3.708501055210384756e-01 2.133889539764838306e-02 2.766053396323025493e-01
2.186304331470897111e+01 7.785849301212752760e-01 3.961293331587975031e-01 -8.065989365113269971e-02 2.271242598250203526e-01
2.196304331470897253e+01 7.676729121128532674e-01 4.159196706145747435e-01 -1.259675957533279711e-01 1.670300884476129122e-01
2.206304331470897395e+01 7.544502228435714386e-01 4.292430202756218338e-01 -1.376342867089961619e-01 9.819261115394398165e-02
2.216304331470897537e+01 7.409919331097318818e-01 4.353575329069611088e-01 -1.232485062728576330e-01 2.335690278814717136e-02
2.226304331470897679e+01 7.309001388922823361e-01 4.338269357246462565e-01 -7.772562660735699014e-02 -5.408358226178523742e-02
2.236304331470897822e+01 7.253665770710400196e-01 4.245836071104996390e-01 -3.539099084665910805e-02 -1.302431605671285353e-01
2.246304331470897964e+01 7.224878808114592044e-01 4.079472973300651284e-01 -2.819418219050442986e-02 -2.013590251342811110e-01
2.256304331470898106e+01 7.199614225232444653e-01 3.845851129526475232e-01 -1.891708327364140241e-02 -2.642825730027970055e-01
2.266304331470898248e+01 7.179249967476986072e-01 3.554558425869199789e-01 -3.040018729151995960e-02 -3.162818242775390920e-01
2.276304331470898390e+01 7.125402577998828368e-01 3.217601198081317393e-01 -8.499387645970057914e-02 -3.553770458962285383e-01
2.286304331470898532e+01 6.984113137265843818e-01 2.848381546556125743e-01 -2.090743843419645143e-01 -3.807964135246320603e-01
2.296304331470898674e+01 6.707970969335741440e-01 2.460352103869388463e-01 -3.321707792004653381e-01 -3.932000917649832172e-01
2.306304331470898816e+01 6.339169542499041299e-01 2.065919875341098444e-01 -4.015930583661425635e-01 -3.937780521153991797e-01
2.316304331470898958e+01 5.912280348035406918e-01 1.676395276092912390e-01 -4.446939071915191888e-01 -3.835624410647560656e-01
2.326304331470899101e+01 5.465139853567257955e-01 1.302049186579962714e-01 -4.435297984834318252e-01 -3.635760493440067798e-01
2.336304331470899243e+01 5.044911417057188485e-01 9.522249330813650769e-02 -3.823424717638568837e-01 -3.346280481986068089e-01
2.346304331470899385e+01 4.717804783463168117e-01 6.356668683647156981e-02 -2.740945881568390696e-01 -2.970472212668758827e-01
2.356304331470899527e+01 4.486010678097387960e-01 3.609706914765703489e-02 -1.928139809490108936e-01 -2.509730173560966726e-01
2.366304331470899669e+01 4.321147950010258976e-01 1.362992350448445633e-02 -1.465885603078009303e-01 -1.971906761209332448e-01
2.376304331470899811e+01 4.180883234256583258e-01 -3.137700034376519204e-03 -1.323067402969343720e-01 -1.373321592290349669e-01
2.386304331470899953e+01 4.064228697976390303e-01 -1.370909712979110143e-02 -9.913263918504131023e-02 -7.364581594107755258e-02
2.396304331470900095e+01 3.984100999679606736e-01 -1.781360663608697742e-02 -6.095763692215536156e-02 -8.362257948803519803e-03
2.406304331470900237e+01 3.938392517114327473e-01 -1.540221990252104052e-02 -3.300269437448885568e-02 5.629607947522775879e-02
2.416304331470900379e+01 3.918172797953611286e-01 -6.652240324200600630e-03 -6.673345226769752947e-03 1.180233129130590919e-01
2.426304331470900522e+01 3.921418878362363247e-01 8.030253498844059160e-03 1.049929229220487176e-02 1.745863680981333821e-01
2.436304331470900664e+01 3.937304697645429008e-01 2.802187896567506081e-02 2.067626221074091164e-02 2.238624077849573069e-01
2.446304331470900806e+01 3.960531362708449299e-01 5.249535732164090085e-02 2.630867019972864609e-02 2.639267381254929989e-01
2.456304331470900948e+01 3.998824919754457308e-01 8.044760737500654402e-02 5.784735292151642339e-02 2.932309575488713516e-01
2.466304331470901090e+01 4.090285076352647153e-01 1.107573352180719339e-01 1.292880382051150301e-01 3.110448217599449672e-01
2.476304331470901232e+01 4.263470143543836022e-01 1.422819194892467332e-01 2.223316013026565008e-01 3.176439063987779310e-01
2.486304331470901374e+01 4.547732250745216698e-01 1.739486371514316898e-01 3.490434692312652798e-01 3.141513163819596999e-01
2.496304331470901516e+01 4.957310471577321964e-01 2.048399845955036769e-01 4.658153586583207439e-01 3.024978444078719741e-01
2.506304331470901658e+01 5.467727140880435099e-01 2.342483398340358125e-01 5.478529681824546582e-01 2.848404440249331926e-01
2.516304331470901801e+01 6.044196303945017501e-01 2.616726880695720014e-01 6.027432117657166577e-01 2.631151201496954029e-01
2.526304331470901943e+01 6.656205485802444421e-01 2.867922988602571999e-01 6.062576821453116160e-01 2.389958830625419361e-01
2.536304331470902085e+01 7.232781855466619003e-01 3.094270611163930096e-01 5.405753336062069092e-01 2.135009641249418499e-01
2.546304331470902227e+01 7.727491827221654175e-01 3.294525035383073508e-01 4.442105170876466391e-01 1.867938050601815059e-01
2.556304331470902369e+01 8.112690873258238122e-01 3.467367823830920237e-01 3.204256942334070546e-01 1.586049739119186341e-01
2.566304331470902511e+01 8.356100035560642958e-01 3.611036743617804246e-01 1.632208117012004245e-01 1.283065588034976445e-01
2.576304331470902653e+01 8.435696722086249988e-01 3.722956806150751752e-01 -6.639628726580193430e-03 9.493485692197335679e-02
2.586304331470902795e+01 8.343243982489081390e-01 3.799534524768727883e-01 -1.736638672127252536e-01 5.745380339555603705e-02
2.596304331470902937e+01 8.098959503599939547e-01 3.836225686561409720e-01 -3.067454351967711657e-01 1.507877895213325520e-02
2.606304331470903080e+01 7.765658422664665217e-01 3.828037176457460555e-01 -3.378906192090522786e-01 -3.220159877674241139e-02
2.616304331470903222e+01 7.444270089616095154e-01 3.770684751870679863e-01 -3.028135090658995443e-01 -8.286181046810528472e-02
2.626304331470903364e+01 7.169427088948312488e-01 3.662056110013364174e-01 -2.443621476795768410e-01 -1.342791942428266938e-01
2.636304331470903506e+01 6.944263235906442677e-01 3.502856325414728800e-01 -2.098724690233921275e-01 -1.835262360641010948e-01
2.646304331470903648e+01 6.762699702364453058e-01 3.296612491921197541e-01 -1.450374811268478614e-01 -2.279331887709570847e-01
2.656304331470903790e+01 6.657606609431961919e-01 3.049528091178107525e-01 -6.543851812599309203e-02 -2.647322803788088041e-01
2.666304331470903932e+01 6.622363801723407661e-01 2.770576649963270022e-01 -2.012473903963300781e-02 -2.912738104918357052e-01
2.676304331470904074e+01 6.586422668139075842e-01 2.470967845730145940e-01 -5.840129904697483748e-02 -3.059136726345383361e-01
2.686304331470904216e+01 6.495348057436240996e-01 2.162764919340295910e-01 -1.335358019085771120e-01 -3.085384214045198137e-01
2.696304331470904359e+01 6.311105241551481226e-01 1.857569080449639753e-01 -2.284839357382510427e-01 -3.001552814384985668e-01
2.706304331470904501e+01 6.044974643890043131e-01 1.565567184480222696e-01 -3.109580556929197326e-01 -2.824388068168204313e-01
2.716304331470904643e+01 5.675494476984200842e-01 1.295131345275209178e-01 -4.265969181990202919e-01 -2.574321494020537227e-01
2.726304331470904785e+01 5.205442626461518341e-01 1.052252848269681351e-01 -5.056581926023756557e-01 -2.277624191669597731e-01
2.736304331470904927e+01 4.680300141480526754e-01 8.403617778782457304e-02 -5.357737546860988909e-01 -1.958072174635808460e-01
2.746304331470905069e+01 4.149941337544294506e-01 6.608042161156732486e-02 -5.188441554724019245e-01 -1.633326620436931220e-01
2.756304331470905211e+01 3.654722999220229029e-01 5.134878658880232677e-02 -4.634290894898235869e-01 -1.314654160442249586e-01
2.766304331470905353e+01 3.239418268430524495e-01 3.974940004973208374e-02 -3.622253170253907362e-01 -1.007113506035620248e-01
2.776304331470905495e+01 2.938195083272437391e-01 3.117381197948868032e-02 -2.340146158749070726e-01 -7.092537436590873323e-02
2.786304331470905638e+01 2.777624462200962152e-01 2.555206151637737927e-02 -9.270776431866359357e-02 -4.149845128429796581e-02
2.796304331470905780e+01 2.733696399671448618e-01 2.288619291051933666e-02 -1.605619861906937285e-03 -1.173705938124079695e-02
2.806304331470905922e+01 2.771016994802796285e-01 2.321969250201362522e-02 7.735401525267024403e-02 1.847107617997218940e-02
2.816304331470906064e+01 2.894412335541640124e-01 2.659179097107360404e-02 1.724049150900679450e-01 4.902902167971237568e-02
2.826304331470906206e+01 3.113544585192254965e-01 3.303920322351952543e-02 2.615298532961164435e-01 7.999383615245071744e-02
2.836304331470906348e+01 3.409757018712437637e-01 4.260308542757336447e-02 3.268261161178219187e-01 1.113230922690161828e-01
2.846304331470906490e+01 3.753978186456255473e-01 5.530298692223899887e-02 3.535529216259965524e-01 1.426080529477289638e-01
2.856304331470906632e+01 4.103854492470416782e-01 7.109227030067624686e-02 3.413368969009509257e-01 1.729031631295674110e-01
2.866304331470906774e+01 4.425522366279016073e-01 8.980249724150327073e-02 2.956225502515293369e-01 2.007517339693335734e-01
2.876304331470906916e+01 4.690728895034119161e-01 1.111004488670723073e-01 2.391135382431027745e-01 2.243355927837279995e-01
2.886304331470907059e+01 4.911928971098128982e-01 1.344685298687095520e-01 2.014076143995500445e-01 2.419062637730391152e-01
2.896304331470907201e+01 5.085884927431086888e-01 1.592365237274460388e-01 1.461418013734621102e-01 2.521207784014515840e-01
2.906304331470907343e+01 5.206917650586928570e-01 1.846076993130048860e-01 9.681290026586567010e-02 2.538016250585629630e-01
2.916304331470907485e+01 5.288082460487224523e-01 2.096866143194257293e-01 7.362857679331302752e-02 2.462011623001288396e-01
2.926304331470907627e+01 5.364564292820296343e-01 2.335382611384865248e-01 8.099461893371279197e-02 2.293379776667746062e-01
2.936304331470907769e+01 5.459633720896938103e-01 2.552724176512933818e-01 1.170025585681299940e-01 2.040472934428834151e-01
2.946304331470907911e+01 5.605080180809979273e-01 2.741195072521139253e-01 1.709628041826896649e-01 1.719284170800522982e-01
2.956304331470908053e+01 5.792220146674688097e-01 2.895000648068229432e-01 1.986575503518593910e-01 1.350619503175620739e-01
2.966304331470908195e+01 5.994431048212895963e-01 3.010390858415611937e-01 2.033506637614978518e-01 9.540398861555757226e-02
2.976304331470908338e+01 6.193864605279125746e-01 3.085463412327674737e-01 1.898786350172130266e-01 5.470442740084235228e-02
2.986304331470908480e+01 6.358826567325007728e-01 3.119949274749174717e-01 1.350612996190529436e-01 1.443102330020300944e-02
2.996304331470908622e+01 6.465439897680643755e-01 3.114787948243185611e-01 8.107888406931001990e-02 -2.445412464460498120e-02
3.006304331470908764e+01 6.518575292921957587e-01 3.071786659298989530e-01 2.064683797390130804e-02 -6.110969528694558395e-02
3.016304331470908906e+01 6.506419473509689189e-01 2.993536194936580741e-01 -3.782154374252657408e-02 -9.486582963457262929e-02
3.026304331470909048e+01 6.458710396933208253e-01 2.883231969753312085e-01 -5.545060907363819069e-02 -1.250738912505214573e-01
3.036304331470909190e+01 6.391114796394146147e-01 2.744888015176669693e-01 -8.157568184027801095e-02 -1.507961861760227229e-01
3.046304331470909332e+01 6.289745111439025704e-01 2.583371905033311489e-01 -1.276801010101752398e-01 -1.713374296092461391e-01
3.056304331470909474e+01 6.126057398551680855e-01 2.404001761881304489e-01 -2.002948122038969436e-01 -1.865339968226957801e-01
3.066304331470909617e+01 5.887519363328468369e-01 2.211958144671608284e-01 -2.760560153657375393e-01 -1.967770201389565932e-01
3.076304331470909759e+01 5.595962045506106541e-01 2.011899497931826930e-01 -2.920594692911319679e-01 -2.026384082160921918e-01
3.086304331470909901e+01 5.303844732921536576e-01 1.808124896841670493e-01 -3.004410380815508708e-01 -2.041765496556312842e-01
3.096304331470910043e+01 5.003552466133669441e-01 1.604975716916448025e-01 -2.891866862644123515e-01 -2.014187579542014717e-01
3.106304331470910185e+01 4.723016571854948831e-01 1.406723433448728300e-01 -2.784765328599309031e-01 -1.943641348984497530e-01
3.116304331470910327e+01 4.450197944352211610e-01 1.217639768189099775e-01 -2.647671972189281631e-01 -1.831320998279613310e-01
3.126304331470910469e+01 4.185866798036715908e-01 1.041745677540410892e-01 -2.643271062809079974e-01 -1.680577230492944496e-01
3.136304331470910611e+01 3.931342575155003516e-01 8.826164159470689663e-02 -2.440785875559244311e-01 -1.496972055995285378e-01
3.146304331470910753e+01 3.692169047045659735e-01 7.432668309475153057e-02 -2.336561781106875901e-01 -1.286021677404059760e-01
3.156304331470910896e+01 3.465932638300386892e-01 6.260872244284011734e-02 -2.199511495386676230e-01 -1.054817624848952001e-01
3.166304331470911038e+01 3.256498357540676403e-01 5.327200386300431911e-02 -1.943414357844290563e-01 -8.110641630670648028e-02
3.176304331470911180e+01 3.081835983127744760e-01 4.640727965878323202e-02 -1.521107877154238563e-01 -5.613039258199445380e-02
3.186304331470911322e+01 2.958481629901356103e-01 4.205152271028277794e-02 -9.685675224430190244e-02 -3.097788897198509861e-02
3.196304331470911464e+01 2.886054528222355420e-01 4.020756247185042209e-02 -3.938218005966190316e-02 -5.951552591380433049e-03
3.206304331470911251e+01 2.895016420038756255e-01 4.085177022216431725e-02 5.288409274028764429e-02 1.881311546388795414e-02
3.216304331470911393e+01 2.978442902520637148e-01 4.396775066267986226e-02 1.134487931408347805e-01 4.348595906829539476e-02
3.226304331470911535e+01 3.117829765015872612e-01 4.954179374971817706e-02 1.585856910844584133e-01 6.793790987512809965e-02
3.236304331470911677e+01 3.289123011272495622e-01 5.753498956428763911e-02 1.845011433012410107e-01 9.177180345090259206e-02
3.246304331470911819e+01 3.485227575442098602e-01 6.785503131518953734e-02 2.085280044093954233e-01 1.143713360997756223e-01
3.256304331470911961e+01 3.713197432996883096e-01 8.034895075596329428e-02 2.470721707047379423e-01 1.351743326229461750e-01
3.266304331470912103e+01 3.970779299394885387e-01 9.481750538768993208e-02 2.673659140012067392e-01 1.537960753927294366e-01
3.276304331470912246e+01 4.253839970146313099e-01 1.110208133835337702e-01 2.987141745132310677e-01 1.698095765813967539e-01
3.286304331470912388e+01 4.557840391546792991e-01 1.286833304961591540e-01 3.029504788389906222e-01 1.829289137414177313e-01
3.296304331470912530e+01 4.857070570701697010e-01 1.474944761640777369e-01 3.009548019994520152e-01 1.926865712523716245e-01
3.306304331470912672e+01 5.169287712531160928e-01 1.670953913755278131e-01 3.199554433882168536e-01 1.987047597670964227e-01
3.316304331470912814e+01 5.481564015405346879e-01 1.871086761528390485e-01 3.011239419559754715e-01 2.009035014966644161e-01
3.326304331470912956e+01 5.770425355137688284e-01 2.071384507883282100e-01 2.728981003930074367e-01 1.989772441017634563e-01
3.336304331470913098e+01 6.015465979795074913e-01 2.267545369252759735e-01 2.122847649790822189e-01 1.925522060849520767e-01
3.346304331470913240e+01 6.188409369937709625e-01 2.454793958296049294e-01 1.331078036571602674e-01 1.810402397369768601e-01
3.356304331470913382e+01 6.289464353915787953e-01 2.627724723985832567e-01 7.459780053598685789e-02 1.638443963185736429e-01
3.366304331470913525e+01 6.346969389184762278e-01 2.780547684906535810e-01 4.540049190036294507e-02 1.408645993490126869e-01
3.376304331470913667e+01 6.386208921151507178e-01 2.907705621291979403e-01 3.153397652025281828e-02 1.126553348513917585e-01
3.386304331470913809e+01 6.406320121086896968e-01 3.004433750438608164e-01 9.398780783633906705e-03 8.017307552327108955e-02
3.396304331470913951e+01 6.405764917520813118e-01 3.066983215330237877e-01 -1.091584635484126736e-02 4.449076929016347604e-02
3.406304331470914093e+01 6.388852872792291082e-01 3.092755483180912868e-01 -1.980527817814034530e-02 6.838457787244872632e-03
3.416304331470914235e+01 6.366480040237045834e-01 3.080485506820295760e-01 -2.541788773601047491e-02 -3.133681659287494009e-02
3.426304331470914377e+01 6.337081534516675330e-01 3.030417873214201196e-01 -3.781882843921287318e-02 -6.850684152091716939e-02
3.436304331470914519e+01 6.282400278020610074e-01 2.944259461373653908e-01 -6.779473358561856344e-02 -1.033286962370570938e-01
3.446304331470914661e+01 6.214610677900375135e-01 2.824914213416206410e-01 -6.932549217506914219e-02 -1.346756737293233752e-01
3.456304331470914804e+01 6.131480688572934490e-01 2.676469600540760108e-01 -9.685838823770619166e-02 -1.613623188234353523e-01
3.466304331470914946e+01 6.031077192448074387e-01 2.504011933930317402e-01 -1.020151620384806973e-01 -1.825745756453824309e-01
3.476304331470915088e+01 5.925265266027383015e-01 2.313403363534666246e-01 -1.097922427545209023e-01 -1.975503362517691264e-01
3.486304331470915230e+01 5.809660563808031197e-01 2.111164956404123494e-01 -1.232612590463811469e-01 -2.057771025883658178e-01
3.496304331470915372e+01 5.679140130189525015e-01 1.904151922439515088e-01 -1.380459963109030297e-01 -2.071045966040444275e-01
3.506304331470915514e+01 5.528275704981346905e-01 1.699195605345262261e-01 -1.623414579714859141e-01 -2.017295320479585707e-01
3.516304331470915656e+01 5.369547385358285352e-01 1.502756875651274637e-01 -1.510949406275730045e-01 -1.901492304331088290e-01
3.526304331470915798e+01 5.217839995176559720e-01 1.320829895074850102e-01 -1.546638568751367293e-01 -1.727913979111896370e-01
3.536304331470915940e+01 5.069093799069304129e-01 1.158858736626675601e-01 -1.401190517843912131e-01 -1.503733610117327091e-01
3.546304331470916082e+01 4.929011784381590044e-01 1.021505191075280095e-01 -1.453506422340144766e-01 -1.237085364423002459e-01
3.556304331470916225e+01 4.777204898009491663e-01 9.124656337446068743e-02 -1.557395882513984697e-01 -9.397708867959528312e-02
3.566304331470916367e+01 4.619761957361683824e-01 8.341089793498711324e-02 -1.614799748422711956e-01 -6.257155245502679652e-02
3.576304331470916509e+01 4.449379680225402645e-01 7.874023898982057679e-02 -1.773339946528359190e-01 -3.093352603149313734e-02
3.586304331470916651e+01 4.274818656331582090e-01 7.718139600155012048e-02 -1.679447988836111905e-01 -5.634965823305276844e-04
3.596304331470916793e+01 4.123259278298092578e-01 7.854680047871934190e-02 -1.276230579973477997e-01 2.740184797574733364e-02
3.606304331470916935e+01 4.026397694174293496e-01 8.256152569221487936e-02 -6.794318991411096853e-02 5.237341107780600635e-02
3.616304331470917077e+01 3.992418719962043672e-01 8.891491708884848022e-02 7.579916438523362499e-03 7.416062285780762597e-02
3.626304331470917219e+01 4.043959218193751148e-01 9.729322887074974557e-02 8.831295348902595821e-02 9.294169601874302522e-02
3.636304331470917361e+01 4.154112418564679943e-01 1.074137892218354207e-01 1.264948138141654133e-01 1.090215991427906372e-01
3.646304331470917504e+01 4.289881238317043710e-01 1.190041882703830184e-01 1.448707037856830637e-01 1.222948659600765070e-01
3.656304331470917646e+01 4.443548307891166393e-01 1.317703003108266768e-01 1.582577925498642180e-01 1.324978739683413120e-01
3.666304331470917788e+01 4.597742358421229580e-01 1.453925182724153387e-01 1.498898539246154293e-01 1.393560142124442292e-01
3.676304331470917930e+01 4.743679040417981274e-01 1.595174486630887012e-01 1.406057217769948464e-01 1.424982550279987326e-01
3.686304331470918072e+01 4.885169295551198831e-01 1.737597565530222543e-01 1.512904303682270357e-01 1.416834361542424481e-01
3.696304331470918214e+01 5.062208421603184849e-01 1.877295010647160034e-01 2.080962464278970914e-01 1.371574322966248316e-01
3.706304331470918356e+01 5.309948371175614579e-01 2.011004707067327868e-01 2.879088051494291811e-01 1.299242187081179889e-01
3.716304331470918498e+01 5.627746690983772559e-01 2.136708175302596269e-01 3.413936878340212422e-01 1.213718374905102954e-01
3.726304331470918640e+01 5.979946812645275944e-01 2.253688224392699224e-01 3.516906214032358702e-01 1.126207711965825642e-01
3.736304331470918783e+01 6.304806172571548739e-01 2.362042024162326059e-01 2.904813950954108215e-01 1.041086453565637227e-01
3.746304331470918925e+01 6.553382417694315620e-01 2.461833672071006562e-01 1.995625910789328716e-01 9.537042854537997050e-02
3.756304331470919067e+01 6.688999883787046796e-01 2.552382145181081308e-01 7.115074071993368610e-02 8.541035387229901910e-02
3.766304331470919209e+01 6.702709487721085768e-01 2.631793463135200239e-01 -4.352635531506608702e-02 7.288099403907628837e-02
3.776304331470919351e+01 6.597860152354617647e-01 2.696896813815579108e-01 -1.650035539386704164e-01 5.660866376555453300e-02
3.786304331470919493e+01 6.381121927290107632e-01 2.743419920033103310e-01 -2.640656115136637005e-01 3.558255189353350112e-02
3.796304331470919635e+01 6.080721898072555254e-01 2.766295400298361407e-01 -3.286369951889080432e-01 9.280159570121015999e-03
3.806304331470919777e+01 5.742296224511139746e-01 2.760286393983732434e-01 -3.397243179586162398e-01 -2.207020801671021742e-02
3.816304331470919919e+01 5.415016780006451924e-01 2.720852553448209754e-01 -3.074421655786698793e-01 -5.730249014315441647e-02
3.826304331470920062e+01 5.151615261924631373e-01 2.645046802646823791e-01 -2.054405565122628397e-01 -9.440043490517675828e-02
3.836304331470920204e+01 5.010527083098889056e-01 2.532426362608862225e-01 -8.588048620828474256e-02 -1.303682182262199118e-01
3.846304331470920346e+01 4.960320094872641139e-01 2.385742447874208971e-01 -2.075486482464752869e-02 -1.620728904658859659e-01
3.856304331470920488e+01 4.958639071282557875e-01 2.210472901266385681e-01 1.450886902737767714e-02 -1.872240895215669387e-01
3.866304331470920630e+01 4.992902424422537844e-01 2.014017402026076486e-01 5.591271969785139434e-02 -2.042115887521444018e-01
3.876304331470920772e+01 5.065264330279199978e-01 1.805199931723679152e-01 8.469953639362177988e-02 -2.117697432528810320e-01
3.886304331470920914e+01 5.149168231025069709e-01 1.593861720542291971e-01 7.008804177384829470e-02 -2.092100742159977989e-01
3.896304331470921056e+01 5.177287543934531167e-01 1.390030508091782968e-01 -2.264550921404449857e-02 -1.969521889669194614e-01
3.906304331470921198e+01 5.093968670659162479e-01 1.202592430319808781e-01 -1.476367448953251893e-01 -1.768142089686681739e-01
3.916304331470921340e+01 4.880496162012053496e-01 1.038150795590994241e-01 -2.778331006930780944e-01 -1.514398072150863195e-01
3.926304331470921483e+01 4.542495859470784825e-01 9.004779838315728202e-02 -3.923617496991417819e-01 -1.237672760929646454e-01
3.936304331470921625e+01 4.118152633840178600e-01 7.904579374756255661e-02 -4.432600962362237551e-01 -9.653651690298539756e-02
3.946304331470921767e+01 3.683302623089415584e-01 7.066300614500807542e-02 -4.117339666066106574e-01 -7.158825105988356197e-02
3.956304331470921909e+01 3.313803458705518734e-01 6.463125926413029743e-02 -3.238570549572118429e-01 -4.951571845753925671e-02
3.966304331470922051e+01 3.048700330133269909e-01 6.067437913688393525e-02 -1.956897227086782931e-01 -2.998439971588186259e-02
3.976304331470922193e+01 2.931665521555568699e-01 5.858372276917047511e-02 -4.152061884844723827e-02 -1.195824798159400223e-02
3.986304331470922335e+01 2.956751695981235661e-01 5.827965527011682439e-02 8.783154091355385717e-02 5.963618451197482545e-03
3.996304331470922477e+01 3.104802383139503852e-01 5.981077851050262129e-02 2.108816158370601102e-01 2.491115350378699314e-02
4.006304331470922619e+01 3.375998481669672535e-01 6.332911863788140416e-02 3.205068800849525390e-01 4.586842862587847680e-02
4.016304331470922762e+01 3.718443371042393641e-01 6.907222237275406629e-02 3.554549875971167450e-01 6.941585351825300954e-02
4.026304331470922904e+01 4.078679839766817805e-01 7.728462792227094869e-02 3.633252462532045035e-01 9.511928049281215269e-02
4.036304331470923046e+01 4.442742765210437317e-01 8.813627002882234995e-02 3.612270380827170557e-01 1.220230205275898150e-01
4.046304331470923188e+01 4.785606962170924628e-01 1.016891231873083695e-01 3.157709969897239399e-01 1.489005304288843201e-01
4.056304331470923330e+01 5.064053399100857389e-01 1.178564087764354118e-01 2.411858979874431097e-01 1.739675054555236966e-01
4.066304331470923472e+01 5.275161682119391404e-01 1.363529635653141503e-01 1.814776819562555765e-01 1.951598914221466807e-01
4.076304331470923614e+01 5.411794926433584063e-01 1.566982574560896735e-01 8.442447181809481505e-02 2.106335160716175381e-01
4.086304331470923756e+01 5.447405916113414737e-01 1.782225592979519990e-01 -8.579976831642091573e-03 2.184104557500500254e-01
4.096304331470923898e+01 5.397150281925615634e-01 2.000677026903648625e-01 -8.950831096612139881e-02 2.168239546026413667e-01
4.106304331470924041e+01 5.277114852015901691e-01 2.212391671048727637e-01 -1.471462940922071694e-01 2.048193396788951792e-01
4.116304331470924183e+01 5.120632717349899998e-01 2.406738326340131795e-01 -1.484319658836834588e-01 1.821240759255480235e-01
4.126304331470924325e+01 5.009383483716697283e-01 2.573401040679868523e-01 -6.708659495242795534e-02 1.497672874424313960e-01
4.136304331470924467e+01 4.999086795170080699e-01 2.703879666378998792e-01 5.151608530322923651e-02 1.102592296535365723e-01
4.146304331470924609e+01 5.106843400771496899e-01 2.792645050514523386e-01 1.582375193756383469e-01 6.692477060458074112e-02
4.156304331470924751e+01 5.310473582649767321e-01 2.837580854004991271e-01 2.442115333535489208e-01 2.313940709312502925e-02
4.166304331470924893e+01 5.578275601036866149e-01 2.839790840238741731e-01 2.862142531350746477e-01 -1.807293314774694598e-02
4.176304331470925035e+01 5.877827394689202345e-01 2.803090969836574686e-01 3.070825884982755771e-01 -5.433111509395970734e-02
4.186304331470925177e+01 6.179614799671179215e-01 2.733381617760998195e-01 2.921999686651927663e-01 -8.385812932804304065e-02
4.196304331470925320e+01 6.446567176085767903e-01 2.637962273134742408e-01 2.310003461880449638e-01 -1.056562156468109637e-01
4.206304331470925462e+01 6.632583687376393256e-01 2.524663976555243661e-01 1.407908163635158416e-01 -1.196930997593202289e-01
4.216304331470925604e+01 6.717083672827796059e-01 2.400925012819689619e-01 1.970549204678601063e-02 -1.267100690167549115e-01
4.226304331470925746e+01 6.665584347949653488e-01 2.273103555563975586e-01 -1.209692626819571515e-01 -1.281641828340445433e-01
4.236304331470925888e+01 6.485251345915722387e-01 2.145808308225443384e-01 -2.312290772681805939e-01 -1.259740306570166779e-01
4.246304331470926030e+01 6.212555765726284207e-01 2.021808311126733204e-01 -3.175956631970637822e-01 -1.218159499746368779e-01
4.256304331470926172e+01 5.842557255805237437e-01 1.902337188514799937e-01 -4.200474511353586848e-01 -1.171867970245101670e-01
4.266304331470926314e+01 5.382969390911697127e-01 1.787052383994386651e-01 -4.944310153226212923e-01 -1.136879682646057127e-01
4.276304331470926456e+01 4.870269382424037841e-01 1.674178632494711383e-01 -5.169515402816551308e-01 -1.125093778157336688e-01
4.286304331470926599e+01 4.373923523604144603e-01 1.561143292348283473e-01 -4.695279143064881588e-01 -1.139630410789086723e-01
4.296304331470926741e+01 3.942484965741401837e-01 1.445605757931880120e-01 -3.827607464509321655e-01 -1.173375558989533246e-01
4.306304331470926883e+01 3.632666059686147086e-01 1.326307378875066223e-01 -2.292680139529014727e-01 -1.211588113600083477e-01
4.316304331470927025e+01 3.487981511965841386e-01 1.203910466309227739e-01 -6.190737633867113288e-02 -1.231103260690266932e-01
4.326304331470927167e+01 3.494434713593017050e-01 1.081527923198132429e-01 6.361534770958118812e-02 -1.207650698259546684e-01
4.336304331470927309e+01 3.602422939955949310e-01 9.643867193544920779e-02 1.518765104015773748e-01 -1.124261344007102259e-01
4.346304331470927451e+01 3.792798999053655362e-01 8.589915486259831756e-02 2.237121967035294590e-01 -9.715708351776256024e-02
4.356304331470927593e+01 4.051679740485796266e-01 7.725206871331367908e-02 2.981377045968338635e-01 -7.455051537822351970e-02
4.366304331470927735e+01 4.370866335752748855e-01 7.123607111859087127e-02 3.192811044691301059e-01 -4.457191928740437264e-02
4.376304331470927877e+01 4.666761606443098342e-01 6.855079017606358072e-02 2.746764058821349330e-01 -8.240716563937176831e-03
4.386304331470928020e+01 4.922060053528296564e-01 6.973012898713509822e-02 2.282029160002482515e-01 3.235186715547263420e-02
4.396304331470928162e+01 5.104201677560384898e-01 7.508144661594529090e-02 1.295839783167997694e-01 7.472296050665550027e-02
4.406304331470928304e+01 5.174624586313236740e-01 8.462823481318196284e-02 1.282716965665760267e-02 1.156921693106457427e-01
4.416304331470928446e+01 5.143228448230019456e-01 9.806128276420561507e-02 -6.957577612054488547e-02 1.519291193046933552e-01
4.426304331470928588e+01 5.037834651185332246e-01 1.147642557354055098e-01 -1.394132592653817559e-01 1.806850102454578555e-01
4.436304331470928730e+01 4.878480835163656604e-01 1.338759859095802474e-01 -1.707750152919018938e-01 1.998061666765058586e-01
4.446304331470928872e+01 4.712071324625331514e-01 1.543621564079908637e-01 -1.517411398677165901e-01 2.080651576893843835e-01
4.456304331470929014e+01 4.597525426913577351e-01 1.751251555676356653e-01 -6.986693568111849995e-02 2.054558581178877463e-01
4.466304331470929156e+01 4.578217205727402872e-01 1.951322859456784131e-01 3.235809430811988074e-02 1.932369121503521026e-01
4.476304331470929299e+01 4.663286209278096339e-01 2.135182458452970500e-01 1.379161622708763302e-01 1.734018240578356629e-01
4.486304331470929441e+01 4.853606879252261863e-01 2.296375142285984328e-01 2.396059412292590451e-01 1.483194540762206581e-01
4.496304331470929583e+01 5.126370083415021650e-01 2.430900162371354700e-01 2.971571912332688359e-01 1.204541673623875098e-01
4.506304331470929725e+01 5.440960516405221048e-01 2.537036371693095482e-01 3.305211953796748925e-01 9.183951411738268400e-02
4.516304331470929867e+01 5.770440828021451418e-01 2.614884882851159498e-01 3.145155864157643810e-01 6.411534556180235878e-02
4.526304331470930009e+01 6.054757531704141327e-01 2.665877965948993955e-01 2.560895551148978377e-01 3.820098424703372020e-02
4.536304331470930151e+01 6.290632087716584442e-01 2.691998561549278079e-01 2.165205800569420802e-01 1.442998959362091702e-02
4.546304331470930293e+01 6.485839929592520647e-01 2.695584303737310616e-01 1.725566930113353881e-01 -6.808643733903455009e-03
4.556304331470930435e+01 6.629045574676860619e-01 2.679308493530652147e-01 1.090375364441937278e-01 -2.527951111060149081e-02
4.566304331470930578e+01 6.697394681470167921e-01 2.645901915851728292e-01 2.621655832092116556e-02 -4.113331041555946810e-02
4.576304331470930720e+01 6.682578290318857972e-01 2.597745231135631938e-01 -5.319955563034409196e-02 -5.487841155261604514e-02
4.586304331470930862e+01 6.591259090951107069e-01 2.536658701559145745e-01 -1.334780777071007951e-01 -6.708517437915553772e-02
4.596304331470931004e+01 6.413275378714297092e-01 2.463867541986702325e-01 -2.178501659949588221e-01 -7.841809079792549930e-02
4.606304331470931146e+01 6.165404164133074794e-01 2.379879211782654214e-01 -2.737317630102463761e-01 -8.956721720943891518e-02
4.616304331470931288e+01 5.883060909027031382e-01 2.284686592832410323e-01 -2.798372358554614414e-01 -1.008304719218772183e-01
4.626304331470931430e+01 5.617658222506457522e-01 2.178302515509950577e-01 -2.485677437271409662e-01 -1.118250054298031704e-01
4.636304331470931572e+01 5.391486337761099978e-01 2.061425093445266865e-01 -2.032817402034251542e-01 -1.216474670221938253e-01
4.646304331470931714e+01 5.208142128156153516e-01 1.935744465538497272e-01 -1.621987440586181717e-01 -1.292664788674034171e-01
4.656304331470931857e+01 5.074513688256905297e-01 1.803943549696016557e-01 -1.022395570243641028e-01 -1.337245404844196184e-01
4.666304331470931999e+01 5.006879440678121407e-01 1.669695583785108239e-01 -3.327263477483276277e-02 -1.339834671174741088e-01
4.676304331470932141e+01 4.997439503083486168e-01 1.537699860691403297e-01 5.321575778369447285e-03 -1.290956144726224109e-01
4.686304331470932283e+01 4.995800897697527665e-01 1.413328718231714742e-01 -2.118017388464049980e-02 -1.187735339402984508e-01
4.696304331470932425e+01 4.943344696140073435e-01 1.301699668388955622e-01 -7.697505041950887528e-02 -1.038327363059099034e-01
4.706304331470932567e+01 4.861623566806529406e-01 1.206758701380473281e-01 -8.372169339896595730e-02 -8.558231197491454612e-02
4.716304331470932709e+01 4.772376225414355910e-01 1.131321940615569871e-01 -9.674352175377436136e-02 -6.498032955601990013e-02
4.726304331470932851e+01 4.659148047045268970e-01 1.077225355448240968e-01 -1.335026825374122927e-01 -4.311122543184375822e-02
4.736304331470932993e+01 4.511977389471846234e-01 1.045053689719525059e-01 -1.572885774330172737e-01 -2.136943143991179919e-02
4.746304331470933136e+01 4.337751470286460576e-01 1.034007607118973687e-01 -1.919959896197812599e-01 -1.072787833556947817e-03
4.756304331470933278e+01 4.145285300504539805e-01 1.041999957772410390e-01 -1.847564930139729000e-01 1.652889290157432203e-02
4.766304331470933420e+01 3.972704016383576953e-01 1.065936822096620329e-01 -1.551730572345358106e-01 3.075541344115862580e-02
4.776304331470933562e+01 3.853854541627605435e-01 1.102345287292356979e-01 -7.820846919615762061e-02 4.151772200477932273e-02
4.786304331470933704e+01 3.811986878447534699e-01 1.148010221377634144e-01 -6.337414250059500431e-03 4.939137588679003155e-02
4.796304331470933846e+01 3.848572168966303830e-01 1.200414476189714391e-01 8.352046486077678578e-02 5.513874132369301490e-02
4.806304331470933988e+01 3.981138440061166572e-01 1.257924834689239380e-01 1.817254859263012778e-01 5.980196072892950132e-02
4.816304331470934130e+01 4.216235578788165017e-01 1.320067370560684128e-01 2.899468235506015290e-01 6.461830471052332214e-02
4.826304331470934272e+01 4.549311834426515988e-01 1.387652062966527322e-01 3.642141236539072069e-01 7.088676337335644839e-02
4.836304331470934414e+01 4.927199332230095541e-01 1.462589254517526194e-01 3.893667786527663655e-01 7.937330255279721747e-02
4.846304331470934557e+01 5.330228772781165913e-01 1.547162024508580425e-01 4.159160671328088199e-01 9.014975431992196253e-02
4.856304331470934699e+01 5.737857028178088292e-01 1.643607330565864111e-01 3.802526240078866748e-01 1.030469776586152159e-01
4.866304331470934841e+01 6.064419327465053744e-01 1.753604201682619490e-01 2.707528400317520956e-01 1.169509279757419001e-01
4.876304331470934983e+01 6.277140005623318419e-01 1.877150076742208074e-01 1.485594739042335466e-01 1.297750286164283395e-01
4.886304331470935125e+01 6.351243378174572518e-01 2.012014324739352933e-01 2.302515037838348544e-04 1.391694418845479120e-01
4.896304331470935267e+01 6.288915351334901649e-01 2.153520377075493486e-01 -1.159253095569472980e-01 1.426827799891746684e-01
4.906304331470935409e+01 6.136717672981413241e-01 2.294814699981204409e-01 -1.818833673234721005e-01 1.385357001424703249e-01
4.916304331470935551e+01 5.939956791911132905e-01 2.427773122912905701e-01 -2.024493064280749322e-01 1.259657566316740862e-01
4.926304331470935693e+01 5.747709668621014956e-01 2.544015446525877966e-01 -1.729044016683979057e-01 1.052380161510391571e-01
4.936304331470935836e+01 5.623962551984599267e-01 2.635976008643681756e-01 -6.024356581144106604e-02 7.774387916005257027e-02
4.946304331470935978e+01 5.636539880586682871e-01 2.698154264883448894e-01 8.559798929591631855e-02 4.622107446324399266e-02
4.956304331470936120e+01 5.794234921672485328e-01 2.728214277484597994e-01 2.224204150962380000e-01 1.408644996903871127e-02
4.966304331470936262e+01 6.058486468671632208e-01 2.727211101600938159e-01 2.991835700785815955e-01 -1.543262585085535682e-02
4.976304331470936404e+01 6.381374829698643891e-01 2.699023702504069755e-01 3.359605442816087639e-01 -3.995056723752938438e-02
4.986304331470936546e+01 6.710230623336558287e-01 2.649489190212362399e-01 3.159088462741952985e-01 -5.796855934043045749e-02
4.996304331470936688e+01 7.000346016737352128e-01 2.585420377602263287e-01 2.572880221178071025e-01 -6.901356135891359433e-02
5.006304331470936830e+01 7.211721686629468664e-01 2.513661855816180513e-01 1.537570568002524785e-01 -7.348781322153200013e-02
5.016304331470936972e+01 7.277982066440575881e-01 2.440180443437984792e-01 -2.810467709075981091e-02 -7.280533994947868681e-02
5.026304331470937115e+01 7.162044722702046728e-01 2.368924408692624772e-01 -1.996530087387229646e-01 -6.949692046133230938e-02
5.036304331470937257e+01 6.884680695192135769e-01 2.301183400639344456e-01 -3.478384826935850271e-01 -6.619007756871833625e-02
5.046304331470937399e+01 6.487262762390663129e-01 2.235797166110772283e-01 -4.354780915676357833e-01 -6.509125790580311266e-02
5.056304331470937541e+01 6.040352895676320832e-01 2.169829489849015580e-01 -4.458966749842304678e-01 -6.746367287611244878e-02
5.066304331470937683e+01 5.614458095110669289e-01 2.099684266791815024e-01 -3.950398559890853645e-01 -7.336070395241116315e-02
5.076304331470937825e+01 5.273308352945982325e-01 2.022265546285137161e-01 -2.809934564300342608e-01 -8.174864581060110880e-02
5.086304331470937967e+01 5.057627063379522836e-01 1.936003171053400362e-01 -1.477933169617643427e-01 -9.067992115507061968e-02
5.096304331470938109e+01 4.974732945161068343e-01 1.841486172592033954e-01 -2.343411694258851208e-02 -9.787648081962520286e-02
5.106304331470938251e+01 5.006637451317660359e-01 1.741528456377043621e-01 8.550742535615274420e-02 -1.012488873475379941e-01
5.116304331470938394e+01 5.126950156588107044e-01 1.640822161619988062e-01 1.437363719204776680e-01 -9.915533181893329551e-02
5.126304331470938536e+01 5.280232607168704462e-01 1.545300262545991343e-01 1.531813794122161010e-01 -9.084256775536388162e-02
5.136304331470938678e+01 5.405106089822742099e-01 1.461123186796690621e-01 8.859959059498528910e-02 -7.662030838714702086e-02
5.146304331470938820e+01 5.461900101608826441e-01 1.393554805938092556e-01 2.867220548051348239e-02 -5.791156373079524300e-02
5.156304331470938962e+01 5.459435048547363056e-01 1.346234314144119648e-01 -3.735332575081018458e-02 -3.640954736096566058e-02
5.166304331470939104e+01 5.383571109947790090e-01 1.321045321063151756e-01 -1.120380717916370089e-01 -1.398480450930007432e-02
5.176304331470939246e+01 5.246206769668935177e-01 1.317912262555500091e-01 -1.599222768787227633e-01 7.399323618366763361e-03
5.186304331470939388e+01 5.060409433011319180e-01 1.334948705146761783e-01 -2.115039571601204926e-01 2.609605339660060058e-02
5.196304331470939530e+01 4.830699742415492937e-01 1.368709474699319750e-01 -2.450646963930634969e-01 4.062498196038587944e-02
5.206304331470939672e+01 4.581588545912065880e-01 1.414442384754576454e-01 -2.387914303731468735e-01 4.990939789953784123e-02
5.216304331470939815e+01 4.385453741593483556e-01 1.466702220314354543e-01 -1.449649754562394033e-01 5.376941086240927259e-02
5.226304331470939957e+01 4.298434402645224806e-01 1.520540080130067806e-01 -2.367141456291659007e-02 5.332178631384341949e-02
5.236304331470940099e+01 4.348797527597549895e-01 1.572507203535672693e-01 1.246267003104780807e-01 5.037739837133056731e-02
5.246304331470940241e+01 4.543740482086248145e-01 1.621202022979914004e-01 2.655636751235449511e-01 4.714964293846531790e-02
5.256304331470940383e+01 4.879732442967166239e-01 1.667443565862315458e-01 4.015544078222618718e-01 4.583025778737137568e-02
5.266304331470940525e+01 5.332205558594690364e-01 1.714157654432745814e-01 4.977484818036745917e-01 4.837003756928998782e-02
5.276304331470940667e+01 5.861194653757272333e-01 1.765903398555053461e-01 5.465351025584612721e-01 5.604130146214848784e-02
5.286304331470940809e+01 6.391274694908071208e-01 1.828058193428877265e-01 5.011160457355465780e-01 6.911004159009585812e-02
5.296304331470940951e+01 6.851839322109878339e-01 1.905546976148628502e-01 4.147648842930219959e-01 8.642698654067790254e-02
5.306304331470941094e+01 7.201215615907406997e-01 2.001660648930128072e-01 2.743178341204444148e-01 1.059572401494267013e-01
5.316304331470941236e+01 7.398739878777454981e-01 2.117265656993369549e-01 1.272117799122860216e-01 1.248992788387785352e-01
5.326304331470941378e+01 7.460560251070452731e-01 2.250295706979537624e-01 -8.292713049300404204e-03 1.403611327387743191e-01
5.336304331470941520e+01 7.374679991422934400e-01 2.395942357297613512e-01 -1.621089571046562816e-01 1.496841834781894587e-01
5.346304331470941662e+01 7.144104617156982195e-01 2.546760718704611515e-01 -2.926971738718082139e-01 1.503204786735323761e-01
5.356304331470941804e+01 6.810281229930843505e-01 2.693061117080612354e-01 -3.655539709606497323e-01 1.404348971635356602e-01
5.366304331470941946e+01 6.416667632415100631e-01 2.823890844307368475e-01 -4.202313268471071228e-01 1.193504664375164004e-01
5.376304331470942088e+01 5.993414420823959254e-01 2.928080833620900769e-01 -4.093390006434360906e-01 8.727318833599527481e-02
5.386304331470942230e+01 5.617712791742260903e-01 2.995270432425907181e-01 -3.375281041793263825e-01 4.573615027465238736e-02
5.396304331470942373e+01 5.333541062068444250e-01 3.017323248610223052e-01 -2.200055448957032589e-01 -2.458094669925081632e-03
5.406304331470942515e+01 5.198058114746039182e-01 2.989383335219450433e-01 -4.269169953533749617e-02 -5.353144181297293802e-02
5.416304331470942657e+01 5.257107281039201663e-01 2.910861911109527966e-01 1.598829747305350046e-01 -1.027898157660617762e-01
5.426304331470942799e+01 5.504280860563253164e-01 2.786056631221800473e-01 3.230833686960812301e-01 -1.453183448764840402e-01
5.436304331470942941e+01 5.879451883462735173e-01 2.623845293668934930e-01 4.162471706326836274e-01 -1.770354208188049949e-01
5.446304331470943083e+01 6.308394848262794952e-01 2.436485083019173103e-01 4.228798811314722350e-01 -1.953145321337970697e-01
5.456304331470943225e+01 6.694368934522397785e-01 2.237983182767735724e-01 3.406844843152112556e-01 -1.993563008401479375e-01
5.466304331470943367e+01 6.972449978163320905e-01 2.042197381527784961e-01 2.027800459439332847e-01 -1.901675144518150118e-01
5.476304331470943509e+01 7.079613330224107104e-01 1.861260748474651006e-01 6.871666648373325748e-03 -1.701852238328242783e-01
5.486304331470943652e+01 6.978883373940458767e-01 1.704214430260238278e-01 -2.117210908504603695e-01 -1.430616603962977518e-01
5.496304331470943794e+01 6.657263224976578408e-01 1.576089860268608256e-01 -4.268912083474478703e-01 -1.130833131811480735e-01
5.506304331470943936e+01 6.142064064396064449e-01 1.477553717086747542e-01 -5.898884018199533896e-01 -8.456090736414904885e-02
5.516304331470944078e+01 5.510800842428118518e-01 1.405309437003217643e-01 -6.556551834450704552e-01 -6.095972666495406977e-02
5.526304331470944220e+01 4.863660369004704220e-01 1.353340475663428466e-01 -6.250151933000056559e-01 -4.418369584235541658e-02
5.536304331470944362e+01 4.273960853156457684e-01 1.314556369957561865e-01 -5.508977071703090589e-01 -3.453642038194952579e-02
5.546304331470944504e+01 3.776735916646729585e-01 1.282113727546909110e-01 -4.349459085755530974e-01 -3.131956099355322209e-02
5.556304331470944646e+01 3.416428970302952672e-01 1.250282498644243734e-01 -2.784515874417293757e-01 -3.298215368115915702e-02
5.566304331470944788e+01 3.233949186502242390e-01 1.215303847984282315e-01 -8.550230897386384976e-02 -3.715741025831908323e-02
5.576304331470944931e+01 3.239409613490612516e-01 1.176096610311848228e-01 9.424166133148717539e-02 -4.095487140061179754e-02
5.586304331470945073e+01 3.410975882172427864e-01 1.134438916415177051e-01 2.361780905131018460e-01 -4.163890300302008213e-02
5.596304331470945215e+01 3.682628100268356408e-01 1.094534391190467165e-01 2.923126675688644260e-01 -3.722504257724477961e-02
5.606304331470945357e+01 3.965761169691540688e-01 1.061898308603616142e-01 2.648400042179354652e-01 -2.713296371460678647e-02
5.616304331470945499e+01 4.212963790531924491e-01 1.041920637764235658e-01 2.311403777253736025e-01 -1.208956707632806438e-02
5.626304331470945641e+01 4.420277582297532648e-01 1.038985500662284456e-01 1.791949417197823413e-01 6.735228812654120434e-03
5.636304331470945783e+01 4.559091927724512883e-01 1.056136110420355378e-01 8.603242664389951222e-02 2.777374119657423715e-02
5.646304331470945925e+01 4.578278929758638482e-01 1.094520376543829804e-01 -4.104702230838269683e-02 4.875538279207436432e-02
5.656304331470946067e+01 4.495837063001719147e-01 1.152756878826671078e-01 -1.200607546844666279e-01 6.709726631307558198e-02
5.666304331470946209e+01 4.351045026289528939e-01 1.227184141002749668e-01 -1.564779387451992743e-01 8.087212381755629065e-02
5.676304331470946352e+01 4.200582838684540077e-01 1.312615664843628516e-01 -1.434422681583829295e-01 8.902276067418979366e-02
5.686304331470946494e+01 4.065401589662348547e-01 1.403283725297184426e-01 -1.235273678435100109e-01 9.134598167965014837e-02
5.696304331470946636e+01 3.966335564978284989e-01 1.493439316429679697e-01 -6.555351490304101025e-02 8.809099481396107101e-02
5.706304331470946778e+01 3.948911412203583438e-01 1.577932941432802216e-01 3.439629468794788703e-02 8.026500174105047347e-02
5.716304331470946920e+01 4.041248318052234612e-01 1.653027709351077290e-01 1.521006374311600073e-01 6.962710167899018032e-02
5.726304331470947062e+01 4.249182314981631570e-01 1.716956597338976098e-01 2.615284969609253940e-01 5.829294497031081712e-02
5.736304331470947204e+01 4.559519967941537688e-01 1.770071228386714546e-01 3.495621291451874724e-01 4.832278923916913382e-02
5.746304331470947346e+01 4.921682747991041329e-01 1.814597437342165553e-01 3.686880514791782137e-01 4.129639802224852746e-02
5.756304331470947488e+01 5.293776765253049854e-01 1.853866528966654770e-01 3.676191665795692232e-01 3.786811609119744571e-02
5.766304331470947631e+01 5.636616958824514079e-01 1.891555388772694357e-01 3.150472163818677229e-01 3.807081755186807887e-02
5.776304331470947773e+01 5.926357620615350097e-01 1.930988950828358697e-01 2.645328418353845579e-01 4.121557744640744203e-02
5.786304331470947915e+01 6.164952017514080396e-01 1.974675455420314973e-01 2.096374026217960040e-01 4.642244154757146218e-02
5.796304331470948057e+01 6.326175242240565932e-01 2.024165005600661871e-01 1.027120462922706118e-01 5.259263065920036923e-02
5.806304331470948199e+01 6.366774471303825456e-01 2.079596872451696943e-01 -1.763188388505444737e-02 5.796831209857253309e-02
5.816304331470948341e+01 6.304778752664967900e-01 2.139195955530549254e-01 -9.467389760417735389e-02 6.065070180561318164e-02
5.826304331470948483e+01 6.198922604272816272e-01 2.199599401028300982e-01 -1.132833540255253069e-01 5.947194532991824378e-02
5.836304331470948625e+01 6.075708502534932220e-01 2.256752734628514612e-01 -1.347130893519241368e-01 5.413359404975052330e-02
5.846304331470948767e+01 5.932516306560066122e-01 2.306457350650618909e-01 -1.464174382075039971e-01 4.457841590244062541e-02
5.856304331470948910e+01 5.794486008656093423e-01 2.344590469890082407e-01 -1.253228537074092819e-01 3.108825214162951392e-02
5.866304331470949052e+01 5.695865961331774141e-01 2.367613390389252392e-01 -6.315549086552779690e-02 1.456133887540828759e-02
5.876304331470949194e+01 5.662622997889346088e-01 2.373215853604960235e-01 -1.710787490637245833e-02 -3.464791130650232004e-03
5.886304331470949336e+01 5.651983546838957873e-01 2.360652956844075945e-01 2.845781566332878515e-03 -2.159512170367161935e-02
5.896304331470949478e+01 5.671191187786630561e-01 2.330358479713739717e-01 2.825715118258428915e-02 -3.872522187897040752e-02
5.906304331470949620e+01 5.705433130087045335e-01 2.283890376531646782e-01 4.652202429728034827e-02 -5.379758624215798951e-02
5.916304331470949762e+01 5.767725029787174051e-01 2.223758538289164199e-01 7.200744589958994746e-02 -6.588454372063182185e-02
5.926304331470949904e+01 5.837509865025891642e-01 2.153392114996713069e-01 6.619261797469956632e-02 -7.418082386648189308e-02
5.936304331470950046e+01 5.902970874953514802e-01 2.076766097113912357e-01 6.451047470265443284e-02 -7.837109990714842545e-02
5.946304331470950189e+01 5.962317901131186648e-01 1.998060210377041457e-01 5.570804634200917510e-02 -7.834234247595095457e-02
5.956304331470950331e+01 6.023378568332120597e-01 1.921461015361145830e-01 6.485515093325405767e-02 -7.416791326076598023e-02
5.966304331470950473e+01 6.072634686857414366e-01 1.851061132716859958e-01 2.424408568728295132e-02 -6.601765711958322569e-02
5.976304331470950615e+01 6.060163790588215527e-01 1.790451985288938341e-01 -5.400708125825555428e-02 -5.480910201083656619e-02
5.986304331470950757e+01 5.967931811074014270e-01 1.741940088193922043e-01 -1.207630851140418099e-01 -4.210571577145733047e-02
5.996304331470950899e+01 5.829177098161191228e-01 1.706247526982979101e-01 -1.593248684024498596e-01 -2.936752846023064564e-02
6.000000000000000000e+01 5.767274916435105592e-01 1.696229449049123372e-01 -1.750460719673108956e-01 -2.487770654054950736e-02
