time[s] x1[m] x2[m] x1_dot[m/s] x2_dot[m/s]
0.000000000000000000e+00 0.000000000000000000e+00 0.000000000000000000e+00 0.000000000000000000e+00 0.000000000000000000e+00
9.999999999999999124e-05 2.836189496557366842e-08 3.408544589078090137e-15 5.672357325353920721e-04 1.025991283749548330e-10
1.100000000000000066e-03 3.431523172857264977e-06 4.993000657279171419e-12 6.238862986108316931e-03 1.407347563579732206e-08
1.110000000000000049e-02 3.491047981179056241e-04 9.814869548294417583e-09 6.286640781696760383e-02 3.120793454466333159e-06
6.408994065644660343e-02 1.154188354639932614e-02 6.636267737538034966e-06 3.576960989050446127e-01 3.996336533184544440e-04
1.640899406564466090e-01 7.334344052290218963e-02 2.573387090385649708e-04 8.648505641245883835e-01 6.125523764129022983e-03
2.640899406564466423e-01 1.802879154774811865e-01 1.642414861598412434e-03 1.242220765376311320e+00 2.409387810306724831e-02
3.640899406564466201e-01 3.152347564221592013e-01 5.638880724806249502e-03 1.431740891498614277e+00 5.882908746422531310e-02
4.640899406564465979e-01 4.624108246284797663e-01 1.401300156461015439e-02 1.486457734405910225e+00 1.116215471179127783e-01
5.640899406564465757e-01 6.058834774178726290e-01 2.851543643262947902e-02 1.343219998159143724e+00 1.808611433803379853e-01
6.640899406564465535e-01 7.237295658340429094e-01 5.056678587962902538e-02 9.912877577438822252e-01 2.614268564455616284e-01
7.640899406564465313e-01 8.027058811708028818e-01 8.090199747941113906e-02 5.849888081598861866e-01 3.450034889966284712e-01
8.640899406564465091e-01 8.399763221844213090e-01 1.193547520115146865e-01 1.633963221442170100e-01 4.221946888014851407e-01
9.640899406564464869e-01 8.369915161517107460e-01 1.648187680602831162e-01 -2.151099041604659368e-01 4.837649582389768610e-01
1.064089940656446576e+00 7.999042746664175585e-01 2.153186092672656760e-01 -5.015915957109182699e-01 5.217366012017718990e-01
1.164089940656446664e+00 7.421546864101105090e-01 2.681900484226562575e-01 -6.244933547074861258e-01 5.305462958803220941e-01
1.264089940656446753e+00 6.818554048160000436e-01 3.203848730235563380e-01 -5.501110599469254403e-01 5.082081951858984370e-01
1.364089940656446842e+00 6.354935933104781665e-01 3.688565715673171597e-01 -3.673013958082015362e-01 4.567043472688183114e-01
1.464089940656446931e+00 6.108652297239428597e-01 4.109131842541994817e-01 -1.163306296504632020e-01 3.808946367942595002e-01
1.564089940656447020e+00 6.125583270299931327e-01 4.444505165944792613e-01 1.500668063301920374e-01 2.875649761918173120e-01
1.664089940656447109e+00 6.406470165489744906e-01 4.681016129329534370e-01 4.059369544374130112e-01 1.845096921522426381e-01
1.764089940656447197e+00 6.921214313785850614e-01 4.812952077169825871e-01 6.153789998842572606e-01 7.971700845232011778e-02
1.864089940656447286e+00 7.615155094056385021e-01 4.842352902507964241e-01 7.574350536823117874e-01 -1.940664147441011067e-02
1.964089940656447375e+00 8.399861292439660954e-01 4.778097511737049996e-01 7.900551531111615899e-01 -1.067226226967118163e-01
2.064089940656447464e+00 9.147333466346941888e-01 4.634221238247261399e-01 6.825326566771559023e-01 -1.781888383766037642e-01
2.164089940656447553e+00 9.723795737027363106e-01 4.427502769830247153e-01 4.498419863578049238e-01 -2.323896019879577446e-01
2.264089940656447641e+00 1.001246762231257081e+00 4.174846314815592874e-01 1.163909095887808443e-01 -2.704498088606112072e-01
2.364089940656447730e+00 9.944483604701924717e-01 3.890935809424364011e-01 -2.548067341364642635e-01 -2.955479731927557197e-01
2.464089940656447819e+00 9.503841504365225790e-01 3.586646695237843963e-01 -6.227154300121309216e-01 -3.119685075615607484e-01
2.564089940656447908e+00 8.723150190201029996e-01 3.268366930175298224e-01 -9.158863765554163816e-01 -3.242553537231732674e-01
2.664089940656447997e+00 7.719274437583454329e-01 2.938294876982202597e-01 -1.075913156187035424e+00 -3.359998203775160786e-01
2.764089940656448086e+00 6.598679419948966229e-01 2.595913327056292852e-01 -1.146647143665861623e+00 -3.490652538141787997e-01
2.864089940656448174e+00 5.465638561542467411e-01 2.239577791873884616e-01 -1.103124744671091895e+00 -3.638311367879013547e-01
2.964089940656448263e+00 4.424629511746130950e-01 1.868088068889867115e-01 -9.606378906347400326e-01 -3.790385884379073311e-01
3.064089940656448352e+00 3.578390190049395292e-01 1.482253804330659896e-01 -7.187637177551501333e-01 -3.919406293089083837e-01
3.164089940656448441e+00 2.999148367491014100e-01 1.086299629729831906e-01 -4.417222761663354147e-01 -3.985560004856261163e-01
3.264089940656448530e+00 2.687041009293638094e-01 6.886447379110360867e-02 -1.842148140369748721e-01 -3.946876832780188415e-01
3.364089940656448618e+00 2.620750326554383558e-01 3.016083535899501816e-02 3.872540067108293238e-02 -3.768011549740294397e-01
3.464089940656448707e+00 2.735614365531354730e-01 -5.948063013535530297e-03 1.807531856546633342e-01 -3.425474893726216385e-01
3.564089940656448796e+00 2.962570288320986456e-01 -3.778129040467282512e-02 2.584987918583148137e-01 -2.913249012586313635e-01
3.664089940656448885e+00 3.217692193595261818e-01 -6.368339773085228417e-02 2.375235612462570089e-01 -2.242852888525736776e-01
3.764089940656448974e+00 3.426149631144568830e-01 -8.221289630211581212e-02 1.796493112881300258e-01 -1.445156281632376527e-01
3.864089940656449063e+00 3.571320894523768441e-01 -9.230149606174045673e-02 1.024198863668057818e-01 -5.621667730802921981e-02
3.964089940656449151e+00 3.614595009975784534e-01 -9.333446129431657856e-02 -2.054927746526358234e-02 3.570645927046248169e-02
4.064089940656448796e+00 3.530583332996800605e-01 -8.522626692508072921e-02 -1.414945125826981842e-01 1.256511563896525185e-01
4.164089940656448441e+00 3.349995294929452583e-01 -6.845319076158638827e-02 -2.124873180725576072e-01 2.081632488249705037e-01
4.264089940656448086e+00 3.114153330694232613e-01 -4.399298810700417312e-02 -2.527683586053159903e-01 2.787226334112347104e-01
4.364089940656447730e+00 2.867485668027261458e-01 -1.322440649454436484e-02 -2.264936032999127768e-01 3.338649623044353532e-01
4.464089940656447375e+00 2.686043656317652628e-01 2.220120557517221704e-02 -1.286680104382975087e-01 3.717026110689827245e-01
4.564089940656447020e+00 2.615092484974865239e-01 6.053096490023603810e-02 -9.583865332745036825e-03 3.920174909891425141e-01
4.664089940656446664e+00 2.691498080509742707e-01 1.000513557696588451e-01 1.778600456336640323e-01 3.957919832506971436e-01
4.764089940656446309e+00 2.980739491262389129e-01 1.392215786121623888e-01 3.954121250249863495e-01 3.855656499291684747e-01
4.864089940656445954e+00 3.473749362219760717e-01 1.768151069949116805e-01 5.901573455641375698e-01 3.648617316391702392e-01
4.964089940656445599e+00 4.154847847162469465e-01 2.119683144704694877e-01 7.615535617585453831e-01 3.373898500581402060e-01
5.064089940656445243e+00 4.968689092099758953e-01 2.441865558602191455e-01 8.551313911819110603e-01 3.066870101954610184e-01
5.164089940656444888e+00 5.850160291028376758e-01 2.732881713443719440e-01 8.974641015262937449e-01 2.754375622289643166e-01
5.264089940656444533e+00 6.733413193639916638e-01 2.993187779833262896e-01 8.541638313573838293e-01 2.454837428922774789e-01
5.364089940656444178e+00 7.530484868956411892e-01 3.224501063401239431e-01 7.242643026953288210e-01 2.174425984986356752e-01
5.464089940656443822e+00 8.157459988241578808e-01 3.428482484218184911e-01 5.247009917168885540e-01 1.905935012628588443e-01
5.564089940656443467e+00 8.572629040496286823e-01 3.605521617844216764e-01 3.001849704283849896e-01 1.632347920335503744e-01
5.664089940656443112e+00 8.756026694558218804e-01 3.754087768737667807e-01 7.222380618171359012e-02 1.332844545135035419e-01
5.764089940656442757e+00 8.727552967078571200e-01 3.870561653557516024e-01 -1.260949105977092755e-01 9.876810506759695074e-02
5.864089940656442401e+00 8.517506214715137025e-01 3.949630704035524409e-01 -2.808868008371924185e-01 5.830041872853593266e-02
5.964089940656442046e+00 8.196706060279744799e-01 3.985017653007443261e-01 -3.483109173963672700e-01 1.145112116718877138e-02
6.064089940656441691e+00 7.833958212059530801e-01 3.970717688693772840e-01 -3.713191827077149121e-01 -4.081805672058264056e-02
6.164089940656441335e+00 7.474234559631918184e-01 3.902205988177895879e-01 -3.400274561848247723e-01 -9.657958128728444391e-02
6.264089940656440980e+00 7.155360949249085500e-01 3.777307505689863620e-01 -2.963015672471119855e-01 -1.530913469016349227e-01
6.364089940656440625e+00 6.893119888331523670e-01 3.596792178612406854e-01 -2.294972424918936271e-01 -2.072829332480969344e-01
6.464089940656440270e+00 6.671852061085578045e-01 3.364560018411365538e-01 -2.228341146699674702e-01 -2.560628061423717017e-01
6.564089940656439914e+00 6.445661593897966668e-01 3.087216923719350858e-01 -2.319924050911575386e-01 -2.972038301020653583e-01
6.664089940656439559e+00 6.190009133540199660e-01 2.773214727691482584e-01 -2.859747072034636295e-01 -3.291968169615849260e-01
6.764089940656439204e+00 5.874263657017682050e-01 2.432083626377618546e-01 -3.436863780231576571e-01 -3.514208482503052844e-01
6.864089940656438849e+00 5.501869368127679794e-01 2.073660869684866848e-01 -4.013973751071236440e-01 -3.637967629143975534e-01
6.964089940656438493e+00 5.074775286210236880e-01 1.707672575861461928e-01 -4.496170907540047446e-01 -3.666336565432060657e-01
7.064089940656438138e+00 4.608216577286963767e-01 1.343382914696883146e-01 -4.834045408532647858e-01 -3.605075220345818066e-01
7.164089940656437783e+00 4.104311909034275563e-01 9.893850994231609408e-02 -5.230844910213077181e-01 -3.462153632420187366e-01
7.264089940656437427e+00 3.577821706065789642e-01 6.533015880925752139e-02 -5.209314635317371378e-01 -3.248617791453369819e-01
7.364089940656437072e+00 3.066430977627406240e-01 3.417117924942698892e-02 -5.028738975078025364e-01 -2.973613146105382188e-01
7.464089940656436717e+00 2.581465007902615238e-01 6.033302054029653083e-03 -4.597773247535065777e-01 -2.645917869121905408e-01
7.564089940656436362e+00 2.151988932524729337e-01 -1.859744446385448724e-02 -3.967987199251834518e-01 -2.273296511836436218e-01
7.664089940656436006e+00 1.804052952006774402e-01 -3.930375871668103510e-02 -2.927330300562787091e-01 -1.861831122608481048e-01
7.764089940656435651e+00 1.562911520483254435e-01 -5.571458540740660548e-02 -1.898585250587463968e-01 -1.414628515109946361e-01
7.864089940656435296e+00 1.439130914362262426e-01 -6.748837392960249648e-02 -5.327206639576106961e-02 -9.348646856180438391e-02
7.964089940656434941e+00 1.444083335338609275e-01 -7.430791394437509523e-02 5.475054432210188504e-02 -4.241436091581700374e-02
8.064089940656435473e+00 1.538589359596387041e-01 -7.588725407065347039e-02 1.304792140084728991e-01 1.116054289393576815e-02
8.164089940656435118e+00 1.706941941359212678e-01 -7.203014908154713181e-02 2.119327492926297296e-01 6.610649280838462594e-02
8.264089940656434763e+00 1.958209377815346430e-01 -6.265856336888528388e-02 2.786299976329840167e-01 1.212664287822300679e-01
8.364089940656434408e+00 2.246764179415647322e-01 -4.781656760841333786e-02 2.954716746391868321e-01 1.752127226107413616e-01
8.464089940656434052e+00 2.539640586634554498e-01 -2.772317040475356584e-02 2.845633486210194518e-01 2.259348582241714198e-01
8.564089940656433697e+00 2.814162144929965859e-01 -2.812862345060635622e-03 2.669356784671008676e-01 2.711648452497292250e-01
8.664089940656433342e+00 3.078955508189893941e-01 2.625525509467887056e-02 2.664379405782655308e-01 3.087767435631927349e-01
8.764089940656432987e+00 3.352342095938549704e-01 5.863545198994744856e-02 2.801959343299807448e-01 3.371977974154414248e-01
8.864089940656432631e+00 3.640699242026949611e-01 9.335458244347624723e-02 2.992242572143449797e-01 3.554283088956431413e-01
8.964089940656432276e+00 3.955643446419209175e-01 1.293653143880284517e-01 3.332864197448999755e-01 3.630067543577841782e-01
9.064089940656431921e+00 4.310660216221328667e-01 1.656066111331255808e-01 3.731443859780261274e-01 3.601246866155905502e-01
9.164089940656431565e+00 4.686405005911919996e-01 2.010628494035396341e-01 3.720950471864116205e-01 3.474118014557135981e-01
9.264089940656431210e+00 5.046851421743787647e-01 2.347797000243604659e-01 3.451745119764518255e-01 3.254227833155580729e-01
9.364089940656430855e+00 5.376862196191221077e-01 2.658568753012119368e-01 3.184889575079035140e-01 2.947306744034199899e-01
9.464089940656430500e+00 5.684639325377439656e-01 2.934661830602892651e-01 2.949062355176569339e-01 2.562606638079496513e-01
9.564089940656430144e+00 5.970408624700296318e-01 3.168927151360703132e-01 2.804552496356412239e-01 2.113169609924257786e-01
9.664089940656429789e+00 6.246458754614130360e-01 3.355696751233000485e-01 2.715686997561007066e-01 1.615839262931537956e-01
9.764089940656429434e+00 6.514624577583064680e-01 3.491157158665479376e-01 2.612839450534281682e-01 1.090428883053636833e-01
9.864089940656429079e+00 6.759225282450258554e-01 3.573522605974882582e-01 2.284329849127805789e-01 5.570945874767645883e-02
9.964089940656428723e+00 6.976607221434315553e-01 3.602922545451301972e-01 2.024303818128910526e-01 3.421092669782854756e-03
1.006408994065642837e+01 7.144829522056850291e-01 3.581296596754287576e-01 1.265136354268473484e-01 -4.610373723916838529e-02
1.016408994065642801e+01 7.226674319106692890e-01 3.511985937822847403e-01 3.704696299214824129e-02 -9.182499276097369489e-02
1.026408994065642766e+01 7.208631118105855995e-01 3.399119072808603481e-01 -8.088993262737304013e-02 -1.331506898563626917e-01
1.036408994065642730e+01 7.058864463847194237e-01 3.247167002985516526e-01 -2.180971855784510360e-01 -1.700434639926067804e-01
1.046408994065642695e+01 6.769423782205663542e-01 3.060369923170865314e-01 -3.609752369304634056e-01 -2.029332359576232758e-01
1.056408994065642659e+01 6.351422218098182748e-01 2.842425598867897030e-01 -4.652455804468564882e-01 -2.324311180254216846e-01
1.066408994065642624e+01 5.851535459959706920e-01 2.596544957729193803e-01 -5.262508411207067471e-01 -2.588039799258436413e-01
1.076408994065642588e+01 5.322521900588568222e-01 2.325947643780639229e-01 -5.245220844172743258e-01 -2.817576509809786578e-01
1.086408994065642553e+01 4.805956772528897636e-01 2.034476036686959366e-01 -5.058887321661738046e-01 -3.003738754862662064e-01
1.096408994065642517e+01 4.315628897212332449e-01 1.727000488341090267e-01 -4.743050558974273301e-01 -3.135885580260656114e-01
1.106408994065642482e+01 3.869604688384942204e-01 1.409442326429221348e-01 -4.079125933616409849e-01 -3.203637334152981131e-01
1.116408994065642446e+01 3.496286879317345164e-01 1.088820457616409831e-01 -3.491112225255673107e-01 -3.195137634804607329e-01
1.126408994065642410e+01 3.169986720922515766e-01 7.732287804767540296e-02 -2.959613683484628721e-01 -3.102337695592460309e-01
1.136408994065642375e+01 2.904878798100093418e-01 4.712921124399782613e-02 -2.406482103202373102e-01 -2.921490832856107334e-01
1.146408994065642339e+01 2.682646106499489425e-01 1.918708300203675679e-02 -2.034853943661742992e-01 -2.652638091314992730e-01
1.156408994065642304e+01 2.502025946533298906e-01 -5.649163635028365410e-03 -1.523486595655755838e-01 -2.301522967973805844e-01
1.166408994065642268e+01 2.386003555088294648e-01 -2.659332684056696719e-02 -8.246674497373189527e-02 -1.875388600440492937e-01
1.176408994065642233e+01 2.324361437217269677e-01 -4.293539161911175128e-02 -4.484735896883303152e-02 -1.383067598613820781e-01
1.186408994065642197e+01 2.297230677706517121e-01 -5.408361452867936625e-02 -7.446898613156421876e-03 -8.394818865220396442e-02
1.196408994065642162e+01 2.303232632165324589e-01 -5.961315847362556875e-02 1.069402192257433784e-02 -2.624814441182461711e-02
1.206408994065642126e+01 2.307707999800521770e-01 -5.929484011201763966e-02 -8.052933971711574018e-04 3.258733672885962690e-02
1.216408994065642091e+01 2.300428140353418249e-01 -5.314489014367129727e-02 -1.795162716680998721e-02 8.994660235614354571e-02
1.226408994065642055e+01 2.273534350034784046e-01 -4.144357432867312729e-02 -2.959158519550897370e-02 1.431730829650831316e-01
1.236408994065642020e+01 2.244467588427019877e-01 -2.472824980064251832e-02 -3.094473300843866501e-02 1.898731128242164834e-01
1.246408994065641984e+01 2.219938666333552968e-01 -3.752559788752753145e-03 -7.014593770840321652e-03 2.280898879166986248e-01
1.256408994065641949e+01 2.247099324972030854e-01 2.056565902571797985e-02 6.254765046254905092e-02 2.566210630992384334e-01
1.266408994065641913e+01 2.339780172507587019e-01 4.723976167797352271e-02 1.230101809278855429e-01 2.752021894557705739e-01
1.276408994065641878e+01 2.509929895826220614e-01 7.527970186416635401e-02 2.284253784076190064e-01 2.840303837108696383e-01
1.286408994065641842e+01 2.802636499263480019e-01 1.037579693063364200e-01 3.544424722175113507e-01 2.842422794991601998e-01
1.296408994065641807e+01 3.217514845901224274e-01 1.319007494919534063e-01 4.736772023796894104e-01 2.776403075120111308e-01
1.306408994065641771e+01 3.737454720719829981e-01 1.591245962390884505e-01 5.583748000582376969e-01 2.661837191682954740e-01
1.316408994065641735e+01 4.315831183821557948e-01 1.850323702802453563e-01 5.870789771369492316e-01 2.515517046027577752e-01
1.326408994065641700e+01 4.899299395540679947e-01 2.093641399985521068e-01 5.789303117474622340e-01 2.347818542262779529e-01
1.336408994065641664e+01 5.457127858904644579e-01 2.319370967190254318e-01 5.214315109077870547e-01 2.164399215609180693e-01
1.346408994065641629e+01 5.924292488013099822e-01 2.525977486632790536e-01 4.082750713666675746e-01 1.964441379903628937e-01
1.356408994065641593e+01 6.252747138956595840e-01 2.711442047970702984e-01 2.389432044616316697e-01 1.739692833891325618e-01
1.366408994065641558e+01 6.406873928492045067e-01 2.872616278558318137e-01 7.757870731993640745e-02 1.476085915668650939e-01
1.376408994065641522e+01 6.418932135029195019e-01 3.004959966180931197e-01 -4.590203358212691098e-02 1.161722706148350520e-01
1.386408994065641487e+01 6.336216157459202414e-01 3.103126266153191648e-01 -1.124172448366008020e-01 7.927034419109052488e-02
1.396408994065641451e+01 6.204158876583849569e-01 3.161861471335248308e-01 -1.440844070666437438e-01 3.747193318093013092e-02
1.406408994065641416e+01 6.059042387931328211e-01 3.176875490594756046e-01 -1.460611187274886424e-01 -7.890029388496394569e-03
1.416408994065641380e+01 5.909791025015712629e-01 3.145507412580308970e-01 -1.543149117469705123e-01 -5.497484711850854355e-02
1.426408994065641345e+01 5.741223012382773438e-01 3.066967326195589871e-01 -1.864253371768916645e-01 -1.019484524194936292e-01
1.436408994065641309e+01 5.540345032196143382e-01 2.942166758832190920e-01 -2.112639965998663327e-01 -1.472498890481773737e-01
1.446408994065641274e+01 5.324050307888922307e-01 2.773543214081094499e-01 -2.195223205428488977e-01 -1.893214563947828444e-01
1.456408994065641238e+01 5.101171901073442427e-01 2.565147297849864616e-01 -2.288098482849874049e-01 -2.265298367729794982e-01
1.466408994065641203e+01 4.861614824462890394e-01 2.322578062557941747e-01 -2.515831598532350388e-01 -2.574701563696543127e-01
1.476408994065641167e+01 4.595081090566481286e-01 2.052624281421442654e-01 -2.832872894586693779e-01 -2.811729986340981147e-01
1.486408994065641131e+01 4.292794126735137161e-01 1.762825369404551479e-01 -3.202438384831194917e-01 -2.971097112903017257e-01
1.496408994065641096e+01 3.965997010614508156e-01 1.461052421556623404e-01 -3.257242540760686977e-01 -3.050981264659641812e-01
1.506408994065641060e+01 3.642486690447687137e-01 1.155354338590597330e-01 -3.266735911140625226e-01 -3.049217448876074821e-01
1.516408994065641025e+01 3.312616008767760301e-01 8.539204138345882211e-02 -3.263755721461041870e-01 -2.966212241137789474e-01
1.526408994065640989e+01 2.999593522900481091e-01 5.647153960620941021e-02 -2.986403313366935985e-01 -2.805075971784347089e-01
1.536408994065640954e+01 2.716522515937218052e-01 2.954067257561739795e-02 -2.669403775419988412e-01 -2.568981830383679776e-01
1.546408994065640918e+01 2.465879423179456464e-01 5.323726318667194174e-03 -2.343579223059552852e-01 -2.263437414383099588e-01
1.556408994065640883e+01 2.243849106244849012e-01 -1.552417649914044490e-02 -2.131974514745719751e-01 -1.896867565821457324e-01
1.566408994065640847e+01 2.040669547651549065e-01 -3.245112950198625335e-02 -1.887395365146000703e-01 -1.481594903161597143e-01
1.576408994065640812e+01 1.868363154750300736e-01 -4.504020248322760517e-02 -1.576252208874457106e-01 -1.031586459851563803e-01
1.586408994065640776e+01 1.732708549279701471e-01 -5.301499953770485996e-02 -1.052438709346202872e-01 -5.611354036892204911e-02
1.596408994065640741e+01 1.667497168391518514e-01 -5.623541834324059796e-02 -2.524378080966499516e-02 -8.231851622273175795e-03
1.606408994065640883e+01 1.679724021130037659e-01 -5.466353619853461104e-02 4.821148542839749640e-02 3.958146794466597951e-02
1.616408994065641025e+01 1.763423920683232227e-01 -4.835305509498030729e-02 1.211443743153942237e-01 8.637787168179306141e-02
1.626408994065641167e+01 1.923069649128152647e-01 -3.745221950282798251e-02 1.953794694613214533e-01 1.312505113865613526e-01
1.636408994065641309e+01 2.152576474250444127e-01 -2.219482881525475237e-02 2.672584799123917110e-01 1.733690060231365959e-01
1.646408994065641451e+01 2.460213686008049794e-01 -2.894119598576713054e-03 3.427741352312121959e-01 2.120244043621755670e-01
1.656408994065641593e+01 2.824134181538787147e-01 2.007487276030674173e-02 3.808779322489636021e-01 2.466102270654588202e-01
1.666408994065641735e+01 3.219901642539094166e-01 4.626336359634643930e-02 4.117837924601402966e-01 2.762636441951105137e-01
1.676408994065641878e+01 3.650199504853423038e-01 7.513693775507070127e-02 4.464115231035437614e-01 3.002083316047722827e-01
1.686408994065642020e+01 4.097906318895088718e-01 1.060959747884739623e-01 4.423850658746633635e-01 3.178685471471986990e-01
1.696408994065642162e+01 4.533185396007943235e-01 1.384759377898227561e-01 4.278284777742450973e-01 3.284952900594655945e-01
1.706408994065642304e+01 4.943771539531613413e-01 1.715377394783257070e-01 3.892964789304517170e-01 3.313994534751175669e-01
1.716408994065642446e+01 5.315655998809299954e-01 2.044772778488439802e-01 3.575489678685511152e-01 3.259649812296542826e-01
1.726408994065642588e+01 5.658924600490848889e-01 2.364445672292317668e-01 3.299560157040522523e-01 3.119571228136956420e-01
1.736408994065642730e+01 5.982923057297361291e-01 2.665901369471943561e-01 3.213818905464662645e-01 2.896149549200893736e-01
1.746408994065642872e+01 6.309115768947460845e-01 2.941168379042813363e-01 3.361153321169777497e-01 2.597723927743254002e-01
1.756408994065643014e+01 6.655349426715401195e-01 3.183431186724374196e-01 3.500668081280007282e-01 2.238930106084986160e-01
1.766408994065643157e+01 7.001697169592232539e-01 3.387505066248213126e-01 3.428261858486508218e-01 1.836615663843779722e-01
1.776408994065643299e+01 7.332201676813325797e-01 3.549836010639103590e-01 3.090276247831175160e-01 1.406657463454126511e-01
1.786408994065643441e+01 7.609996570761372592e-01 3.668355585445961520e-01 2.465577503279116622e-01 9.621596025300135913e-02
1.796408994065643583e+01 7.825461171883467681e-01 3.742117713418586789e-01 1.849743061148623469e-01 5.131622050067481677e-02
1.806408994065643725e+01 7.976962196855684750e-01 3.771172043158571019e-01 1.085084870844783556e-01 6.962623130463960197e-03
1.816408994065643867e+01 8.018556171079290751e-01 3.756456291321997876e-01 -2.812788751287631506e-02 -3.618668127649863481e-02
1.826408994065644009e+01 7.931994191267605077e-01 3.699188307929249242e-01 -1.426212807606193345e-01 -7.815228617388425558e-02
1.836408994065644151e+01 7.727665850926028757e-01 3.600562904826117294e-01 -2.649577537240366265e-01 -1.188948072619886026e-01
1.846408994065644293e+01 7.413124048485699724e-01 3.461808874792086099e-01 -3.606748462808753164e-01 -1.583924421404214467e-01
1.856408994065644436e+01 7.012015605623025394e-01 3.284277821366530792e-01 -4.352086145548549334e-01 -1.963847076762078869e-01
1.866408994065644578e+01 6.555878982178778847e-01 3.069723970883651010e-01 -4.718385322674470417e-01 -2.323074328442881475e-01
1.876408994065644720e+01 6.082685886828835820e-01 2.820680659775532395e-01 -4.681756255694147772e-01 -2.651607119430388071e-01
1.886408994065644862e+01 5.619557280959821544e-01 2.540889424473255498e-01 -4.585572795546667413e-01 -2.935600042612043215e-01
1.896408994065645004e+01 5.177416299446361281e-01 2.235504139842227900e-01 -4.213838111716076695e-01 -3.161193665468511327e-01
1.906408994065645146e+01 4.766459917426165704e-01 1.911069450673388015e-01 -4.064006664584410289e-01 -3.314483404348443352e-01
1.916408994065645288e+01 4.368042596037637892e-01 1.575321543328190854e-01 -3.875100009287502090e-01 -3.386404306517744045e-01
1.926408994065645430e+01 3.988253474767585738e-01 1.236684901522640267e-01 -3.742834511986515289e-01 -3.371609984069970367e-01
1.936408994065645572e+01 3.617657026033821444e-01 9.039356099921634635e-02 -3.675841741770459747e-01 -3.268879161904673092e-01
1.946408994065645714e+01 3.258215841631992293e-01 5.857336422784618218e-02 -3.455222693303555137e-01 -3.081452098141728158e-01
1.956408994065645857e+01 2.933253932840704792e-01 2.903127098012667565e-02 -3.037378577549399439e-01 -2.814020924218734176e-01
1.966408994065645999e+01 2.652176066349112293e-01 2.541632898357959469e-03 -2.596516512451082503e-01 -2.472068090065917545e-01
1.976408994065646141e+01 2.408441341599068253e-01 -2.018935192629389003e-02 -2.274216836709784806e-01 -2.064065159491752510e-01
1.986408994065646283e+01 2.203596857739266723e-01 -3.856000306017859369e-02 -1.803105350959362529e-01 -1.602144938852885503e-01
1.996408994065646425e+01 2.052556829960393014e-01 -5.209512722889925868e-02 -1.185059881286213285e-01 -1.099078846574544077e-01
2.006408994065646567e+01 1.961575478635455283e-01 -6.044622617411570670e-02 -7.009727026257747684e-02 -5.675255861854573702e-02
2.016408994065646709e+01 1.912722357047775268e-01 -6.340165365872316161e-02 -2.168873822996950779e-02 -2.277910341578773257e-03
2.026408994065646851e+01 1.922431161469434491e-01 -6.091069549470434774e-02 4.088761453529653894e-02 5.193588967534717299e-02
2.036408994065646993e+01 1.998799859170370119e-01 -5.306920269201941681e-02 1.128056947154818801e-01 1.045166794829524848e-01
2.046408994065647136e+01 2.147443019014343979e-01 -4.010180017371348105e-02 1.884874463000240918e-01 1.542674702634947992e-01
2.056408994065647278e+01 2.384301636722212236e-01 -2.234227389254608842e-02 2.820036000093325557e-01 2.002385065180091184e-01
2.066408994065647420e+01 2.699607851216564991e-01 -2.020127326043397176e-04 3.471177527698395271e-01 2.417614457085854873e-01
2.076408994065647562e+01 3.076254586872855246e-01 2.583608485009004571e-02 4.016256907905388918e-01 2.780705116328854865e-01
2.086408994065647704e+01 3.502988071156835082e-01 5.521342582542507899e-02 4.611567974653505986e-01 3.084294508307928173e-01
2.096408994065647846e+01 4.017811927620933421e-01 8.731184944971559503e-02 5.689366272200380159e-01 3.325202912828596480e-01
2.106408994065647988e+01 4.621717648391064914e-01 1.215226070608543263e-01 6.265443736034022049e-01 3.507446630529048037e-01
2.116408994065648130e+01 5.254623886292774104e-01 1.572679996305547945e-01 6.331811723197866559e-01 3.631710333445952732e-01
2.126408994065648272e+01 5.874020391397863916e-01 1.939495766135247989e-01 6.007048911501984279e-01 3.693687662647852088e-01
2.136408994065648415e+01 6.451040405446289983e-01 2.309109932483412175e-01 5.468045131300915962e-01 3.686459500000105471e-01
2.146408994065648557e+01 6.944400510580539532e-01 2.674212007835766736e-01 4.309088994651015803e-01 3.601730206256061328e-01
2.156408994065648699e+01 7.304195862022094810e-01 3.026451855827931303e-01 2.835023540037746592e-01 3.426881127920337611e-01
2.166408994065648841e+01 7.504911227560416842e-01 3.356118713327734815e-01 1.233375485479148437e-01 3.148002352278408411e-01
2.176408994065648983e+01 7.569826808308369737e-01 3.652232874562872378e-01 1.082233437782388619e-02 2.754968248164520461e-01
2.186408994065649125e+01 7.526567522290313894e-01 3.903293829359020251e-01 -9.351088952847318170e-02 2.247535685009919293e-01
2.196408994065649267e+01 7.403929334450503053e-01 4.098159096029870829e-01 -1.401977390649574717e-01 1.633135601058176845e-01
2.206408994065649409e+01 7.257107730477303509e-01 4.226982015199932663e-01 -1.521571330972902036e-01 9.308398363919351270e-02
2.216408994065649551e+01 7.108794197501336898e-01 4.282323620501780614e-01 -1.360997844534971579e-01 1.686662613259320986e-02
2.226408994065649694e+01 6.995952447808856389e-01 4.259870781172457321e-01 -8.857686867056005497e-02 -6.186507319372912261e-02
2.236408994065649836e+01 6.931087740017161103e-01 4.159079580084833472e-01 -4.355324964585873676e-02 -1.391411312863940208e-01
2.246408994065649978e+01 6.895743090125431296e-01 3.983365281437915573e-01 -3.298762828466638569e-02 -2.111129760900433139e-01
2.256408994065650120e+01 6.867040579585952376e-01 3.739701310622427499e-01 -2.154503718991536421e-02 -2.745499165517845119e-01
2.266408994065650262e+01 6.844110191220322825e-01 3.438047550468408264e-01 -3.301222297972646741e-02 -3.266696374781725698e-01
2.276408994065650404e+01 6.787251765193900166e-01 3.090809026232412826e-01 -8.868993698788837921e-02 -3.654865944270407896e-01
2.286408994065650546e+01 6.641462490978643496e-01 2.711775523055898751e-01 -2.142339806241594646e-01 -3.902564999244904076e-01
2.296408994065650688e+01 6.359161474515245827e-01 2.314747235582784446e-01 -3.399423583681289163e-01 -4.016893094971554778e-01
2.306408994065650830e+01 5.979778752489527394e-01 1.912415376507993203e-01 -4.152174568925256493e-01 -4.010585533911860678e-01
2.316408994065650973e+01 5.536291343707416823e-01 1.516264905151251674e-01 -4.642294579838208146e-01 -3.895277832543324048e-01
2.326408994065651115e+01 5.066837752486381685e-01 1.136602435790314836e-01 -4.683300879239568060e-01 -3.682606630579612905e-01
2.336408994065651257e+01 4.620015920420994515e-01 7.826710372565229279e-02 -4.105228560430901341e-01 -3.381936293919072800e-01
2.346408994065651399e+01 4.263678129227299052e-01 4.630026234041943745e-02 -3.037292528164962646e-01 -2.997516000491826649e-01
2.356408994065651541e+01 4.003644771105152600e-01 1.859042355109576800e-02 -2.188914889296769417e-01 -2.531245762367509977e-01
2.366408994065651683e+01 3.816112338883081989e-01 -4.076240776566129181e-03 -1.651477676332841205e-01 -1.990700662327051229e-01
2.376408994065651825e+01 3.662604945876096196e-01 -2.102633934260584453e-02 -1.399980962284567698e-01 -1.391208515422676928e-01
2.386408994065651967e+01 3.543650910390676034e-01 -3.177408618376044436e-02 -9.618606918364767944e-02 -7.537656156151215092e-02
2.396408994065652109e+01 3.471341380750571637e-01 -3.604445011111537950e-02 -4.853649979810574500e-02 -9.917362317431427376e-03
2.406408994065652251e+01 3.442089643992226056e-01 -3.376999982745754192e-02 -1.277815835648089815e-02 5.516238742351982360e-02
2.416408994065652394e+01 3.445024454762589672e-01 -2.509847372871368970e-02 1.886075955242990515e-02 1.176498043599454035e-01
2.426408994065652536e+01 3.475200335214637115e-01 -1.039945188230280773e-02 3.843697885500263478e-02 1.753544216666098887e-01
2.436408994065652678e+01 3.519170400143664112e-01 9.741547841816706327e-03 4.845198029108471749e-02 2.261390282226367621e-01
2.446408994065652820e+01 3.569167368169937071e-01 3.453103471170044375e-02 5.177594265656146333e-02 2.680122699284466226e-01
2.456408994065652962e+01 3.630960456233266465e-01 6.299074946271621123e-02 7.898075047923296121e-02 2.993151315810431701e-01
2.466408994065653104e+01 3.740518881204978885e-01 9.401127344943649433e-02 1.441959790995125668e-01 3.191693737119329910e-01
2.476408994065653246e+01 3.925502315785156515e-01 1.264455716945138419e-01 2.311279102290413889e-01 3.276771232085788355e-01
2.486408994065653388e+01 4.215652986808396396e-01 1.591991929806833017e-01 3.521437376732520219e-01 3.257929471894719931e-01
2.496408994065653530e+01 4.626273421004151176e-01 1.913170063283377020e-01 4.652842940365859437e-01 3.153008604717511543e-01
2.506408994065653673e+01 5.135549043098570632e-01 2.220412227140347583e-01 5.466105220494006378e-01 2.982587013890287686e-01
2.516408994065653815e+01 5.711530557637396477e-01 2.508139350800656087e-01 6.032082899476755022e-01 2.765678542871928824e-01
2.526408994065653957e+01 6.325357078176501169e-01 2.772570796890754252e-01 6.098333610591277765e-01 2.519250227933730879e-01
2.536408994065654099e+01 6.907997823037468343e-01 3.011378122633792120e-01 5.491809438874040161e-01 2.254185184088878247e-01
2.546408994065654241e+01 7.413582488404566462e-01 3.222882673041194135e-01 4.571497049590642070e-01 1.973240779957900481e-01
2.556408994065654383e+01 7.813239014471088373e-01 3.405450872313785515e-01 3.361075017134899090e-01 1.674925191961617876e-01
2.566408994065654525e+01 8.073107299135708903e-01 3.557120836124670338e-01 1.801730774626397469e-01 1.354050484421862321e-01
2.576408994065654667e+01 8.169367847212551936e-01 3.675219027214786105e-01 9.416225592429106062e-03 1.001898390603636474e-01
2.586408994065654809e+01 8.091844172157276471e-01 3.756132466069113662e-01 -1.602453835160556062e-01 6.087617827058679210e-02
2.596408994065654952e+01 7.858755688603320522e-01 3.795349134665555457e-01 -2.979917694214958557e-01 1.671686966445808803e-02
2.606408994065655094e+01 7.530883794342603244e-01 3.787930053565823352e-01 -3.364986090846638911e-01 -3.229293451162337097e-02
2.616408994065655236e+01 7.206274494853636137e-01 3.729632824197757213e-01 -3.103272044810679864e-01 -8.466145687817519527e-02
2.626408994065655378e+01 6.920259351103296153e-01 3.618339143976634364e-01 -2.589913655604001441e-01 -1.378179016054476014e-01
2.636408994065655520e+01 6.678166896012771581e-01 3.454707198708163451e-01 -2.283034128203338120e-01 -1.888615700051090029e-01
2.646408994065655662e+01 6.477291108123848229e-01 3.242212010508622733e-01 -1.652521572852732601e-01 -2.351028161458255106e-01
2.656408994065655804e+01 6.351493699644517044e-01 2.987044064913872976e-01 -8.630839387005581620e-02 -2.737225001145939807e-01
2.666408994065655946e+01 6.295631077589629587e-01 2.698222593140939263e-01 -4.007521395255506796e-02 -3.020035130279758451e-01
2.676408994065656088e+01 6.241648760761182579e-01 2.387081268082034691e-01 -7.425957409703098921e-02 -3.182107263746453696e-01
2.686408994065656231e+01 6.136715395504982462e-01 2.065914216880975207e-01 -1.453706967169077213e-01 -3.221111270213253275e-01
2.696408994065656373e+01 5.942667849480502973e-01 1.746672114752764737e-01 -2.366973841216040986e-01 -3.145991414723053325e-01
2.706408994065656515e+01 5.668718737142951491e-01 1.439991929122292347e-01 -3.185794517489021205e-01 -2.972666850490652268e-01
2.716408994065656657e+01 5.291974725045327510e-01 1.154750886718002578e-01 -4.336020930390896977e-01 -2.721277359416042763e-01
2.726408994065656799e+01 4.814473239494293511e-01 8.974586767852987812e-02 -5.139140897184115708e-01 -2.418107026244263325e-01
2.736408994065656941e+01 4.279819095959895292e-01 6.720416577293683580e-02 -5.466942828230804130e-01 -2.087387889300251209e-01
2.746408994065657083e+01 3.737011255867407900e-01 4.802751309741908059e-02 -5.327410776457834896e-01 -1.747635614603561260e-01
2.756408994065657225e+01 3.226907377701707103e-01 3.223990666709741076e-02 -4.790806369940129317e-01 -1.411160490021981240e-01
2.766408994065657367e+01 2.795575935327394568e-01 1.977231659278225195e-02 -3.783248346733846246e-01 -1.084028866686134879e-01
2.776408994065657510e+01 2.479032406844836611e-01 1.052966066147003298e-02 -2.482335522652339699e-01 -7.656567708191758248e-02
2.786408994065657652e+01 2.305829647911282199e-01 4.447954935630958617e-03 -1.033241019073335432e-01 -4.505574844665512224e-02
2.796408994065657794e+01 2.254595624039884560e-01 1.530528985286522693e-03 -5.077910946087518806e-03 -1.321103589636914849e-02
2.806408994065657936e+01 2.292682802865119995e-01 1.821213561211437910e-03 8.233473069782752674e-02 1.909365189185290024e-02
2.816408994065658078e+01 2.424874664125024060e-01 5.362134800202257925e-03 1.846673560840520756e-01 5.179230211124260380e-02
2.826408994065658220e+01 2.659140711240597921e-01 1.219533547038414469e-02 2.793496734318520747e-01 8.495557880786283600e-02
2.836408994065658362e+01 2.975349287379981389e-01 2.236730990469692343e-02 3.486582907468538384e-01 1.185284760925006120e-01
2.846408994065658504e+01 3.342654158138563258e-01 3.590047804338062504e-02 3.776758144412445950e-01 1.520647028558249070e-01
2.856408994065658646e+01 3.717171347488005262e-01 5.274603340226578785e-02 3.661695058629336752e-01 1.845566504748789305e-01
2.866408994065658788e+01 4.063273836486278601e-01 7.272612110247805850e-02 3.194656749400014983e-01 2.144644620389948020e-01
2.876408994065658931e+01 4.351390295341153180e-01 9.548883602639887669e-02 2.607530343751665591e-01 2.398697236495654084e-01
2.886408994065659073e+01 4.592163755500989208e-01 1.204873763985638141e-01 2.187709666514964790e-01 2.589130425413120329e-01
2.896408994065659215e+01 4.781609551173674477e-01 1.470106343949154626e-01 1.599363818868544951e-01 2.701323864746410508e-01
2.906408994065659357e+01 4.914951981751891630e-01 1.742101131767102851e-01 1.078385616871076064e-01 2.722565137232019206e-01
2.916408994065659499e+01 5.006272902514052880e-01 2.011310524250510268e-01 8.296288112447527952e-02 2.644812748180389583e-01
2.926408994065659641e+01 5.091455342089242775e-01 2.267754880445302379e-01 8.937575018388224657e-02 2.468082200376975344e-01
2.936408994065659783e+01 5.195108462931344873e-01 2.501904554614029497e-01 1.258262403184735312e-01 2.200957862316150204e-01
2.946408994065659925e+01 5.349756138653928295e-01 2.705481980240342366e-01 1.808000921444771758e-01 1.860090954752685044e-01
2.956408994065660067e+01 5.547961895944464317e-01 2.872193405143914635e-01 2.111623008304753524e-01 1.467293709815773450e-01
2.966408994065660210e+01 5.764318323581427705e-01 2.997910501045187859e-01 2.190801954674180263e-01 1.043525660961427820e-01
2.976408994065660352e+01 5.980656069458198942e-01 3.080504633218297816e-01 2.077423910304397603e-01 6.078773183417235382e-02
2.986408994065660494e+01 6.164167465588819006e-01 3.119637521188955431e-01 1.540997024638478818e-01 1.765466976265652604e-02
2.996408994065660636e+01 6.289373032126647223e-01 3.116323653080334544e-01 9.854764399485618775e-02 -2.395014281732298772e-02
3.006408994065660778e+01 6.357751016834733981e-01 3.072560106128983115e-01 3.335847083404949731e-02 -6.309554826007418571e-02
3.016408994065660920e+01 6.355176138405013164e-01 2.991189587967537089e-01 -3.188617466520626831e-02 -9.907461130099606827e-02
3.026408994065661062e+01 6.308547989350233864e-01 2.875674776454684167e-01 -5.958500760501078686e-02 -1.312469366111191638e-01
3.036408994065661204e+01 6.231599918611100408e-01 2.730261933610350078e-01 -9.598772992691675943e-02 -1.587339167725027866e-01
3.046408994065661346e+01 6.111112309841970625e-01 2.559981264448662475e-01 -1.511054161498135151e-01 -1.809134971868964770e-01
3.056408994065661489e+01 5.920717868045163312e-01 2.370245928955627135e-01 -2.298771627647088200e-01 -1.976798996661125740e-01
3.066408994065661631e+01 5.650547562231312826e-01 2.166290500223981008e-01 -3.091718313461127021e-01 -2.094472552007460853e-01
3.076408994065661773e+01 5.324933145169800097e-01 1.952822557778400581e-01 -3.271897240378999205e-01 -2.167742578466377579e-01
3.086408994065661915e+01 4.997169852385369704e-01 1.734215719137686962e-01 -3.356464894003537980e-01 -2.196867302844504877e-01
3.096408994065662057e+01 4.663302157074543097e-01 1.514928617315587922e-01 -3.211794185273000868e-01 -2.181512437903649626e-01
3.106408994065662199e+01 4.352857966168777182e-01 1.299431625497682319e-01 -3.055968242187123152e-01 -2.120714421439454100e-01
3.116408994065662341e+01 4.056288192764733180e-01 1.092297915825097554e-01 -2.852335870444601684e-01 -2.014543520517401709e-01
3.126408994065662483e+01 3.775144729400249921e-01 8.979697827184653092e-02 -2.772893938694091509e-01 -1.865137473244244115e-01
3.136408994065662625e+01 3.510969694997530532e-01 7.205600077320090113e-02 -2.507487636123398866e-01 -1.676961594717214510e-01
3.146408994065662768e+01 3.267947020756121757e-01 5.637144357742542022e-02 -2.348669040023644849e-01 -1.454809191171464733e-01
3.156408994065662910e+01 3.042408791481008290e-01 4.305042669168453184e-02 -2.175939247874655313e-01 -1.205494704673971129e-01
3.166408994065663052e+01 2.836367478794250552e-01 3.232545612261852885e-02 -1.904053443730799877e-01 -9.369791525766286988e-02
3.176408994065663194e+01 2.665471410300020993e-01 2.435012711848369427e-02 -1.487623073262393514e-01 -6.566421941305494725e-02
3.186408994065663336e+01 2.544407875394595897e-01 1.921301686776392265e-02 -9.574545556695734927e-02 -3.701138366459657408e-02
3.196408994065663478e+01 2.472160655116166506e-01 1.695257083480625204e-02 -4.024340756727405599e-02 -8.218953022150497778e-03
3.206408994065663620e+01 2.478540596042109190e-01 1.756227864758459767e-02 4.868130292084506261e-02 2.038554645560805220e-02
3.216408994065663762e+01 2.557177367232317255e-01 2.102288610923690182e-02 1.084096861843197035e-01 4.876912329643576932e-02
3.226408994065663904e+01 2.691703477434720382e-01 2.729891626938021551e-02 1.543726861430825270e-01 7.663227136584831178e-02
3.236408994065664047e+01 2.860321441349019667e-01 3.631466998521969830e-02 1.835514947545281439e-01 1.034494080618020978e-01
3.246408994065664189e+01 3.057666248872413228e-01 4.793073000246098059e-02 2.122096524722409949e-01 1.285252369708985432e-01
3.256408994065664331e+01 3.291796992635820929e-01 6.194121843429326035e-02 2.556888324788443301e-01 1.512595490388068953e-01
3.266408994065664473e+01 3.560889650373910698e-01 7.809178848640975501e-02 2.819414714810996592e-01 1.712602928892701659e-01
3.276408994065664615e+01 3.861304220084836314e-01 9.608837036024898970e-02 3.186188014407689839e-01 1.881264588854391073e-01
3.286408994065664757e+01 4.187656796025978623e-01 1.156048398636879970e-01 3.277855052975438555e-01 2.016145453295415946e-01
3.296408994065664899e+01 4.513984390748281839e-01 1.362848846579811923e-01 3.299035072001170743e-01 2.113129771980854499e-01
3.306408994065665041e+01 4.855805401659469833e-01 1.577298843618188950e-01 3.497923653819525192e-01 2.169018236568334701e-01
3.316408994065665183e+01 5.197957193382651830e-01 1.795273129020412695e-01 3.309105501627919166e-01 2.183359020636028713e-01
3.326408994065665325e+01 5.515747688756255096e-01 2.012492354544675177e-01 3.006357620151356436e-01 2.153386230441318439e-01
3.336408994065665468e+01 5.787037523289292329e-01 2.224358177245722434e-01 2.369190505599349794e-01 2.075536101232042796e-01
3.346408994065665610e+01 5.982724743199182571e-01 2.425812473189225549e-01 1.538355220849743632e-01 1.944052254805723468e-01
3.356408994065665752e+01 6.101972783871076889e-01 2.611179353437939055e-01 8.994480884325194159e-02 1.753081287227946927e-01
3.366408994065665894e+01 6.171593035625145829e-01 2.774406369679808249e-01 5.416683553558638425e-02 1.501650163601395693e-01
3.376408994065666036e+01 6.216144641799549175e-01 2.909672663879717680e-01 3.355355811464104387e-02 1.195274120703360560e-01
3.386408994065666178e+01 6.235593333811771943e-01 3.011950606310263567e-01 6.301109650619977215e-03 8.436013778123921392e-02
3.396408994065666320e+01 6.229923121354156157e-01 3.077251576096368679e-01 -1.776514590995679002e-02 4.577530528004945115e-02
3.406408994065666462e+01 6.204847234652549615e-01 3.102791671588956413e-01 -2.921018519089647186e-02 5.072024684640297210e-03
3.416408994065666604e+01 6.172157575220421633e-01 3.087201929468395556e-01 -3.640697284511898446e-02 -3.621087782487354689e-02
3.426408994065666747e+01 6.131325073762204925e-01 3.030722962377487284e-01 -4.954471943795991234e-02 -7.643720652982718966e-02
3.436408994065666889e+01 6.065198726044710442e-01 2.935172106412672899e-01 -7.891719201473813838e-02 -1.141439251982801356e-01
3.446408994065667031e+01 5.985937196730851673e-01 2.803688091261595794e-01 -8.137013077900202840e-02 -1.480794327949252198e-01
3.456408994065667173e+01 5.890496487825015448e-01 2.640706614400860630e-01 -1.093658989958557343e-01 -1.769590184530069887e-01
3.466408994065667315e+01 5.776765569614097373e-01 2.451751844702757255e-01 -1.164879594855274259e-01 -1.998875094103989003e-01
3.476408994065667457e+01 5.655160108003391972e-01 2.243188653291747492e-01 -1.269898622963752111e-01 -2.160580098587218389e-01
3.486408994065667599e+01 5.520786100898862347e-01 2.022066947595675956e-01 -1.435878046892669624e-01 -2.249482247558069470e-01
3.496408994065667741e+01 5.368351576337193620e-01 1.795766499784980930e-01 -1.616106644345672305e-01 -2.264253519241737067e-01
3.506408994065667883e+01 5.192546798536983310e-01 1.571614093543690638e-01 -1.884346609522146443e-01 -2.207261436684030131e-01
3.516408994065668026e+01 5.006404647853548440e-01 1.356518938262275542e-01 -1.799791980856922657e-01 -2.084004409637527921e-01
3.526408994065668168e+01 4.824959775978217014e-01 1.156863200824683746e-01 -1.847411020443810725e-01 -1.899450611941876366e-01
3.536408994065668310e+01 4.646186532598952645e-01 9.784093664465282059e-02 -1.700352979955936095e-01 -1.661417254012322597e-01
3.546408994065668452e+01 4.477050168761949611e-01 8.260792704773232964e-02 -1.729810668154607434e-01 -1.378583197067058674e-01
3.556408994065668594e+01 4.299787861056731941e-01 7.037826379609925243e-02 -1.788185913191999987e-01 -1.063097122170787445e-01
3.566408994065668736e+01 4.121943146307295303e-01 6.140798600179298017e-02 -1.789817223308398098e-01 -7.290067383078732699e-02
3.576408994065668878e+01 3.937581627712792298e-01 5.581223194478891758e-02 -1.876175528756646171e-01 -3.907498510345588927e-02
3.586408994065669020e+01 3.756319030422993199e-01 5.355665200691948902e-02 -1.711592452294685707e-01 -6.323942481112981850e-03
3.596408994065669162e+01 3.604885681796435315e-01 5.447321756564981604e-02 -1.243912864751698238e-01 2.421732988755920940e-02
3.606408994065669305e+01 3.513888364367196981e-01 5.830581854952000820e-02 -5.943424214643668047e-02 5.194213847570471054e-02
3.616408994065669447e+01 3.490988313138156940e-01 6.475972375948049753e-02 2.085947750297439951e-02 7.662159508044708023e-02
3.626408994065669589e+01 3.557332143503100230e-01 7.353250775067518563e-02 1.046490575057155564e-01 9.837760809812563789e-02
3.636408994065669731e+01 3.685537645840893939e-01 8.434592659584637386e-02 1.462453715494839712e-01 1.174371447618477449e-01
3.646408994065669873e+01 3.842577028795803873e-01 9.692415052122535513e-02 1.674604206527047501e-01 1.336171152021766173e-01
3.656408994065670015e+01 4.019516085447488174e-01 1.109616911062879657e-01 1.820183981427906383e-01 1.465702480184965240e-01
3.666408994065670157e+01 4.197884569759552376e-01 1.261185046708182822e-01 1.743234830595877527e-01 1.559252270057455425e-01
3.676408994065670299e+01 4.368050678996722724e-01 1.420110062864665679e-01 1.645230348468868786e-01 1.612138334528399608e-01
3.686408994065670441e+01 4.532924759101076284e-01 1.582139494695996573e-01 1.738104089028244814e-01 1.620983960723443029e-01
3.696408994065670583e+01 4.730970068896398484e-01 1.742880374791150599e-01 2.274561535939922940e-01 1.587312186398075198e-01
3.706408994065670726e+01 4.996269742887464171e-01 1.898483075582939605e-01 3.036593663677828459e-01 1.520240946958127115e-01
3.716408994065670868e+01 5.328468356332606293e-01 2.046258147615947209e-01 3.548141686538012207e-01 1.432940394629074188e-01
3.726408994065671010e+01 5.693593444081476163e-01 2.184767618386329602e-01 3.644017279335585169e-01 1.336368671621070703e-01
3.736408994065671152e+01 6.031865960944398086e-01 2.313391126468012926e-01 3.049323794632980422e-01 1.235217785195721063e-01
3.746408994065671294e+01 6.295886734907255589e-01 2.431536880486498686e-01 2.159717041915090174e-01 1.125740301633514212e-01
3.756408994065671436e+01 6.449144651716713916e-01 2.537977220021799818e-01 8.997676247879557443e-02 9.992182918991847351e-02
3.766408994065671578e+01 6.482134748347305742e-01 2.630407210875786994e-01 -2.414015978614070246e-02 8.436250813713934427e-02
3.776408994065671720e+01 6.396558328163874929e-01 2.705388288924028273e-01 -1.459833960128285313e-01 6.486032989909654156e-02
3.786408994065671862e+01 6.197995270735469076e-01 2.758513640929900479e-01 -2.470403443307429558e-01 4.053353009004116020e-02
3.796408994065672005e+01 5.912992291033473125e-01 2.784702260306747279e-01 -3.151673387198853926e-01 1.096998497752939283e-02
3.806408994065672147e+01 5.585467207544851931e-01 2.778801528697946721e-01 -3.316825902352374955e-01 -2.351736298150604310e-02
3.816408994065672289e+01 5.263070819257208433e-01 2.736424827622676026e-01 -3.057751617037445246e-01 -6.170813609131400868e-02
3.826408994065672431e+01 4.997799212396952240e-01 2.654821090847769294e-01 -2.112054967833386088e-01 -1.015540590222266948e-01
3.836408994065672573e+01 4.846859829298685307e-01 2.533764346712891191e-01 -9.937683905058898592e-02 -1.400515064964492351e-01
3.846408994065672715e+01 4.780730600385734164e-01 2.376222721537373794e-01 -3.867058664384215999e-02 -1.740667421375335089e-01
3.856408994065672857e+01 4.759753160486843160e-01 2.187906587691767490e-01 -5.899882829249705751e-03 -2.012777777536197132e-01
3.866408994065672999e+01 4.772551473199959648e-01 1.976490284721000024e-01 3.326357636603406026e-02 -2.200255376593062973e-01
3.876408994065673141e+01 4.821155550911001564e-01 1.751119527913835849e-01 5.997131364196672809e-02 -2.290028768529488723e-01
3.886408994065673284e+01 4.879545984716665563e-01 1.521992000324473016e-01 4.402902802798614595e-02 -2.274916583017178862e-01
3.896408994065673426e+01 4.881938523485400694e-01 1.299519566793107261e-01 -4.774075797543254202e-02 -2.158836164373623967e-01
3.906408994065673568e+01 4.774309021912694351e-01 1.093005621182799175e-01 -1.711114146421238713e-01 -1.959585900145582871e-01
3.916408994065673710e+01 4.538190511921248449e-01 9.095074226442111109e-02 -2.997289911389010020e-01 -1.703288049763082845e-01
3.926408994065673852e+01 4.179027536359524730e-01 7.532732914576975580e-02 -4.127904117255662975e-01 -1.419212463022810344e-01
3.936408994065673994e+01 3.734628309589764772e-01 6.256629118319660676e-02 -4.631695144096313888e-01 -1.134878087503854854e-01
3.946408994065674136e+01 3.279737721036553033e-01 5.256644083921239302e-02 -4.320358755235615966e-01 -8.691297122908900330e-02
3.956408994065674278e+01 2.889659118852602737e-01 4.509848021508904015e-02 -3.443619658482105494e-01 -6.286431364217655304e-02
3.966408994065674420e+01 2.604855557742915551e-01 3.991695566955309749e-02 -2.144829471705794188e-01 -4.109039933971147390e-02
3.976408994065674563e+01 2.470228359529887674e-01 3.683623163032068160e-02 -5.748101070091671261e-02 -2.062684559999876724e-02
3.986408994065674705e+01 2.481944431827103892e-01 3.579301203163968992e-02 7.742741171256370403e-02 -1.313845166999033642e-04
3.996408994065674847e+01 2.623037512925961434e-01 3.684783242689220611e-02 2.073622374283322356e-01 2.149665059020391955e-02
4.006408994065674989e+01 2.893810752776918016e-01 4.016259359350020375e-02 3.232209734632556786e-01 4.522440292045298849e-02
4.016408994065675131e+01 3.242565749735317193e-01 4.598267478510247031e-02 3.654209491364425744e-01 7.160900517475762839e-02
4.026408994065675273e+01 3.615956807322401323e-01 5.455836568285642174e-02 3.792695803080814443e-01 1.001978061401025549e-01
4.036408994065675415e+01 3.997802839284353982e-01 6.606282220727996424e-02 3.803684000328493298e-01 1.299973804529057086e-01
4.046408994065675557e+01 4.360613723545476161e-01 8.055559728095122718e-02 3.363774306792010060e-01 1.597059935525414476e-01
4.056408994065675699e+01 4.659971911009800905e-01 9.793864710229985282e-02 2.621241825188760366e-01 1.874415877244217654e-01
4.066408994065675842e+01 4.891209401219939190e-01 1.179052024894497175e-01 2.003958479440293705e-01 2.110302071622508213e-01
4.076408994065675984e+01 5.045646291375798231e-01 1.399412273902351511e-01 1.014955270025419964e-01 2.285008680863876984e-01
4.086408994065676126e+01 5.097776506965970844e-01 1.633312750694110582e-01 7.260172901058903339e-03 2.377659481350345716e-01
4.096408994065676268e+01 5.062922327812500178e-01 1.871621240205640357e-01 -7.430204146967961387e-02 2.370793632845645260e-01
4.106408994065676410e+01 4.958207641473926786e-01 2.103777845887948861e-01 -1.314735681321826111e-01 2.253405720302037729e-01
4.116408994065676552e+01 4.818148544246385057e-01 2.318512364341830390e-01 -1.314461548590880324e-01 2.022746615213396049e-01
4.126408994065676694e+01 4.723907316965215708e-01 2.504886649777919305e-01 -5.001481698905184403e-02 1.689421067997979309e-01
4.136408994065676836e+01 4.730996684337680502e-01 2.653816764329663958e-01 6.918259874617964378e-02 1.278996735623386394e-01
4.146408994065676978e+01 4.857030561518862477e-01 2.759249723197121917e-01 1.774699555823221475e-01 8.254655460347846974e-02
4.156408994065677120e+01 5.080934038431995647e-01 2.818635820194546615e-01 2.653781241011424763e-01 3.636605292328303624e-02
4.166408994065677263e+01 5.370816984927762050e-01 2.832766307819536422e-01 3.091027075072192432e-01 -7.488502378472913779e-03
4.176408994065677405e+01 5.693192170957691589e-01 2.805276976575591941e-01 3.293903038111344328e-01 -4.650346939972166416e-02
4.186408994065677547e+01 6.016052907079691980e-01 2.742010534439747182e-01 3.115465748928268330e-01 -7.879380808074361309e-02
4.196408994065677689e+01 6.299722636463382930e-01 2.650299093503600822e-01 2.448896473572412247e-01 -1.032900739184673955e-01
4.206408994065677831e+01 6.496197060885962049e-01 2.538059049523979649e-01 1.472666647653982086e-01 -1.199245544088075460e-01
4.216408994065677973e+01 6.582523019705822653e-01 2.412833097964199314e-01 1.692057620728851242e-02 -1.294376717163733259e-01
4.226408994065678115e+01 6.523650128216874622e-01 2.281068490469444765e-01 -1.330202172533461735e-01 -1.333128418721011288e-01
4.236408994065678257e+01 6.326518561705172239e-01 2.147433372932923690e-01 -2.528166950979028327e-01 -1.335010180093656462e-01
4.246408994065678399e+01 6.027594972637851933e-01 2.014721049037924983e-01 -3.479834654775578739e-01 -1.317157007927629575e-01
4.256408994065678542e+01 5.624606078020779609e-01 1.884156964208659468e-01 -4.549521402128716696e-01 -1.294744045852573855e-01
4.266408994065678684e+01 5.129214058044402336e-01 1.755395861169973259e-01 -5.305749743296919174e-01 -1.283441633589058051e-01
4.276408994065678826e+01 4.581161772291956757e-01 1.626719910247897138e-01 -5.512077609774135301e-01 -1.294310385235277749e-01
4.286408994065678968e+01 4.052024075504432332e-01 1.495717783815533886e-01 -5.004788564682030039e-01 -1.329269098410685024e-01
4.296408994065679110e+01 3.592409752762449893e-01 1.360339006808050366e-01 -4.079180471342818692e-01 -1.379836517655649297e-01
4.306408994065679252e+01 3.260334151799215707e-01 1.219760085868390187e-01 -2.487144500740362529e-01 -1.429768238597853847e-01
4.316408994065679394e+01 3.099059750288013504e-01 1.075222045554117406e-01 -7.561669180291133441e-02 -1.454579909048256958e-01
4.326408994065679536e+01 3.094744486842641029e-01 9.305344543280806568e-02 5.591130290997076147e-02 -1.428958738240828363e-01
4.336408994065679678e+01 3.197967435732241848e-01 7.917113948444695626e-02 1.495737525648481725e-01 -1.335173422903315477e-01
4.346408994065679821e+01 3.387375885487772798e-01 6.661002707133514833e-02 2.236734077841408541e-01 -1.163576655798968795e-01
4.356408994065679963e+01 3.646074477331628927e-01 5.617125294106822819e-02 2.969734758883879611e-01 -9.105815103789277609e-02
4.366408994065680105e+01 3.962038454453545855e-01 4.866781571596385386e-02 3.141553023647057907e-01 -5.771702504904899916e-02
4.376408994065680247e+01 4.251258800888054190e-01 4.485680697285097940e-02 2.661503486648565953e-01 -1.754791007946809867e-02
4.386408994065680389e+01 4.495358443438605689e-01 4.530910349772004908e-02 2.143163645907754655e-01 2.714110071512756961e-02
4.396408994065680531e+01 4.661580631367322480e-01 5.034574273163185815e-02 1.120082930301650875e-01 7.362252483806640269e-02
4.406408994065680673e+01 4.713575267445906380e-01 5.998002458090150729e-02 -6.043947134449181857e-03 1.184905678111143751e-01
4.416408994065680815e+01 4.663425265096668437e-01 7.387206847823471478e-02 -8.795808680630261278e-02 1.582319887856130092e-01
4.426408994065680957e+01 4.541111194200158074e-01 9.135882214214399721e-02 -1.541498755574473856e-01 1.899607784569164459e-01
4.436408994065681100e+01 4.370270403297707440e-01 1.115217705153670191e-01 -1.786332999800344934e-01 2.114525370302409446e-01
4.446408994065681242e+01 4.200469957753735217e-01 1.332658710445304706e-01 -1.503200250279739247e-01 2.214804447341781057e-01
4.456408994065681384e+01 4.092397761026413949e-01 1.554358592179824472e-01 -5.825243042860496490e-02 2.200970364207573970e-01
4.466408994065681526e+01 4.090180423382600572e-01 1.769493386402280211e-01 5.505769031643863165e-02 2.086582222297255762e-01
4.476408994065681668e+01 4.203514645404883288e-01 1.969025624163118493e-01 1.715836839886330789e-01 1.892841896687204040e-01
4.486408994065681810e+01 4.432205771050332643e-01 2.146249874844656513e-01 2.822019310387493540e-01 1.644805560633959829e-01
4.496408994065681952e+01 4.750975525553060019e-01 2.297043873089961719e-01 3.461938818708741872e-01 1.368279736558852822e-01
4.506408994065682094e+01 5.116280831134250029e-01 2.419664451993892296e-01 3.819361901995422803e-01 1.084412233556919375e-01
4.516408994065682236e+01 5.496260544195026299e-01 2.514245142491062790e-01 3.636283159750466898e-01 8.098204695962715749e-02
4.526408994065682379e+01 5.827275896619843465e-01 2.582237879096689337e-01 2.995172002204942174e-01 5.532646320497816572e-02
4.536408994065682521e+01 6.101383597233794864e-01 2.625575777320722226e-01 2.488184680734778498e-01 3.170962316017309629e-02
4.546408994065682663e+01 6.322062652913057468e-01 2.646414014101378664e-01 1.909348243112796994e-01 1.035585525244018396e-02
4.556408994065682805e+01 6.476460589339638751e-01 2.647060214403963996e-01 1.132545375942002608e-01 -8.693111527888874868e-03
4.566408994065682947e+01 6.542730933350899836e-01 2.629690688838665635e-01 1.825063471527946235e-02 -2.576437183016100363e-02
4.576408994065683089e+01 6.515055345215089444e-01 2.595980299336880792e-01 -7.045922521352446233e-02 -4.148805915371819864e-02
4.586408994065683231e+01 6.403252169346642653e-01 2.546957437969773475e-01 -1.563440417237542679e-01 -5.648279581420036222e-02
4.596408994065683373e+01 6.201788835244201881e-01 2.483050275380874194e-01 -2.412827890642035844e-01 -7.137134136355111069e-02
4.606408994065683515e+01 5.931581177794452708e-01 2.404061847297539189e-01 -2.943891028960882728e-01 -8.670248946587380545e-02
4.616408994065683657e+01 5.631040088337477822e-01 2.309461944973234260e-01 -2.954811275699777973e-01 -1.025565957590572341e-01
4.626408994065683800e+01 5.352817260671443034e-01 2.198984729498071333e-01 -2.583311896590174128e-01 -1.182858718319656222e-01
4.636408994065683942e+01 5.120079846072128626e-01 2.073325592420106889e-01 -2.067059222748182101e-01 -1.327024155875223543e-01
4.646408994065684084e+01 4.936372131324515133e-01 1.934458662697050024e-01 -1.596983603726004064e-01 -1.444905343459109981e-01
4.656408994065684226e+01 4.807132061913206300e-01 1.785623938365590302e-01 -9.655626745780165887e-02 -1.524360694939933536e-01
4.666408994065684368e+01 4.745282119456121217e-01 1.631278301700956612e-01 -2.803313986241219580e-02 -1.553106682111817516e-01
4.676408994065684510e+01 4.739513400484314798e-01 1.477051344197714833e-01 7.080478297312481351e-03 -1.520648446118131325e-01
4.686408994065684652e+01 4.737121071386741766e-01 1.329304312847850167e-01 -2.460446801157915864e-02 -1.423930341547281764e-01
4.696408994065684794e+01 4.678295465305475909e-01 1.194127384140372949e-01 -8.677099536775795263e-02 -1.271585508334736048e-01
4.706408994065684936e+01 4.581902160727192586e-01 1.076361179187474010e-01 -1.036856611193969074e-01 -1.077821755534234954e-01
4.716408994065685079e+01 4.467497128835496434e-01 9.795642254445002806e-02 -1.268910266806130560e-01 -8.541208361624239020e-02
4.726408994065685221e+01 4.319962161722381566e-01 9.061049253959714556e-02 -1.712888723758867471e-01 -6.135246841570154985e-02
4.736408994065685363e+01 4.132519830887602663e-01 8.568867594671805699e-02 -1.996896035207038622e-01 -3.719928424185450777e-02
4.746408994065685505e+01 3.915317799841910307e-01 8.312452772514516974e-02 -2.345296794478335389e-01 -1.443565380643802021e-02
4.756408994065685647e+01 3.681897010899745637e-01 8.270899263160125248e-02 -2.237812764416632350e-01 5.582547284484595806e-03
4.766408994065685789e+01 3.473604209297490586e-01 8.412480531065762157e-02 -1.868447196913819719e-01 2.212653269857512220e-02
4.776408994065685931e+01 3.327766336773972933e-01 8.701464109238438160e-02 -1.002701206232876063e-01 3.511408134658909608e-02
4.786408994065686073e+01 3.269746950273575981e-01 9.104988035948198555e-02 -1.611407258065201964e-02 4.516842147873524616e-02
4.796408994065686215e+01 3.303080728842354707e-01 9.597824990678682777e-02 8.661888277579850304e-02 5.313503517752105054e-02
4.806408994065686358e+01 3.444665097326032877e-01 1.016449196536986094e-01 1.964256162747846646e-01 6.014632100032729634e-02
4.816408994065686500e+01 3.699237122703192826e-01 1.080189630701958864e-01 3.135515063220218890e-01 6.750570972028964445e-02
4.826408994065686642e+01 4.058950514636636142e-01 1.152023267554743435e-01 3.935688624190443186e-01 7.653148307145279938e-02
4.836408994065686784e+01 4.468201655283490226e-01 1.234061949526615853e-01 4.221140757716970726e-01 8.795702590795043130e-02
4.846408994065686926e+01 4.903765698993012290e-01 1.328735461805604368e-01 4.474003206279550948e-01 1.017743821106482649e-01
4.856408994065687068e+01 5.340755735288891248e-01 1.438314957913814918e-01 4.074569166186025604e-01 1.176681164834050553e-01
4.866408994065687210e+01 5.692497495228644455e-01 1.564343773221379130e-01 2.936478655713605779e-01 1.343406157443263471e-01
4.876408994065687352e+01 5.925089959123071015e-01 1.706500329643800551e-01 1.653461733754412744e-01 1.495225391498578860e-01
4.886408994065687494e+01 6.013275648929395922e-01 1.862050651226963560e-01 1.178647596574947110e-02 1.606813831653973179e-01
4.896408994065687637e+01 5.960180573321068875e-01 2.025646408699943168e-01 -1.089352658442045013e-01 1.652161483326258784e-01
4.906408994065687779e+01 5.813024570136894331e-01 2.189633729696276454e-01 -1.784503624115471310e-01 1.612400290690900462e-01
4.916408994065687921e+01 5.618982217497987541e-01 2.345005374160783473e-01 -2.000623591158108838e-01 1.479362821810774886e-01
4.926408994065688063e+01 5.429653318195853950e-01 2.482479030243908424e-01 -1.689674367904654695e-01 1.255877065801704329e-01
4.936408994065688205e+01 5.311259892138587846e-01 2.593641778979643986e-01 -5.352778698036603222e-02 9.567679858223164524e-02
4.946408994065688347e+01 5.332319030658581038e-01 2.672265675243560290e-01 9.624047931554199908e-02 6.108473791979502493e-02
4.956408994065688489e+01 5.503122981385962786e-01 2.715451855644104295e-01 2.380784896905984160e-01 2.541537604713555581e-02
4.966408994065688631e+01 5.786035292026688870e-01 2.723899320598913709e-01 3.208351353190089794e-01 -7.880531527701212235e-03
4.976408994065688773e+01 6.132753231989591658e-01 2.701365431196345868e-01 3.615435004094040283e-01 -3.617659127255240525e-02
4.986408994065688915e+01 6.488148577444869947e-01 2.653797312028608468e-01 3.427424113001649175e-01 -5.775828433657732852e-02
4.996408994065689058e+01 6.803860663213133764e-01 2.588309568489164936e-01 2.809614627480284677e-01 -7.198898810396857362e-02
5.006408994065689200e+01 7.035496242125390820e-01 2.512174931312828319e-01 1.699599834773196094e-01 -7.918429731217840883e-02
5.016408994065689342e+01 7.113459304227484070e-01 2.431834975746112182e-01 -2.106735086370919996e-02 -8.074919880548497853e-02
5.026408994065689484e+01 6.998825545624433042e-01 2.351694433008736096e-01 -2.046360317483131852e-01 -7.925634391267021017e-02
5.036408994065689626e+01 6.709876113528968622e-01 2.273431481444240232e-01 -3.660512724975180099e-01 -7.742877229564686103e-02
5.046408994065689768e+01 6.287637933651234468e-01 2.196159134248180100e-01 -4.666990362817589055e-01 -7.760152252363236580e-02
5.056408994065689910e+01 5.803725220975820553e-01 2.117082002154533904e-01 -4.882466416032129608e-01 -8.116984462670452649e-02
5.066408994065690052e+01 5.331563274658516205e-01 2.032622921072903543e-01 -4.443635892972103152e-01 -8.829357600720361132e-02
5.076408994065690194e+01 4.939542172216278559e-01 1.939625518715483166e-01 -3.325746130204323414e-01 -9.798634608166650883e-02
5.086408994065690337e+01 4.673597440456473406e-01 1.836448237554003382e-01 -1.958168444995964652e-01 -1.082740087756940278e-01
5.096408994065690479e+01 4.546542550850971032e-01 1.723676297130893043e-01 -6.286949673065669875e-02 -1.167697317893425929e-01
5.106408994065690621e+01 4.544941505318600972e-01 1.604265361203259521e-01 5.812201569810608592e-02 -1.212049148171075036e-01
5.116408994065690763e+01 4.644457962786548433e-01 1.483251164290595725e-01 1.298085373727877467e-01 -1.197212438818553853e-01
5.126408994065690905e+01 4.790374233932652159e-01 1.367129062561687480e-01 1.519337355628152808e-01 -1.113485998192507154e-01
5.136408994065691047e+01 4.919603805769894311e-01 1.262823566032111045e-01 9.819789395904097995e-02 -9.621799373279814327e-02
5.146408994065691189e+01 4.989395597508402558e-01 1.176509370447313407e-01 4.387480312577020369e-02 -7.564151785343195544e-02
5.156408994065691331e+01 5.002440842646540542e-01 1.112795497617597856e-01 -2.225199570944813576e-02 -5.131362789099479238e-02
5.166408994065691473e+01 4.940005997690645190e-01 1.074471689620770526e-01 -1.008894404885529589e-01 -2.522612962552420179e-02
5.176408994065691616e+01 4.810184401095146112e-01 1.062199216003684860e-01 -1.564883961064585938e-01 4.432223668732505895e-04
5.186408994065691758e+01 4.623607035016497613e-01 1.074574191547567892e-01 -2.163031852756081563e-01 2.375854377594943667e-02
5.196408994065691900e+01 4.385394360621536203e-01 1.108328199104128553e-01 -2.569739951789234422e-01 4.292682179257278907e-02
5.206408994065692042e+01 4.121976628280146215e-01 1.158579631258958437e-01 -2.551114531509848793e-01 5.657666017025944627e-02
5.216408994065692184e+01 3.907905593583351767e-01 1.219480644279649501e-01 -1.640773712644210680e-01 6.427888829567848794e-02
5.226408994065692326e+01 3.802300983198607653e-01 1.285455695185826475e-01 -4.087863213369644089e-02 6.695518224278165786e-02
5.236408994065692468e+01 3.838160692319873557e-01 1.352277576144241267e-01 1.135134939458813108e-01 6.631321124677684586e-02
5.246408994065692610e+01 4.026870425876934445e-01 1.417712549335496675e-01 2.647666408004886174e-01 6.456102023677806612e-02
5.256408994065692752e+01 4.368041426219115841e-01 1.481788953323396330e-01 4.129052466155974654e-01 6.397578089020522496e-02
5.266408994065692895e+01 4.838353181025207284e-01 1.546760179788842227e-01 5.220179148711860950e-01 6.665388481652184671e-02
5.276408994065693037e+01 5.397347113318846645e-01 1.616677193130215684e-01 5.818889507282208884e-01 7.404522060350324231e-02
5.286408994065693179e+01 5.967546695579859506e-01 1.696586813104211666e-01 5.455678322132812008e-01 8.658836274547640488e-02
5.296408994065693321e+01 6.475210934875432756e-01 1.791245811508976882e-01 4.634611235412101071e-01 1.032826191087966861e-01
5.306408994065693463e+01 6.873118785055261082e-01 1.903897498057952609e-01 3.220152956976354286e-01 1.221786328173754266e-01
5.316408994065693605e+01 7.115883104783642388e-01 2.035407973807057402e-01 1.689220533942152325e-01 1.404861426853571682e-01
5.326408994065693747e+01 7.214033405866937532e-01 2.183686042179036613e-01 2.222532408936006565e-02 1.552502182177906143e-01
5.336408994065693889e+01 7.152627504537736325e-01 2.343799448132682650e-01 -1.437580883177586866e-01 1.636852588117974350e-01
5.346408994065694031e+01 6.934252200293655743e-01 2.508043712865177799e-01 -2.864854981016069502e-01 1.631054795183425610e-01
5.356408994065694174e+01 6.600971363136541870e-01 2.666337785653665193e-01 -3.704809526519500795e-01 1.515535980771088309e-01
5.366408994065694316e+01 6.198290372675667737e-01 2.807231714836316283e-01 -4.324085321263989590e-01 1.282669815701567018e-01
5.376408994065694458e+01 5.761139048421871633e-01 2.919007911609849404e-01 -4.246447502249501293e-01 9.344233298512646946e-02
5.386408994065694600e+01 5.369723191439033094e-01 2.990790780972401031e-01 -3.528612002006910608e-01 4.868363889294875790e-02
5.396408994065694742e+01 5.071887637340045663e-01 3.014032666507144853e-01 -2.316530781097312364e-01 -3.067915249679600831e-03
5.406408994065694884e+01 4.927132372274288241e-01 2.983638910763891650e-01 -4.950523634406236995e-02 -5.783326086364596469e-02
5.416408994065695026e+01 4.981838411362592423e-01 2.898997674348308684e-01 1.579859278296287250e-01 -1.106937602506711804e-01
5.426408994065695168e+01 5.229506814093232148e-01 2.764608583182511237e-01 3.259418600187311554e-01 -1.565121005077718119e-01
5.436408994065695310e+01 5.609594865081980464e-01 2.589766684844012068e-01 4.228408381683363970e-01 -1.910007398873228013e-01
5.446408994065695452e+01 6.045808473285769757e-01 2.387335446116319038e-01 4.303985649847155148e-01 -2.113666209344067515e-01
5.456408994065695595e+01 6.438696322218010470e-01 2.172062851133652328e-01 3.462804470987084771e-01 -2.167101164258117829e-01
5.466408994065695737e+01 6.719428524179276163e-01 1.958610038935305886e-01 2.018980570448652145e-01 -2.080167421951578666e-01
5.476408994065695879e+01 6.821370154218426851e-01 1.759887537204775365e-01 -3.148633053065397203e-03 -1.877953369801701744e-01
5.486408994065696021e+01 6.705105314154036211e-01 1.585604313828130885e-01 -2.328624865242119035e-01 -1.598421773704941096e-01
5.496408994065696163e+01 6.356807237416288725e-01 1.441287990732030844e-01 -4.589711545228286615e-01 -1.286375901024548740e-01
5.506408994065696305e+01 5.804678278245494205e-01 1.327897688268348253e-01 -6.313091873361957873e-01 -9.870050827803297788e-02
5.516408994065696447e+01 5.128306836008297287e-01 1.242226351193482514e-01 -7.038858260442212300e-01 -7.368956231973920745e-02
5.526408994065696589e+01 4.431257240868030634e-01 1.178170993824308316e-01 -6.757706899396147548e-01 -5.566282036574270176e-02
5.536408994065696731e+01 3.792186708165029008e-01 1.128432745523605812e-01 -5.975336422858750218e-01 -4.500812536459913860e-02
5.546408994065696874e+01 3.253291310237844680e-01 1.085925249663311359e-01 -4.708219646605965591e-01 -4.100712972819639535e-02
5.556408994065697016e+01 2.864435152060439416e-01 1.044749269768321109e-01 -2.990704363680698474e-01 -4.198664687812565105e-02
5.566408994065697158e+01 2.669745075128250877e-01 1.001135481131414789e-01 -8.918212603022604434e-02 -4.539097181979588613e-02
5.576408994065697300e+01 2.680292764112049975e-01 9.541962303213830099e-02 1.079485546366720505e-01 -4.811762068209649024e-02
5.586408994065697442e+01 2.873323335789030875e-01 9.061126397606616978e-02 2.649855355001669022e-01 -4.722999913149128481e-02
5.596408994065697584e+01 3.180157498207981104e-01 8.616696060040872351e-02 3.331871620949612423e-01 -4.059338060655097447e-02
5.606408994065697726e+01 3.508397817667159857e-01 8.270789669315724291e-02 3.132979137925223090e-01 -2.755081066059712758e-02
5.616408994065697868e+01 3.804686976188890180e-01 8.084568189611505973e-02 2.792837128427434479e-01 -8.851897738566563006e-03
5.626408994065698010e+01 4.056844980818167801e-01 8.108242329064906107e-02 2.198370107536792295e-01 1.417251917426540220e-02
5.636408994065698153e+01 4.230541185887441435e-01 8.376338800871746537e-02 1.148587036187916632e-01 3.966906025206374392e-02
5.646408994065698295e+01 4.272520847291261248e-01 8.901180825388201046e-02 -2.455594666451760277e-02 6.501386091100105902e-02
5.656408994065698437e+01 4.199508132453218523e-01 9.666180984890597461e-02 -1.175733441681015151e-01 8.725789845939231626e-02
5.666408994065698579e+01 4.051186127257066505e-01 1.062828918578615084e-01 -1.656448889776700462e-01 1.041147837519846575e-01
5.676408994065698721e+01 3.886998966275008183e-01 1.172589079614929641e-01 -1.606905278158825001e-01 1.142312027525458074e-01
5.686408994065698863e+01 3.733518441252561271e-01 1.288907995232239090e-01 -1.416921687868686330e-01 1.172134139598255825e-01
5.696408994065699005e+01 3.618490756724163648e-01 1.404697636201910349e-01 -7.846434556948048145e-02 1.132723736911206563e-01
5.706408994065699147e+01 3.592609848789420912e-01 1.513505713779913497e-01 3.110237103712543139e-02 1.035213125951380403e-01
5.716408994065699289e+01 3.687935798953142497e-01 1.610458785122790559e-01 1.616824455609837674e-01 8.994179333626015072e-02
5.726408994065699432e+01 3.912512303114908940e-01 1.692922638515206857e-01 2.853048872918699796e-01 7.495936277561503214e-02
5.736408994065699574e+01 4.253138572182580956e-01 1.760718281523478423e-01 3.859118875889149813e-01 6.098995556895169673e-02
5.746408994065699716e+01 4.657120941741048625e-01 1.815897951503024910e-01 4.153718390946708472e-01 4.996392111834044997e-02
5.756408994065699858e+01 5.078390921430009364e-01 1.861952831767714200e-01 4.180844160647897989e-01 4.284476280366020240e-02
5.766408994065700000e+01 5.471116253428141007e-01 1.902983202177083721e-01 3.632559418884678260e-01 3.987525823228028204e-02
5.776408994065700142e+01 5.804671501046405613e-01 1.942890027048501667e-01 3.027081291025654486e-01 4.046070078574062756e-02
5.786408994065700284e+01 6.073710501644473680e-01 1.984786406437011597e-01 2.314614574222168542e-01 4.368310754781441069e-02
5.796408994065700426e+01 6.247346939592035575e-01 2.030729452416465131e-01 1.057525653284412948e-01 4.829322343679455509e-02
5.806408994065700568e+01 6.281605120673150466e-01 2.081182671236665449e-01 -3.339783885067482139e-02 5.232943079345488135e-02
5.816408994065700711e+01 6.194725866445546236e-01 2.134484587876542272e-01 -1.284187086861933169e-01 5.367861382076814097e-02
5.826408994065700853e+01 6.046992865703318953e-01 2.187175404645314292e-01 -1.625660495013061257e-01 5.097108001586224402e-02
5.836408994065700995e+01 5.869394009120348921e-01 2.234922468721910749e-01 -1.928753550713038223e-01 4.375622804464025795e-02
5.846408994065701137e+01 5.666827150316614548e-01 2.273146243091941632e-01 -2.058625283614927137e-01 3.193158613227300296e-02
5.856408994065701279e+01 5.471287511394495873e-01 2.297360420566511574e-01 -1.799073429958574777e-01 1.585690315564889860e-02
5.866408994065701421e+01 5.322693624590040251e-01 2.303793938106600825e-01 -1.080222101130582646e-01 -3.388861511352855849e-03
5.876408994065701563e+01 5.250701006268271298e-01 2.290124705173587905e-01 -4.886582581819765708e-02 -2.401458574900489779e-02
5.886408994065701705e+01 5.216474202784896486e-01 2.255873823950745594e-01 -1.278754308391742006e-02 -4.432373632869980595e-02
5.896408994065701847e+01 5.227013723000990542e-01 2.202056323893877843e-01 2.630928469635641226e-02 -6.289639245643730003e-02
5.906408994065701989e+01 5.265176562753379752e-01 2.131101143523079777e-01 5.533943802979797433e-02 -7.841722432672282306e-02
5.916408994065702132e+01 5.339004499901705003e-01 2.046605336705035472e-01 8.543972531640511847e-02 -8.979264413934037736e-02
5.926408994065702274e+01 5.422695131262239565e-01 1.953186690678317683e-01 7.974162705672055429e-02 -9.618105157709354314e-02
5.936408994065702416e+01 5.499429190705775738e-01 1.855984564469702613e-01 7.260928956631865216e-02 -9.735139871042501614e-02
5.946408994065702558e+01 5.562530214317997768e-01 1.760197059652895968e-01 5.467498102346960570e-02 -9.339705301231110424e-02
5.956408994065702700e+01 5.616712113004539431e-01 1.670772853203644215e-01 5.180973633825747965e-02 -8.469108950077748610e-02
5.966408994065702842e+01 5.647329265596868764e-01 1.592233614840800615e-01 6.232994963576640735e-04 -7.176283004255096243e-02
5.976408994065702984e+01 5.607398959596039401e-01 1.528237804173271652e-01 -8.461639069196269514e-02 -5.588154633595081300e-02
5.986408994065703126e+01 5.482871940738153205e-01 1.480833465394734150e-01 -1.542670790656155977e-01 -3.890546418938388429e-02
5.996408994065703268e+01 5.310459815592241117e-01 1.450225681448950033e-01 -1.921756216362532077e-01 -2.251667461103744675e-02
6.000000000000000000e+01 5.238890804872586848e-01 1.443134550191977616e-01 -2.057254573525484631e-01 -1.702216415049768311e-02
