time[s] x1[m] x2[m] x1_dot[m/s] x2_dot[m/s]
0.000000000000000000e+00 0.000000000000000000e+00 0.000000000000000000e+00 0.000000000000000000e+00 0.000000000000000000e+00
9.999999999999999124e-05 2.771973869136537970e-08 3.331401941869106620e-15 5.543820806417693774e-04 1.002761414460876899e-10
1.100000000000000066e-03 3.352549472118596449e-06 4.878633251931986587e-12 6.094002552927619762e-03 1.374977316973897491e-08
1.110000000000000049e-02 3.397774190426367273e-04 9.565902178618305644e-09 6.105824854372646215e-02 3.039333289797024345e-06
5.918608465843080979e-02 9.420814025341832376e-03 4.707296129879997410e-06 3.129933774502146049e-01 3.052272768994278491e-04
1.591860846584308153e-01 6.381922056427222212e-02 2.156555312076633953e-04 7.547682187840105694e-01 5.246377988706594012e-03
2.591860846584308486e-01 1.555180172932177918e-01 1.411392004636051554e-03 1.049049558991597797e+00 2.082545547880908926e-02
3.591860846584308264e-01 2.676057614318658739e-01 4.854614161840789185e-03 1.168417983357162848e+00 5.051507757840757729e-02
4.591860846584308042e-01 3.852071632130795731e-01 1.200339590263404740e-02 1.163060434580571734e+00 9.479653968834281241e-02
5.591860846584307820e-01 4.955160567760998891e-01 2.423522243929403241e-02 1.017460451453291892e+00 1.516305205938077438e-01
6.591860846584307598e-01 5.841731341870590732e-01 4.259826091131227455e-02 7.429026538837597560e-01 2.164510116679959628e-01
7.591860846584307376e-01 6.438155905918564459e-01 6.757274222566136967e-02 4.525302063626863158e-01 2.826849024360867935e-01
8.591860846584307154e-01 6.751030169915068768e-01 9.894960901143864951e-02 1.793031389913089524e-01 3.433623611229855710e-01
9.591860846584306932e-01 6.815519626991751734e-01 1.358443898969254326e-01 -4.172625633915258425e-02 3.920581561360959588e-01
1.059186084658430671e+00 6.690859536947433295e-01 1.767867208470442764e-01 -1.900678809781685408e-01 4.235757630868968726e-01
1.159186084658430760e+00 6.471504183051260961e-01 2.198721249490802054e-01 -2.313351155020067218e-01 4.345513831500585344e-01
1.259186084658430849e+00 6.267703836443895282e-01 2.629768496952791801e-01 -1.588509100192201373e-01 4.240097779576873505e-01
1.359186084658430937e+00 6.167467771828603063e-01 3.040037281816441173e-01 -4.047820353226899703e-02 3.934044820886317684e-01
1.459186084658431026e+00 6.193129454859342964e-01 3.410883828553816777e-01 9.365221765584991198e-02 3.457524271690238793e-01
1.559186084658431115e+00 6.349456704806136775e-01 3.727164349133252896e-01 2.156723955188840636e-01 2.849778823614351753e-01
1.659186084658431204e+00 6.618914600682465066e-01 3.977910666011184038e-01 3.185058608240066702e-01 2.154216013612729186e-01
1.759186084658431293e+00 6.975554908845637003e-01 4.156549184601274760e-01 3.903154666295276520e-01 1.414811691514121506e-01
1.859186084658431382e+00 7.389054755413098086e-01 4.260800520477198705e-01 4.296353629998023171e-01 6.730878764532526037e-02
1.959186084658431470e+00 7.818133209595556909e-01 4.292317856020755884e-01 4.183900111387687248e-01 -3.439075159856974651e-03
2.059186084658431337e+00 8.203490737377706621e-01 4.256000800722184452e-01 3.423837603748723368e-01 -6.799253012141141805e-02
2.159186084658431426e+00 8.485961635752987675e-01 4.158947443373437469e-01 2.139679988407113265e-01 -1.247374379898277541e-01
2.259186084658431515e+00 8.617282643954018440e-01 4.009310874912295763e-01 4.514696649053687172e-02 -1.731595271859812657e-01
2.359186084658431604e+00 8.574502563615270523e-01 3.815283177737979758e-01 -1.302348473919474892e-01 -2.136311087167215572e-01
2.459186084658431692e+00 8.359340170350633148e-01 3.584426073485766917e-01 -2.980671366414870405e-01 -2.469771594603160647e-01
2.559186084658431781e+00 7.990612037092305053e-01 3.323370747652752422e-01 -4.271559935422974963e-01 -2.741881381112484806e-01
2.659186084658431870e+00 7.529169475662710331e-01 3.037867134481004316e-01 -4.900415132035774723e-01 -2.959208244887032158e-01
2.759186084658431959e+00 7.015783927113438123e-01 2.733334109521236566e-01 -5.312672936607576446e-01 -3.122385741973214279e-01
2.859186084658432048e+00 6.479925534543230503e-01 2.415234647004845803e-01 -5.360962656541576887e-01 -3.230109490575444053e-01
2.959186084658432137e+00 5.952305295030519972e-01 2.089281313618273905e-01 -5.125618031453327283e-01 -3.278714894737067564e-01
3.059186084658432225e+00 5.468446446176848941e-01 1.761648636127502165e-01 -4.499262701612697368e-01 -3.262505927503586145e-01
3.159186084658432314e+00 5.055980255929392042e-01 1.439209243478188904e-01 -3.774441829783601321e-01 -3.173478457751321979e-01
3.259186084658432403e+00 4.708527351084110246e-01 1.129594677635928635e-01 -3.167791784239143982e-01 -3.005377745895648212e-01
3.359186084658432492e+00 4.423044141322792777e-01 8.408335320948520653e-02 -2.580364195992466692e-01 -2.756388877643070612e-01
3.459186084658432581e+00 4.183830536515842358e-01 5.809352710490395255e-02 -2.208315507774890052e-01 -2.429079705100772035e-01
3.559186084658432669e+00 3.983059122251483286e-01 3.573600559484887973e-02 -1.828175879526285630e-01 -2.031572696292429370e-01
3.659186084658432758e+00 3.809305694835493639e-01 1.765731758042558136e-02 -1.674609020235468537e-01 -1.575703760611219528e-01
3.759186084658432847e+00 3.653255110740136757e-01 4.361190800225440631e-03 -1.385210663219862692e-01 -1.078035564537812574e-01
3.859186084658432936e+00 3.538139136978946109e-01 -3.819980121628820460e-03 -9.399304168568071993e-02 -5.553024693867304046e-02
3.959186084658433025e+00 3.457632160722666215e-01 -6.714796662332521600e-03 -6.973381877222961656e-02 -2.367379587205779845e-03
4.059186084658432669e+00 3.397272690290991104e-01 -4.326198844698690184e-03 -4.904912234056074682e-02 4.981279294783025335e-02
4.159186084658432314e+00 3.365820969577573152e-01 3.152431154897894668e-03 -1.295450197938613490e-02 9.914583018964710781e-02
4.259186084658431959e+00 3.366953996242073588e-01 1.535489638297327791e-02 1.354500742208385525e-02 1.440363404218728827e-01
4.359186084658431604e+00 3.395915836044637315e-01 3.176206165845193996e-02 4.756197236380564630e-02 1.830108886988321415e-01
4.459186084658431248e+00 3.466635100470321640e-01 5.172162317142083021e-02 9.340196930483911364e-02 2.149379775819729166e-01
4.559186084658430893e+00 3.575377347069595979e-01 7.449069723808288135e-02 1.214179476325873835e-01 2.390965607773291035e-01
4.659186084658430538e+00 3.717933314511170928e-01 9.926310992501161112e-02 1.716675800813887154e-01 2.549451581159488112e-01
4.759186084658430183e+00 3.922899248930033500e-01 1.252042791541714828e-01 2.341158264695589741e-01 2.625469206090959573e-01
4.859186084658429827e+00 4.180811715295952857e-01 1.515159427214768650e-01 2.830075119521505145e-01 2.624561459360997828e-01
4.959186084658429472e+00 4.490759018986067441e-01 1.774637213320664764e-01 3.338696462733451997e-01 2.554239380502724699e-01
5.059186084658429117e+00 4.838369428176487741e-01 2.024024511460447706e-01 3.587895532605960836e-01 2.424373238322310720e-01
5.159186084658428761e+00 5.209471900809237166e-01 2.257843463835905451e-01 3.825887285539065763e-01 2.244544126479429413e-01
5.259186084658428406e+00 5.594747406238483878e-01 2.471625052812438383e-01 3.832717075621974723e-01 2.025390995616232481e-01
5.359186084658428051e+00 5.967521675756904953e-01 2.661925093784180962e-01 3.563444135253471257e-01 1.776261617595586706e-01
5.459186084658427696e+00 6.297976233777458077e-01 2.826097099526026502e-01 3.038849101783731022e-01 1.503624498280197730e-01
5.559186084658427340e+00 6.574347333991166220e-01 2.962007628953290395e-01 2.459088614381715332e-01 1.211727893174761039e-01
5.659186084658426985e+00 6.787057335807940017e-01 3.067928436201212139e-01 1.815410784661741217e-01 9.043887719970851446e-02
5.759186084658426630e+00 6.939402830692602553e-01 3.142498486660690871e-01 1.215813681889113262e-01 5.854834487609562182e-02
5.859186084658426275e+00 7.029954024046346506e-01 3.184795199051905223e-01 6.291912147732031668e-02 2.596912837185956502e-02
5.959186084658425919e+00 7.074918833900644133e-01 3.194393069765296134e-01 2.976935776912591897e-02 -6.727241640006514922e-03
6.059186084658425564e+00 7.086960155263585248e-01 3.171588185091627210e-01 -7.547305566162884616e-03 -3.868625853300970002e-02
6.159186084658425209e+00 7.063147656311995481e-01 3.117542516155297205e-01 -3.853091540076738347e-02 -6.907655650617146315e-02
6.259186084658424853e+00 7.004332828464590044e-01 3.034226028254053964e-01 -8.109518767378989801e-02 -9.710576150594363298e-02
6.359186084658424498e+00 6.905983275906746321e-01 2.924319732184736398e-01 -1.159579615132192709e-01 -1.221655315931295671e-01
6.459186084658424143e+00 6.757663948521746011e-01 2.791047291256621432e-01 -1.861994797920503986e-01 -1.437950708834591917e-01
6.559186084658423788e+00 6.538061737963908326e-01 2.637860614221332889e-01 -2.503323142657133404e-01 -1.620291977423699292e-01
6.659186084658423432e+00 6.253322316136652459e-01 2.468057380773756582e-01 -3.195936126458650550e-01 -1.770682755183963231e-01
6.759186084658423077e+00 5.908789043515469963e-01 2.284680971438666774e-01 -3.630786284633675809e-01 -1.892257518659790083e-01
6.859186084658422722e+00 5.535718675580515447e-01 2.090524382342500154e-01 -3.794582721046788620e-01 -1.986196730911737596e-01
6.959186084658422367e+00 5.158662760251729873e-01 1.888415325120741950e-01 -3.699070571559784359e-01 -2.050837267837435363e-01
7.059186084658422011e+00 4.803423595595948115e-01 1.681468773838017405e-01 -3.394541224985960781e-01 -2.082063371536890806e-01
7.159186084658421656e+00 4.477082395778498869e-01 1.473295834998933351e-01 -3.134404428656515917e-01 -2.074586029583786462e-01
7.259186084658421301e+00 4.184491832469964812e-01 1.267967684175964060e-01 -2.672079989604114747e-01 -2.024566189485988987e-01
7.359186084658420945e+00 3.940536473870596135e-01 1.069942718153100575e-01 -2.248857691685682281e-01 -1.927845060351390805e-01
7.459186084658420590e+00 3.733922324962847816e-01 8.840248235075223726e-02 -1.865176436531875148e-01 -1.782412093147633936e-01
7.559186084658420235e+00 3.564304040215368619e-01 7.150620964747719799e-02 -1.549400653110867832e-01 -1.589041494170031488e-01
7.659186084658419880e+00 3.428624296479166889e-01 5.677032823221660890e-02 -1.143760379186285758e-01 -1.351060704765615905e-01
7.759186084658419524e+00 3.328429994589344743e-01 4.461847786323176052e-02 -8.880896285889332276e-02 -1.073198480530550558e-01
7.859186084658419169e+00 3.258351834089654453e-01 3.541418181540437887e-02 -4.834018728171292356e-02 -7.629228807812762914e-02
7.959186084658418814e+00 3.223536459693365219e-01 2.944223399520786918e-02 -2.690903037628309194e-02 -4.281455267284084432e-02
8.059186084658419347e+00 3.199881269064662748e-01 2.689673494293009712e-02 -2.120137718324057938e-02 -7.980844698547907845e-03
8.159186084658418991e+00 3.186463441325605994e-01 2.784586931740369239e-02 9.750842903256153049e-04 2.685492288166687475e-02
8.259186084658418636e+00 3.205412951881388972e-01 3.222949004553629648e-02 3.150267535571139865e-02 6.054954520511285354e-02
8.359186084658418281e+00 3.242372634309625412e-01 3.988382492168064675e-02 4.316972691664353046e-02 9.207894492206585013e-02
8.459186084658417926e+00 3.290987192935490024e-01 5.053517478863098905e-02 5.238973534540657118e-02 1.203084321757739300e-01
8.559186084658417570e+00 3.349777982647158536e-01 6.380053636366547765e-02 6.861373271134543761e-02 1.441990521665060809e-01
8.659186084658417215e+00 3.434090426879840563e-01 7.920483291298117956e-02 1.030393519625177057e-01 1.630005773520472601e-01
8.759186084658416860e+00 3.559503730843219804e-01 9.622098690699706913e-02 1.470932526448984756e-01 1.764248240821475466e-01
8.859186084658416505e+00 3.726705619610781728e-01 1.143123127590361665e-01 1.876560063868156214e-01 1.845299162338784882e-01
8.959186084658416149e+00 3.934646456488167798e-01 1.329580167201230567e-01 2.279391776965305205e-01 1.875734059043492330e-01
9.059186084658415794e+00 4.181082760731878456e-01 1.516734007855035371e-01 2.608665842016950620e-01 1.860132553366638797e-01
9.159186084658415439e+00 4.442262789735021422e-01 1.700240006243487478e-01 2.554785405811231813e-01 1.803384320768648963e-01
9.259186084658415083e+00 4.684296756503164016e-01 1.876101862238571949e-01 2.252930793378205288e-01 1.707313147422259147e-01
9.359186084658414728e+00 4.891608162521238756e-01 2.040387353830539485e-01 1.917355125531464699e-01 1.571823492397884103e-01
9.459186084658414373e+00 5.069043283851308868e-01 2.189184669948867901e-01 1.618608908489968246e-01 1.397945784930243462e-01
9.559186084658414018e+00 5.218646445211592155e-01 2.318798623479129684e-01 1.409269793930824632e-01 1.188832519258106873e-01
9.659186084658413662e+00 5.353540179061848647e-01 2.425968701155925000e-01 1.295916092599961600e-01 9.503205585103940978e-02
9.759186084658413307e+00 5.480899964170794503e-01 2.508164821413416123e-01 1.242514680266442739e-01 6.909447375058716534e-02
9.859186084658412952e+00 5.597468483832424013e-01 2.563791731168933441e-01 1.100770336048710885e-01 4.205424580878820706e-02
9.959186084658412597e+00 5.707256522823852540e-01 2.592230937083466191e-01 1.084723249329603983e-01 1.489584930382855527e-02
1.005918608465841224e+01 5.803401589067982425e-01 2.593899355610727597e-01 7.927520950865296623e-02 -1.133218996721524832e-02
1.015918608465841189e+01 5.865275168919548143e-01 2.570116972082657769e-01 4.539307003114888966e-02 -3.591155049679682632e-02
1.025918608465841153e+01 5.888681358509294528e-01 2.522803389597456092e-01 -3.702754478195645349e-03 -5.832105026419716343e-02
1.035918608465841118e+01 5.853532957493761124e-01 2.454277885031232176e-01 -6.618553381299306648e-02 -7.833076940017916212e-02
1.045918608465841082e+01 5.753767512614360591e-01 2.366924040211808022e-01 -1.344703333100252807e-01 -9.600121074143409816e-02
1.055918608465841046e+01 5.592297616530826909e-01 2.262984386118378488e-01 -1.826578577080420762e-01 -1.115363449453285055e-01
1.065918608465841011e+01 5.394072376705560945e-01 2.144545369214341246e-01 -2.103622477267480806e-01 -1.249846197135479342e-01
1.075918608465840975e+01 5.183728279430304120e-01 2.013773532321561921e-01 -2.071094240553836008e-01 -1.361433210023328955e-01
1.085918608465840940e+01 4.977762162029689130e-01 1.873177839473936790e-01 -2.052701361080004339e-01 -1.445520202811808874e-01
1.095918608465840904e+01 4.773043584861912381e-01 1.725716963027343620e-01 -2.055313545828432176e-01 -1.498226202749093905e-01
1.105918608465840869e+01 4.572109716530845525e-01 1.574655209480772811e-01 -1.900727948624950370e-01 -1.517218323719577711e-01
1.115918608465840833e+01 4.390525976602753233e-01 1.423492052802582120e-01 -1.807922765224095341e-01 -1.499742875363459516e-01
1.125918608465840798e+01 4.208966495517020290e-01 1.275941557371489121e-01 -1.761515161308676025e-01 -1.445280214025235765e-01
1.135918608465840762e+01 4.041467479626925652e-01 1.135620857454643223e-01 -1.621991907508146258e-01 -1.355284659361680744e-01
1.145918608465840727e+01 3.882618391562058791e-01 1.006003570606413822e-01 -1.537573450693719146e-01 -1.231788971055594040e-01
1.155918608465840691e+01 3.739691267296387789e-01 8.902536962223579764e-02 -1.270737049275100228e-01 -1.078532649628874268e-01
1.165918608465840656e+01 3.636921624970120837e-01 7.912057089080470895e-02 -7.903233323736966187e-02 -8.979360896676374937e-02
1.175918608465840620e+01 3.574300541927236674e-01 7.115380566875570412e-02 -4.865495863381287533e-02 -6.913350118391335675e-02
1.185918608465840585e+01 3.540908518657189807e-01 6.536712230813196411e-02 -1.635429600027614450e-02 -4.627677348899743304e-02
1.195918608465840549e+01 3.537954634568518664e-01 6.195469509848591794e-02 4.356594095886096030e-03 -2.174096865550506630e-02
1.205918608465840514e+01 3.541000459133074041e-01 6.104979599836286158e-02 1.900986903200790109e-03 3.707619616567257859e-03
1.215918608465840478e+01 3.540402040089566937e-01 6.269062177194391350e-02 -6.680516699897189742e-03 2.898622820824819576e-02
1.225918608465840443e+01 3.526581239416763380e-01 6.680156365587994194e-02 -1.744935331301053841e-02 5.290130030454315291e-02
1.235918608465840407e+01 3.506331092974238617e-01 7.318692566752960094e-02 -2.602762111383981683e-02 7.430173683612162350e-02
1.245918608465840371e+01 3.477236083992497617e-01 8.154387162961479474e-02 -2.559960723912731856e-02 9.217068261047958733e-02
1.255918608465840336e+01 3.465133152218505264e-01 9.147924482208326380e-02 1.491050138346015907e-03 1.058046788665898824e-01
1.265918608465840300e+01 3.474506033046676490e-01 1.025557922548613887e-01 1.617073222494723461e-02 1.149663955488669370e-01
1.275918608465840265e+01 3.507897603839206790e-01 1.143192802736008040e-01 5.855462602247577669e-02 1.195530450501591235e-01
1.285918608465840229e+01 3.596522302984968000e-01 1.263272745413372422e-01 1.170042865588941106e-01 1.199781436760673642e-01
1.295918608465840194e+01 3.741837459300822455e-01 1.382032775591655882e-01 1.736097940336763790e-01 1.170594279797695508e-01
1.305918608465840158e+01 3.937787165716149507e-01 1.496585235641101352e-01 2.143791702319026715e-01 1.117161149807031073e-01
1.315918608465840123e+01 4.161891060627866401e-01 1.604927656301584071e-01 2.281751235174689918e-01 1.047506584910756905e-01
1.325918608465840087e+01 4.389724055488150034e-01 1.705714007631046469e-01 2.294129433126994577e-01 9.666327142587753662e-02
1.335918608465840052e+01 4.615055003438094938e-01 1.798001170074160493e-01 2.129032369997416740e-01 8.780889430679780783e-02
1.345918608465840016e+01 4.806858907458317343e-01 1.881117664786090271e-01 1.698335020935911599e-01 7.830107037881085807e-02
1.355918608465839981e+01 4.944122690517179786e-01 1.954310863825790001e-01 9.869594533645408008e-02 6.790121143467980902e-02
1.365918608465839945e+01 5.008629997879567863e-01 2.016441254017807272e-01 3.684977708615508329e-02 5.607420358643690900e-02
1.375918608465839910e+01 5.025222633561539087e-01 2.065852984562448480e-01 3.256136748189808472e-04 4.244094992130603011e-02
1.385918608465839874e+01 5.020948242852903975e-01 2.100741443963403121e-01 -5.679016879189690073e-03 2.708191108914381751e-02
1.395672393249096999e+01 5.015755385068048078e-01 2.119351892452916442e-01 -2.750248720530414255e-03 1.094155380693464380e-02
1.405672393249096963e+01 5.018264597243783376e-01 2.121797270083675968e-01 5.429437943151801081e-03 -6.056620855144651677e-03
1.415672393249096928e+01 5.020042226169686428e-01 2.107353110600223289e-01 -5.107816050118571018e-03 -2.272140019730358590e-02
1.425672393249096892e+01 4.998561109115762791e-01 2.076647237331692153e-01 -4.201811075128607242e-02 -3.852279367783213726e-02
1.435672393249096856e+01 4.936292991441470490e-01 2.030649821496736673e-01 -7.978618134665205197e-02 -5.329771606013790353e-02
1.445672393249096821e+01 4.843288722389376133e-01 1.970423099921433385e-01 -1.044508432388737695e-01 -6.695441073852867464e-02
1.455672393249096785e+01 4.729273236775698996e-01 1.897184568619777467e-01 -1.242176699429719811e-01 -7.927972014684146751e-02
1.465672393249096750e+01 4.593871609113163723e-01 1.812381964909172416e-01 -1.460217436669698499e-01 -9.005364210379088186e-02
1.475672393249096714e+01 4.438495143255009046e-01 1.717643306330597364e-01 -1.643380123817421712e-01 -9.913009803204306247e-02
1.485672393249096679e+01 4.266610435829672476e-01 1.614726506826271446e-01 -1.775441588235254220e-01 -1.063926054981504526e-01
1.495672393249096643e+01 4.093310853714441921e-01 1.505508781254995543e-01 -1.625131364360769270e-01 -1.116912381868181148e-01
1.505672393249096608e+01 3.944566364617311249e-01 1.392139043033781276e-01 -1.387394297931896503e-01 -1.146046285526488573e-01
1.515672393249096572e+01 3.814005516815120456e-01 1.277243734788213181e-01 -1.184548183229405111e-01 -1.146911593967571003e-01
1.525672393249096537e+01 3.713483123049634016e-01 1.163806931292564739e-01 -8.292373729239058133e-02 -1.116234548825836559e-01
1.535672393249096501e+01 3.645950425812546913e-01 1.055167544092934090e-01 -5.334361723299539670e-02 -1.050515733405410768e-01
1.545672393249096466e+01 3.603468262739103478e-01 9.549213135001817510e-02 -3.331336406167949293e-02 -9.483706981426395788e-02
1.555672393249096430e+01 3.573647418485394467e-01 8.666592096278229185e-02 -3.040761153688336521e-02 -8.113832527673653372e-02
1.565672393249096395e+01 3.539880455368225043e-01 7.936298580310877093e-02 -3.526303639836457504e-02 -6.449174467833233837e-02
1.575672393249096359e+01 3.503174225514720241e-01 7.384046727321312564e-02 -4.039871226241265739e-02 -4.566170076104712761e-02
1.585672393249096324e+01 3.461695300912535078e-01 7.027458322492502463e-02 -3.723669813030672238e-02 -2.551105710495316786e-02
1.595672393249096288e+01 3.435410656560999310e-01 6.875592748147657529e-02 -1.539859137817772491e-02 -4.821965456049497750e-03
1.605672393249096430e+01 3.429078208622519663e-01 6.930864220742494197e-02 1.887279172019699219e-03 1.581820125632254700e-02
1.615672393249096572e+01 3.439390635349034442e-01 7.189742560629337753e-02 2.059479697347466054e-02 3.579547985602661575e-02
1.625672393249096714e+01 3.473098794297784231e-01 7.642690633628694552e-02 4.600661978407939723e-02 5.455339974734471631e-02
1.635672393249096856e+01 3.531639949167658110e-01 8.275291416155336477e-02 7.437713294902846550e-02 7.165859373921656950e-02
1.645672393249096999e+01 3.626643328959116008e-01 9.069377402942174760e-02 1.136064564072211958e-01 8.682746287596165846e-02
1.655672393249097141e+01 3.751266460179591977e-01 1.000500795052399611e-01 1.335193435930585037e-01 9.993850814625485079e-02
1.665672393249097283e+01 3.894073683502418115e-01 1.106049421529854693e-01 1.537208994743410051e-01 1.107576794646287499e-01
1.675672393249097425e+01 4.062289128646494052e-01 1.221200885630143729e-01 1.822772575153772667e-01 1.191394138413768983e-01
1.685672393249097567e+01 4.250091725866829151e-01 1.343523165105198758e-01 1.888015244302149176e-01 1.250967338281037400e-01
1.695672393249097709e+01 4.438843842709260246e-01 1.470542616573775607e-01 1.892191223364641794e-01 1.285013753042840989e-01
1.705672393249097851e+01 4.622789893169759190e-01 1.599624235888876256e-01 1.755265378909642571e-01 1.291961559128789738e-01
1.715672393249097993e+01 4.791860478510428512e-01 1.727964300861414837e-01 1.649136355106891050e-01 1.269864741730095670e-01
1.725672393249098135e+01 4.952402438956705621e-01 1.852605965337205673e-01 1.561129196301093425e-01 1.218066254641794743e-01
1.735672393249098278e+01 5.107966213808591283e-01 1.970622528061923284e-01 1.568992507529888003e-01 1.137715853810999100e-01
1.745672393249098420e+01 5.269750871025777883e-01 2.079312579753818946e-01 1.694708996341326157e-01 1.032354927029905250e-01
1.755672393249098562e+01 5.447021558322879820e-01 2.176466523454278212e-01 1.807213668043145816e-01 9.082087758709685155e-02
1.765672393249098704e+01 5.625105415885764959e-01 2.260549675572195716e-01 1.756148510093531734e-01 7.718569230235367007e-02
1.775672393249098846e+01 5.794045225874867588e-01 2.330602187089054478e-01 1.568020082823914363e-01 6.283786612879098399e-02
1.785672393249098988e+01 5.932965803100332947e-01 2.386096642295023884e-01 1.218991409583358165e-01 4.809661611466386349e-02
1.795672393249099130e+01 6.040142773814543009e-01 2.426711865474478480e-01 9.377957959212653016e-02 3.310824530743405186e-02
1.805672393249099272e+01 6.121376000105889226e-01 2.452305709308719439e-01 6.422741232778879372e-02 1.809835621126082081e-02
1.815672393249099414e+01 6.154136379979122662e-01 2.462952806335418077e-01 -7.501214096773123341e-04 3.200269056048822211e-03
1.825672393249099557e+01 6.128909576662732173e-01 2.458666181199135325e-01 -4.656109093535842208e-02 -1.180451398909359434e-02
1.835672393249099699e+01 6.057981106110832403e-01 2.439283406548297117e-01 -9.529157185903081029e-02 -2.699507199193648677e-02
1.845672393249099841e+01 5.945109247860064228e-01 2.404604371672245111e-01 -1.283130877117055479e-01 -4.239033789027822630e-02
1.855672393249099983e+01 5.803028986057374716e-01 2.354484345626458031e-01 -1.530661870461463847e-01 -5.783842092443533534e-02
1.865672393249100125e+01 5.645226338880598993e-01 2.289013158093544942e-01 -1.607026525700703257e-01 -7.302091153549332414e-02
1.875672393249100267e+01 5.487399527204179783e-01 2.208706058688890694e-01 -1.520757052436142176e-01 -8.740550205766177416e-02
1.885672393249100409e+01 5.338092138855262681e-01 2.114703039466383494e-01 -1.492000103277978662e-01 -1.002941122841671945e-01
1.895672393249100551e+01 5.193283127367245289e-01 2.008819498111471535e-01 -1.379348977723917069e-01 -1.110739489190844531e-01
1.905672393249100693e+01 5.054108270467589925e-01 1.893450991447236942e-01 -1.458959505748185503e-01 -1.191824282180724143e-01
1.915672393249100836e+01 4.902245361579853355e-01 1.771430795314603290e-01 -1.553672283210992822e-01 -1.243646222846536420e-01
1.925672393249100978e+01 4.742050164168871151e-01 1.645721555316196627e-01 -1.663836502830223218e-01 -1.265540795493832749e-01
1.935672393249101120e+01 4.569266055886204159e-01 1.519299658454864588e-01 -1.789831872547035518e-01 -1.258165951761784918e-01
1.945672393249101262e+01 4.388592087811801212e-01 1.394996375045668424e-01 -1.775979550972435761e-01 -1.223521577618152806e-01
1.955672393249101404e+01 4.220484624913366511e-01 1.275464307067799841e-01 -1.576892602700062929e-01 -1.162755480310948830e-01
1.965672393249101546e+01 4.074948771246144630e-01 1.163321421646413972e-01 -1.336815512553672092e-01 -1.075716771195618232e-01
1.975672393249101688e+01 3.949370746991014980e-01 1.061183769815152167e-01 -1.176576433041439107e-01 -9.628833901900056558e-02
1.985672393249101830e+01 3.843731922779535792e-01 9.715321176892767474e-02 -9.232363837197413159e-02 -8.263998485940707295e-02
1.995672393249101972e+01 3.766871043410069397e-01 8.966189535928212329e-02 -5.957576297578332652e-02 -6.684614630044703742e-02
2.005672393249102115e+01 3.720869370313311109e-01 8.384862474108623065e-02 -3.785389704053745974e-02 -4.912151772233219055e-02
2.015672393249102257e+01 3.688850877283285090e-01 7.988753630091845193e-02 -2.265468900686498990e-02 -2.990319343089078291e-02
2.025672393249102399e+01 3.678049831086321331e-01 7.789863871027591369e-02 1.038088048705004818e-04 -9.763507344017097189e-03
2.035672393249102541e+01 3.690685630997879163e-01 7.794809991741609434e-02 2.573098184037534569e-02 1.077611618530595686e-02
2.045672393249102683e+01 3.728046501447149774e-01 8.005022018881292889e-02 5.089501628060584537e-02 3.120448639827154425e-02
2.055672393249102825e+01 3.798575234685907520e-01 8.416966289986971272e-02 8.873522232998451442e-02 5.106225082860487569e-02
2.065672393249102967e+01 3.897555231298479028e-01 9.023233162530786000e-02 1.081505800500191933e-01 6.999959956601030375e-02
2.075672393249103109e+01 4.015099181374700565e-01 9.812271157583345171e-02 1.248915155276516531e-01 8.753310386231455409e-02
2.085672393249103251e+01 4.148092867719380128e-01 1.076753630852068377e-01 1.476972004705191244e-01 1.031633943715168367e-01
2.095672393249103393e+01 4.325779069226872164e-01 1.186825924267156385e-01 2.097359347576623345e-01 1.166343752410318874e-01
2.105672393249103536e+01 4.557371319950985211e-01 1.309385314320714033e-01 2.459205914607624499e-01 1.281815447770589256e-01
2.115672393249103678e+01 4.808536308295948136e-01 1.442562672589873807e-01 2.538191090818885387e-01 1.378397719622776185e-01
2.125672393249103820e+01 5.058597188062748939e-01 1.584340656563477667e-01 2.440949108031729153e-01 1.453190911999014123e-01
2.135672393249103962e+01 5.296216199581285089e-01 1.732329912280717032e-01 2.288473145442096457e-01 1.501884206907268537e-01
2.145672393249104104e+01 5.503656296349016541e-01 1.883692810483082181e-01 1.805997163423705976e-01 1.519693414303187606e-01
2.155672393249104246e+01 5.653514629318475704e-01 2.034992654973417914e-01 1.168682500212945286e-01 1.499223172224090905e-01
2.165672393249104388e+01 5.733408129231732930e-01 2.181981017760397101e-01 4.602220196424317011e-02 1.432068885270512681e-01
2.175672393249104530e+01 5.758391204721283740e-01 2.319621817402215125e-01 7.118759070803511169e-03 1.311634190682061940e-01
2.185672393249104672e+01 5.745769680662536905e-01 2.442496063734502232e-01 -3.174520213368499377e-02 1.136891841845229928e-01
2.195672393249104815e+01 5.705673609405749191e-01 2.545261556052793583e-01 -4.185729809758246406e-02 9.102244363697151175e-02
2.205672393249104957e+01 5.666778654017761152e-01 2.623073250961130420e-01 -3.697172108711501565e-02 6.396501081289666935e-02
2.215672393249105099e+01 5.633664021624810170e-01 2.672128168241181823e-01 -2.523248749658307810e-02 3.372525237399767728e-02
2.225672393249105241e+01 5.621815339498963393e-01 2.689949184099800772e-01 1.296190934959733781e-03 1.771887774884926825e-03
2.235672393249105383e+01 5.634399226513648884e-01 2.675670166659018245e-01 2.221195547050616725e-02 -3.018944494965816738e-02
2.245672393249105525e+01 5.657897917816118172e-01 2.630111998571127985e-01 2.084066770113535833e-02 -6.053996375490280218e-02
2.255672393249105667e+01 5.678440203849537404e-01 2.555558540440878712e-01 2.383782707791463895e-02 -8.798551274581846438e-02
2.265672393249105809e+01 5.703670697155723834e-01 2.455505765768905280e-01 2.217216385493650521e-02 -1.113458756773859498e-01
2.275672393249105951e+01 5.716493624896900050e-01 2.334545281947118522e-01 2.446137852860214013e-04 -1.296866861378593305e-01
2.285672393249106094e+01 5.691035202787518843e-01 2.197951697768266988e-01 -5.780814549139844105e-02 -1.425964653956023065e-01
2.295672393249106236e+01 5.602436763848820389e-01 2.051078565973333545e-01 -1.113830116656085722e-01 -1.503314550154805640e-01
2.305672393249106378e+01 5.482573915532121811e-01 1.898877375795644529e-01 -1.256871175796688278e-01 -1.532874877139593084e-01
2.315672393249106520e+01 5.354086961764638053e-01 1.746055193140594319e-01 -1.279299517624808979e-01 -1.515907909950978405e-01
2.325672393249106662e+01 5.233497866162616363e-01 1.597216335563820255e-01 -1.114042232594597143e-01 -1.453291360311556590e-01
2.335672393249106804e+01 5.138472871380064255e-01 1.456908413978091066e-01 -7.210186992495294656e-02 -1.345285747808093180e-01
2.345672393249106946e+01 5.095877553866408061e-01 1.329710524139504912e-01 -1.661928864747322376e-02 -1.190718173648683265e-01
2.355672393249107088e+01 5.093540006375092410e-01 1.220347327376050256e-01 7.708633766629169326e-03 -9.889084674734612002e-02
2.365672393249107230e+01 5.101921376547348119e-01 1.133342239869368634e-01 2.178045913022891647e-03 -7.448930682800153358e-02
2.375672393249107373e+01 5.088714154187318206e-01 1.072405079065471556e-01 -2.789453593352390209e-02 -4.699571408272590345e-02
2.385672393249107515e+01 5.051978492870401460e-01 1.039866293242356354e-01 -4.355326342981315213e-02 -1.794960896468974360e-02
2.395672393249107657e+01 5.004142943381775233e-01 1.036534797526307422e-01 -5.101300686895414438e-02 1.118650297143953740e-02
2.405672393249107799e+01 4.949786052211642140e-01 1.061820969269077763e-01 -5.831121045976291051e-02 3.906891640886883676e-02
2.415672393249107941e+01 4.889662380180385681e-01 1.113829544064962179e-01 -6.012343876832105388e-02 6.442880350099339237e-02
2.425672393249108083e+01 4.829734094390125687e-01 1.189470288793082059e-01 -6.053374453399483490e-02 8.616882593832821124e-02
2.435672393249108225e+01 4.769092185771534598e-01 1.284653260630279348e-01 -6.025196056823488300e-02 1.033742319365362761e-01
2.445672393249108367e+01 4.709038814476163015e-01 1.394465552032267408e-01 -5.929300525247470366e-02 1.153270852628710125e-01
2.455672393249108509e+01 4.656370733056499622e-01 1.513398704782620285e-01 -4.115576144625406052e-02 1.215706383740308566e-01
2.465672393249108652e+01 4.635673086081281147e-01 1.635706148855989306e-01 2.215714184330946912e-03 1.221328432133995806e-01
2.475672393249108794e+01 4.663228371431576980e-01 1.755963887110953969e-01 5.523286620430243460e-02 1.176043949243580633e-01
2.485672393249108936e+01 4.752909732599533976e-01 1.869542399990906101e-01 1.255036946015837818e-01 1.089740668302161819e-01
2.495672393249109078e+01 4.910370600464513124e-01 1.972993664937476854e-01 1.860934995509062051e-01 9.758680350693961503e-02
2.505672393249109220e+01 5.117240701556520222e-01 2.064246709536594060e-01 2.230721511026856063e-01 8.478259308606139744e-02
2.515672393249109362e+01 5.351216297441723224e-01 2.142447705753496578e-01 2.442089265950511678e-01 7.163818829172380331e-02
2.525672393249109504e+01 5.597669146757148217e-01 2.207695861197879472e-01 2.404512329981871033e-01 5.899936151380964083e-02
2.535672393249109646e+01 5.819196943717035442e-01 2.260769495443443466e-01 2.001297402562397520e-01 4.731031896175039164e-02
2.545672393249109788e+01 5.995492837810877385e-01 2.302615141293780920e-01 1.513463430255970188e-01 3.651230961514989604e-02
2.555672393249109930e+01 6.120181681097249804e-01 2.334008806458718333e-01 9.617625585138420141e-02 2.635477680054757604e-02
2.565672393249110073e+01 6.182692003321794694e-01 2.355411129715294927e-01 2.778240133146188395e-02 1.644861181525459834e-02
2.575672393249110215e+01 6.175530728762511634e-01 2.366805515506645030e-01 -4.312799151605498094e-02 6.240873037405956017e-03
2.585672393249110357e+01 6.096768236858131074e-01 2.367593291836922742e-01 -1.116312333203905299e-01 -4.863877364594693803e-03
2.595672393249110499e+01 5.958167221685113368e-01 2.356610035910386980e-01 -1.616537036060016752e-01 -1.736131980684910842e-02
2.605672393249110641e+01 5.793149924661999961e-01 2.332352631664697251e-01 -1.554828428741726332e-01 -3.138173666604352624e-02
2.615672393249110783e+01 5.657933814904646530e-01 2.293556150932888060e-01 -1.161389059359460296e-01 -4.625785649050261072e-02
2.625672393249110925e+01 5.561805546125806465e-01 2.239940204304775584e-01 -7.606491403479084812e-02 -6.082272454056505268e-02
2.635672393249111067e+01 5.495463830127073068e-01 2.172401013232088951e-01 -6.131526233566308992e-02 -7.393389952641660212e-02
2.645672393249111209e+01 5.444802863164993623e-01 2.092829660853419149e-01 -3.476376257958445348e-02 -8.476731255602247550e-02
2.655672393249111352e+01 5.428206095657064356e-01 2.003901249150021324e-01 1.339373721776122850e-03 -9.249779565421692440e-02
2.665672393249111494e+01 5.443240027432868500e-01 1.909147094043091852e-01 2.061025606530195176e-02 -9.630105672201882960e-02
2.675672393249111636e+01 5.451556751847627114e-01 1.812739336806840351e-01 -7.112967400699728160e-03 -9.581511013551959055e-02
2.685672393249111778e+01 5.427017484984834050e-01 1.718825925066771454e-01 -4.591255579312307489e-02 -9.141050002769600391e-02
2.695672393249111920e+01 5.357269338222141464e-01 1.630972068497035521e-01 -8.798137670600357507e-02 -8.385217113728765659e-02
2.705672393249112062e+01 5.259449223648051674e-01 1.551877434620303198e-01 -1.107255224485503287e-01 -7.401835825700280036e-02
2.715672393249112204e+01 5.127382885843216886e-01 1.483426014610657595e-01 -1.529160008316531871e-01 -6.272656432980580621e-02
2.725672393249112346e+01 4.961704767106334679e-01 1.426566088279330735e-01 -1.740822022418752058e-01 -5.099824251284056087e-02
2.735672393249112488e+01 4.786848601739416287e-01 1.381305869841869260e-01 -1.718577384726698298e-01 -3.962957808658577885e-02
2.745672393249112631e+01 4.623896176229971844e-01 1.347035858247873918e-01 -1.526572709008801876e-01 -2.906468157177415079e-02
2.755672393249112773e+01 4.483508796417961517e-01 1.322847594017620143e-01 -1.259665481405287391e-01 -1.948218696667574842e-02
2.765672393249112915e+01 4.376978249523512665e-01 1.307741525827649520e-01 -8.640924872094146725e-02 -1.088101005808139385e-02
2.775672393249113057e+01 4.310579437866700059e-01 1.300821718615642331e-01 -4.474659822160170775e-02 -3.070300957600539428e-03
2.785672393249113199e+01 4.288774896044502127e-01 1.301431838564784949e-01 -3.126889419224739008e-03 4.235379895643040689e-03
2.795672393249113341e+01 4.290545886105278095e-01 1.309205964250967358e-01 2.029203994175982247e-03 1.126213579195947667e-02
2.805672393249113483e+01 4.291481212179437676e-01 1.323803188582130808e-01 1.668174695011575333e-03 1.782945332782017930e-02
2.815672393249113625e+01 4.300798014641373790e-01 1.344625237190203437e-01 2.087062511148568555e-02 2.368886781903773581e-02
2.825672393249113767e+01 4.336089347856528775e-01 1.370950845341329660e-01 4.891455037149321922e-02 2.886279139374393898e-02
2.835672393249113910e+01 4.397608051680928498e-01 1.402180713742694484e-01 7.371682681514522828e-02 3.352584228755327300e-02
2.845672393249114052e+01 4.479439506377513314e-01 1.437883749347933227e-01 8.668676071126114879e-02 3.782698184399162916e-02
2.855672393249114194e+01 4.566043497261077500e-01 1.477715585900429562e-01 8.508477228443286910e-02 4.176443020801135636e-02
2.865672393249114336e+01 4.645563696397790876e-01 1.521230112024793135e-01 7.095186680182551109e-02 4.514917706160062605e-02
2.875672393249114478e+01 4.706181531712573807e-01 1.567715369393251901e-01 5.336549275697878569e-02 4.763741610482736394e-02
2.885672393249114620e+01 4.758440437116953081e-01 1.616095757888188766e-01 5.002894424303323817e-02 4.890822787063374422e-02
2.895672393249114762e+01 4.799716163181189654e-01 1.665077697454769301e-01 3.106145517628803102e-02 4.880906456909474278e-02
2.905672393249114904e+01 4.820203001199930282e-01 1.713174927271978731e-01 9.257592899372113493e-03 4.709490130124562718e-02
2.915672393249115046e+01 4.820683008494532906e-01 1.758649638072147803e-01 -4.352177063947500549e-03 4.353357525376051751e-02
2.925672393249115188e+01 4.816097318377675074e-01 1.799613551687838930e-01 -5.099280012862406758e-03 3.809564303194996893e-02
2.935672393249115331e+01 4.813722445940707972e-01 1.834285417844627453e-01 4.517085082242303790e-03 3.099864885077768806e-02
2.945672393249115473e+01 4.828636088291703432e-01 1.861205145758123847e-01 2.315368358649086411e-02 2.269077708092156684e-02
2.955672393249115615e+01 4.853630629540207631e-01 1.879459691488934159e-01 2.410180418618886738e-02 1.375285861607580644e-02
2.965672393249115757e+01 4.873062737694148772e-01 1.888634329395270095e-01 1.430337085551357419e-02 4.580421708442828158e-03
2.975672393249115899e+01 4.882301078392462523e-01 1.888628849231570594e-01 2.616583573654705785e-03 -4.567112190011974812e-03
2.985672393249116041e+01 4.872152259618864334e-01 1.879573858551560339e-01 -2.444486066646415004e-02 -1.350250391553539132e-02
2.995672393249116183e+01 4.838455193011744759e-01 1.861701338673471540e-01 -3.862207660731866582e-02 -2.219803674514177899e-02
3.005672393249116325e+01 4.797782323308325547e-01 1.835309299306889241e-01 -4.412101437358167955e-02 -3.049596565058170644e-02
3.015672393249116467e+01 4.751748699788802544e-01 1.800929169073781921e-01 -4.263897714463477789e-02 -3.813261064543758266e-02
3.025672393249116610e+01 4.724282404601525265e-01 1.759390340369323402e-01 -1.040901827611446367e-02 -4.471528682627162743e-02
3.035672393249116752e+01 4.727213446293540011e-01 1.712080652992243046e-01 1.411755463582747144e-02 -4.955989185856812806e-02
3.045672393249116894e+01 4.747096452273246725e-01 1.661036665245551047e-01 2.045054802992938431e-02 -5.211727470974746729e-02
3.055672393249117036e+01 4.758818238746168605e-01 1.608670630059088891e-01 1.187962503267431941e-03 -5.221770900632655837e-02
3.065672393249117178e+01 4.745904793676084532e-01 1.557335883746552574e-01 -2.841901022347858782e-02 -5.012233150517774599e-02
3.075672393249117320e+01 4.712167493957381548e-01 1.508998145299826898e-01 -3.037541889638411402e-02 -4.629756257273091868e-02
3.085672393249117462e+01 4.683955174267791510e-01 1.465243283703668298e-01 -3.349841662789886099e-02 -4.097042958972391818e-02
3.095672393249117604e+01 4.645948113680998803e-01 1.427468883223790008e-01 -3.624899963550062831e-02 -3.440788466897776177e-02
3.105672393249117746e+01 4.609121347027544946e-01 1.396731530069828253e-01 -4.309974868828322925e-02 -2.693914210798018655e-02
3.115672393249117889e+01 4.559963450768583226e-01 1.373757501871908926e-01 -5.337096137673302820e-02 -1.896922040707089627e-02
3.125672393249118031e+01 4.497444540647154709e-01 1.358792130373796536e-01 -7.259986180378374954e-02 -1.100986436033091209e-02
3.135672393249118173e+01 4.421699656305516646e-01 1.351543614670276949e-01 -7.743819430131446135e-02 -3.621917184955265184e-03
3.145672393249118315e+01 4.339722868489667706e-01 1.351218229035882346e-01 -8.592092378188138924e-02 2.772747140207300516e-03
3.155672393249118457e+01 4.252542050856764622e-01 1.356634504888477866e-01 -8.865491210607123751e-02 7.809441517031156903e-03
3.165672393249118599e+01 4.165698253015779340e-01 1.366299553241309417e-01 -8.147392002667694366e-02 1.124070337214178560e-02
3.175672393249118741e+01 4.093382443490197753e-01 1.378567273719426001e-01 -6.142419298412664375e-02 1.303362441819731418e-02
3.185672393249118883e+01 4.047197942886813782e-01 1.391893651515568597e-01 -3.218913808043923769e-02 1.341533657302873203e-02
3.195672393249119025e+01 4.026131410718382653e-01 1.405052978467591640e-01 -5.308219012144104604e-03 1.275991235149956035e-02
3.205672393249118812e+01 4.046763792471120280e-01 1.417223240001465323e-01 4.386597204874444211e-02 1.154887565203912246e-02
3.215672393249118954e+01 4.103174427696644200e-01 1.428195295881340143e-01 6.766953852413731818e-02 1.045615742167609920e-02
3.225672393249119096e+01 4.179237229451717162e-01 1.438316463618148910e-01 7.980087553975095949e-02 9.901203182623243698e-03
3.235672393249119239e+01 4.257517976339884602e-01 1.448239731697776589e-01 7.711728507624472650e-02 1.006420936197373849e-02
3.245672393249119381e+01 4.332715950127782323e-01 1.458673922372892284e-01 7.362698150097833627e-02 1.091223463434334677e-02
3.255672393249119523e+01 4.409819404772105100e-01 1.470270379156169149e-01 8.110576203857480793e-02 1.238528170168864094e-02
3.265672393249119665e+01 4.489834595674819240e-01 1.483656334770734608e-01 7.824201823323118088e-02 1.448540070654301751e-02
3.275672393249119807e+01 4.570983050710777373e-01 1.499418394050775205e-01 8.496296924089424829e-02 1.712334194839043588e-02
3.285672393249119949e+01 4.654416570106813533e-01 1.518066700451310702e-01 7.817542661655335623e-02 2.024353278947623944e-02
3.295672393249120091e+01 4.726171966560602233e-01 1.539993500867783971e-01 6.929267628330858242e-02 2.362652914462654366e-02
3.305672393249120233e+01 4.801290174984129688e-01 1.565327933430776808e-01 7.995907774845234517e-02 2.704542815998403973e-02
3.315672393249120375e+01 4.877168114935093168e-01 1.594080287208101132e-01 6.967972746842970855e-02 3.043914749170979761e-02
3.325672393249120518e+01 4.941522128076192844e-01 1.626112854457299195e-01 5.775242399308893465e-02 3.355449254550587485e-02
3.335672393249120660e+01 4.986448756326387066e-01 1.660987098105082826e-01 2.954371560955903683e-02 3.605488756601231415e-02
3.345672393249120802e+01 4.997589495658162906e-01 1.697850411776373192e-01 -7.133491445604201592e-03 3.743601981037716908e-02
3.355672393249120944e+01 4.978099978915897506e-01 1.735298478114204734e-01 -2.765004260479704198e-02 3.714627331219994694e-02
3.365672393249121086e+01 4.948896302545098824e-01 1.771490733708358245e-01 -2.759292787687431248e-02 3.491188122332000016e-02
3.375672393249121228e+01 4.926788376772536782e-01 1.804503388133958941e-01 -1.771633246934321490e-02 3.082889423103967255e-02
3.385672393249121370e+01 4.909994861947228895e-01 1.832628914286130173e-01 -1.590926751750304513e-02 2.518439824461042240e-02
3.395672393249121512e+01 4.895010630787012262e-01 1.854444347163135276e-01 -1.470618713707608910e-02 1.825828298263367303e-02
3.405672393249121654e+01 4.882621239848089489e-01 1.868822937002680706e-01 -8.107192147732651677e-03 1.036908125644482766e-02
3.415672393249121797e+01 4.878926314693043942e-01 1.875002205115619824e-01 1.070576694754323682e-04 1.939721135231980281e-03
3.425672393249121939e+01 4.882302658652063476e-01 1.872680807389233426e-01 4.129066560872346643e-03 -6.555060450987984511e-03
3.435672393249122081e+01 4.881265042306836555e-01 1.862002000724466422e-01 -4.228889064686334846e-03 -1.472873583003731293e-02
3.445350609411285348e+01 4.883005796040232882e-01 1.844136626413263869e-01 8.073907976102225048e-03 -2.206156536593412154e-02
3.455350609411285490e+01 4.889610548079117436e-01 1.818694680595842050e-01 4.104025355539827474e-03 -2.862507498891668500e-02
3.465350609411285632e+01 4.897819531824099126e-01 1.787318270916983254e-01 1.428328973589704405e-02 -3.388511416907820373e-02
3.475350609411285774e+01 4.916720653019399645e-01 1.751472066870670696e-01 2.299699834702637752e-02 -3.750702826020217012e-02
3.485350609411285916e+01 4.942394647122359541e-01 1.712944370760679791e-01 2.673196795245096069e-02 -3.921310053690167663e-02
3.495350609411286058e+01 4.969360759133847338e-01 1.673726922619013235e-01 2.702089378525976762e-02 -3.887995434059932087e-02
3.505350609411286200e+01 4.992149024015967163e-01 1.635857057322376296e-01 1.793233377806448953e-02 -3.653805557632617412e-02
3.515350609411286342e+01 5.013085324870437676e-01 1.601256790235004446e-01 2.693239791036650815e-02 -3.236917630352293546e-02
3.525350609411286484e+01 5.040069723009855673e-01 1.571697151949459359e-01 2.373874324358558885e-02 -2.647660192413689786e-02
3.535350609411286626e+01 5.063880562882189240e-01 1.548790681813021208e-01 2.571897787234725744e-02 -1.911946064577854654e-02
3.545350609411286769e+01 5.085618856754688943e-01 1.533842590195343969e-01 1.333110956086121235e-02 -1.062008455251187838e-02
3.555350609411286911e+01 5.087860110948091430e-01 1.527755844351498249e-01 -7.720759643075909145e-03 -1.508931149261682689e-03
3.565350609411287053e+01 5.071535008814124224e-01 1.530803620590478475e-01 -2.629829254935123553e-02 7.540519256321567138e-03
3.575350609411287195e+01 5.031257798072994447e-01 1.542593094058454517e-01 -5.380756271668123841e-02 1.585397077267312882e-02
3.585350609411287337e+01 4.969833912428455180e-01 1.562027485465147247e-01 -6.644299046764298722e-02 2.272589681925193603e-02
3.595350609411287479e+01 4.903770545040498363e-01 1.587404320279268977e-01 -6.115576927494618953e-02 2.768662339282506116e-02
3.605350609411287621e+01 4.852557041677588723e-01 1.616719993808110878e-01 -4.261164612331397317e-02 3.061490158430303643e-02
3.615350609411287763e+01 4.819923718362277287e-01 1.647999121997171523e-01 -1.800731943916874384e-02 3.164335102411121314e-02
3.625350609411287905e+01 4.819630180754412296e-01 1.679481212962112280e-01 1.324798000640791534e-02 3.110128944668985249e-02
3.635350609411288048e+01 4.836645292971762378e-01 1.709822853452466207e-01 1.741477134733307452e-02 2.941045077249926365e-02
3.645350609411288190e+01 4.850585023266922313e-01 1.737969760231861116e-01 1.075163301733585847e-02 2.671860305557008028e-02
3.655350609411288332e+01 4.860199539351686693e-01 1.762939219087876486e-01 7.137843402586361435e-03 2.306837213975926684e-02
3.665350609411288474e+01 4.860491375388446555e-01 1.783813105103752572e-01 -6.245214161420740290e-03 1.853289716947230034e-02
3.675350609411288616e+01 4.850047284752488364e-01 1.799717348528946381e-01 -1.472070900143586207e-02 1.313902997514665438e-02
3.685350609411288758e+01 4.835254406626557921e-01 1.809839868978964372e-01 -8.828706953812444358e-03 6.998885079155478875e-03
3.695350609411288900e+01 4.843856483833596238e-01 1.813588604416352112e-01 2.959494382422960673e-02 4.961297227978039154e-04
3.705350609411289042e+01 4.899803391916490169e-01 1.810980902545817617e-01 8.288735108881005453e-02 -5.553304085980246586e-03
3.715350609411289184e+01 5.002955427074740058e-01 1.802963052287327728e-01 1.187977359146115408e-01 -1.017149030775670038e-02
3.725350609411289327e+01 5.129392968261836661e-01 1.791353930270353778e-01 1.277129100258276029e-01 -1.265610071621246085e-02
3.735350609411289469e+01 5.241923081000114948e-01 1.778431248001634268e-01 9.226305060323208851e-02 -1.282647461254490286e-02
3.745350609411289611e+01 5.310861269546222063e-01 1.766320248963429151e-01 4.274356651009573321e-02 -1.114595143832344294e-02
3.755350609411289753e+01 5.319196211975061317e-01 1.756487070265262684e-01 -2.633774990849471059e-02 -8.435590691683472406e-03
3.765350609411289895e+01 5.264785266793174934e-01 1.749437924091404861e-01 -8.079935389967596304e-02 -5.749110896730927345e-03
3.775350609411290037e+01 5.155985792273054535e-01 1.744670212193680514e-01 -1.362714208915422331e-01 -4.019886115338404918e-03
3.785350609411290179e+01 4.997833465535911901e-01 1.740795202410883591e-01 -1.771046285255103991e-01 -4.088795068270648786e-03
3.795350609411290321e+01 4.807936870761238546e-01 1.735696266921978592e-01 -1.982079814158275999e-01 -6.534581752522588757e-03
3.805350609411290463e+01 4.611940891901349926e-01 1.726870245720806829e-01 -1.890221046534126537e-01 -1.152905177125785816e-02
3.815350609411290606e+01 4.436740841719946093e-01 1.711898166738479166e-01 -1.581638897652552778e-01 -1.873051354629650528e-02
3.825350609411290748e+01 4.307921961741023598e-01 1.688927603719622139e-01 -9.133426085707048447e-02 -2.735650009801552512e-02
3.835350609411290890e+01 4.258247511570860122e-01 1.657146882415102274e-01 -1.435458146876926466e-02 -3.609210637226445417e-02
3.845350609411291032e+01 4.264235784568307652e-01 1.617180703445758594e-01 2.161908414734112910e-02 -4.353865750017677644e-02
3.855350609411291174e+01 4.294863827792458344e-01 1.570787744034090050e-01 3.782419305081635708e-02 -4.884281225512084046e-02
3.865350609411291316e+01 4.343226435508255601e-01 1.520372011822939684e-01 6.160017934319925170e-02 -5.151458904104135039e-02
3.875350609411291458e+01 4.417391534282107957e-01 1.468783803851506364e-01 8.498089917366359602e-02 -5.111633715879070061e-02
3.885350609411291600e+01 4.507687488590451652e-01 1.419266770828110369e-01 8.903000965761379004e-02 -4.734866935957439404e-02
3.895350609411291742e+01 4.578944451474569743e-01 1.375164697198945907e-01 4.818383746394647171e-02 -4.037460544594741185e-02
3.905350609411291884e+01 4.599448726890071892e-01 1.339305584553711626e-01 -8.722274286957425182e-03 -3.104618753326315525e-02
3.915350609411292027e+01 4.561157242008503365e-01 1.313455209697104997e-01 -6.667697937711460077e-02 -2.057129574562576585e-02
3.925350609411292169e+01 4.468174496285081676e-01 1.298120328363046860e-01 -1.168164194176546378e-01 -1.022134184172159704e-02
3.935350609411292311e+01 4.339098853662263777e-01 1.292592372534604184e-01 -1.343250597106122601e-01 -1.113092309844907965e-03
3.945350609411292453e+01 4.212852473191739944e-01 1.295267307076090890e-01 -1.111175619175915064e-01 6.136291688410589265e-03
3.955350609411292595e+01 4.124979228266713038e-01 1.304250256402720021e-01 -6.515808754900939692e-02 1.155543673935564841e-02
3.965350609411292737e+01 4.084125658055252073e-01 1.317904849262570011e-01 -1.242845309091432371e-02 1.555941300838372364e-02
3.975350609411292879e+01 4.102931568078288516e-01 1.335098197069976844e-01 4.648701244456134724e-02 1.875542800363220325e-02
3.985350609411293021e+01 4.168329864880541136e-01 1.355373389243766102e-01 8.084048233988291865e-02 2.181233735636756849e-02
3.995350609411293163e+01 4.261774206739777360e-01 1.378805348151929122e-01 1.078225254263037169e-01 2.511265952665279327e-02
4.005350609411293306e+01 4.385573991196652366e-01 1.405770055568534571e-01 1.350489627373045176e-01 2.892813546265641383e-02
4.015350609411293448e+01 4.517419342454930264e-01 1.436893531885493069e-01 1.243430630876669746e-01 3.341760976978224579e-02
4.025350609411293590e+01 4.633423036267964035e-01 1.472730660904610356e-01 1.092267139846780089e-01 3.828199592584628080e-02
4.035350609411293732e+01 4.739920687595414739e-01 1.513445885931719859e-01 1.045293723102898031e-01 4.311709579225522782e-02
4.045350609411293874e+01 4.837747073270387554e-01 1.558855594441711512e-01 8.734330123393638234e-02 4.761756400013952839e-02
4.055350609411294016e+01 4.910686644698432635e-01 1.608424279068443319e-01 5.943550178852598925e-02 5.134368795125863333e-02
4.065350609411294158e+01 4.963160958456446226e-01 1.661108956829637495e-01 4.729335129097268775e-02 5.377876854287862857e-02
4.075350609411294300e+01 4.996582360688264224e-01 1.715443009389545637e-01 1.349492042868254138e-02 5.458643512141996695e-02
4.085350609411294442e+01 4.989519927128968635e-01 1.769573976545332772e-01 -2.510045389627340445e-02 5.327333095272832053e-02
4.095350609411294585e+01 4.945916940758832703e-01 1.821114719769695300e-01 -6.257497940149833737e-02 4.933781693543808078e-02
4.105350609411294727e+01 4.866634497458967590e-01 1.867253683012281562e-01 -9.552718995032416505e-02 4.242223580634027491e-02
4.115350609411294869e+01 4.761158222468239720e-01 1.904905437512522670e-01 -1.063435636101499604e-01 3.235946650498774946e-02
4.125350609411295011e+01 4.670935848801643919e-01 1.931024718162338838e-01 -7.078070523290078131e-02 1.948109961289686692e-02
4.135350609411295153e+01 4.624323115129375106e-01 1.943266723226741433e-01 -1.993869739268800539e-02 4.809421164944037083e-03
4.145350609411295295e+01 4.627004021685897639e-01 1.940489304557160288e-01 2.078273899766021338e-02 -1.033052071826935994e-02
4.155350609411295437e+01 4.662721363499514604e-01 1.922860665769515198e-01 4.918012343132238673e-02 -2.471055296949532798e-02
4.165350609411295579e+01 4.717228592557191069e-01 1.891655082840490720e-01 5.761942331816532342e-02 -3.734417117510120676e-02
4.175350609411295721e+01 4.779559213127165807e-01 1.848984631928630995e-01 6.647984694657416149e-02 -4.754155563041777277e-02
4.185350609411295864e+01 4.847018199693725604e-01 1.797563838077551046e-01 6.840495249219258334e-02 -5.477211709518717969e-02
4.195350609411296006e+01 4.912641650341559307e-01 1.740541595417514076e-01 5.827661767359815226e-02 -5.870926241125982992e-02
4.205350609411296148e+01 4.961042700606131950e-01 1.681249959882422651e-01 4.063688432014150170e-02 -5.934023125408800087e-02
4.215350609411296290e+01 4.991170164747577576e-01 1.622888048268549821e-01 1.501374289929539169e-02 -5.689943163506900464e-02
4.225350609411296432e+01 4.987006774759873418e-01 1.568315422453837871e-01 -2.235522499702219390e-02 -5.187463998311014207e-02
4.235350609411296574e+01 4.951509244838179780e-01 1.519757940972824295e-01 -4.440183886371813771e-02 -4.498771458193178557e-02
4.245350609411296716e+01 4.902428971977306205e-01 1.478757825192318631e-01 -5.724108345510806051e-02 -3.684367885310077528e-02
4.255350609411296858e+01 4.826717619363400935e-01 1.446296910237889477e-01 -9.594500370511388487e-02 -2.803641067796941444e-02
4.265350609411297000e+01 4.712056626909306711e-01 1.422609417684136401e-01 -1.328950985356215364e-01 -1.945330170271832373e-02
4.275350609411297143e+01 4.565253818688944643e-01 1.407017417471349563e-01 -1.546766894294727135e-01 -1.198078911320221360e-02
4.285350609411297285e+01 4.414759206505241007e-01 1.398076049667742460e-01 -1.440902898890172590e-01 -6.204338925388489141e-03
4.295350609411297427e+01 4.279354623219233100e-01 1.394000579729596789e-01 -1.223764463691554422e-01 -2.246306958630902954e-03
4.305350609411297569e+01 4.183140220662623365e-01 1.393037981938308190e-01 -6.547516727847937923e-02 9.672056814389977386e-05
4.315350609411297711e+01 4.150523465870928352e-01 1.393884577283049930e-01 -7.751369842698418999e-04 1.515382014420064549e-03
4.325350609411297853e+01 4.174076797550860252e-01 1.396044310894764828e-01 4.160706380484393424e-02 2.849938092658992235e-03
4.335350609411297995e+01 4.227199552036179919e-01 1.399742478218407860e-01 6.613382399151510049e-02 4.649321062372445412e-03
4.345350609411298137e+01 4.308424603332964842e-01 1.405601012315172704e-01 9.529416802081649984e-02 7.224705164678974986e-03
4.355350609411298279e+01 4.422425937057551382e-01 1.414555776322511116e-01 1.380921080679643753e-01 1.089741020405758307e-02
4.365350609411298421e+01 4.580168907880867168e-01 1.427909723739024250e-01 1.661437369264102959e-01 1.610196289062329825e-02
4.375350609411298564e+01 4.740196690823342829e-01 1.447320239475439752e-01 1.558277136070788105e-01 2.296621661874099704e-02
4.385350609411298706e+01 4.896557561828968064e-01 1.474272131580251777e-01 1.534879557075755907e-01 3.112475757091804143e-02
4.395350609411298848e+01 5.035223377601041328e-01 1.509856863610706534e-01 1.191416440572373170e-01 4.012603410275075722e-02
4.405350609411298990e+01 5.128881126997696382e-01 1.554520294583086049e-01 6.757006896185768774e-02 4.910720156910700768e-02
4.415350609411299132e+01 5.175748943836309124e-01 1.607701295102605399e-01 2.892145560905644286e-02 5.698769764029084500e-02
4.425350609411299274e+01 5.184772866664684177e-01 1.667823468837469347e-01 -1.261543637286912517e-02 6.285089068660691669e-02
4.435350609411299416e+01 5.154005100455826271e-01 1.732453607313682031e-01 -4.565028833114317258e-02 6.587501389030384069e-02
4.445350609411299558e+01 5.098691160731714245e-01 1.798425713511087320e-01 -6.109132955303561707e-02 6.546795040738398463e-02
4.455350609411299700e+01 5.042336104133198216e-01 1.862182449478128887e-01 -4.802174755358900454e-02 6.145993051535392909e-02
4.465350609411299843e+01 5.003965071303263512e-01 1.920254153168391154e-01 -2.908785808776229859e-02 5.418381477228297743e-02
4.475350609411299985e+01 4.983899970561899706e-01 1.969653071939287958e-01 -1.087367843369250672e-02 4.422034599540555083e-02
4.485350609411300127e+01 4.983618586024965991e-01 2.008028861705641877e-01 1.015202287880806464e-02 3.226380434510388306e-02
4.495350609411300269e+01 4.998045261523875737e-01 2.033778425501665821e-01 1.486385406439271438e-02 1.909319930787600761e-02
4.505350609411300411e+01 5.013436960517676511e-01 2.046024976938241036e-01 1.849794406226666979e-02 5.353297475274727477e-03
4.515350609411300553e+01 5.032106070630357753e-01 2.044504139569192358e-01 1.297173240900509686e-02 -8.334260200713448918e-03
4.525350609411300695e+01 5.034062514537920308e-01 2.029535907923620541e-01 -5.273439422554176970e-03 -2.149092601403009006e-02
4.535350609411300837e+01 5.033061966412712973e-01 2.001814466580860707e-01 6.641613778162925794e-03 -3.375585856911730853e-02
4.545350609411300979e+01 5.049484031738651346e-01 1.962540250953204723e-01 2.642112028199000012e-02 -4.447195981243720619e-02
4.555350609411301122e+01 5.082944167905817379e-01 1.913628594287961060e-01 3.730395487232603807e-02 -5.292153705694817301e-02
4.565350609411301264e+01 5.118505392451596636e-01 1.857621577899980780e-01 3.183499589467300717e-02 -5.860962686394699528e-02
4.575350609411301406e+01 5.144431838021067405e-01 1.797387099384070985e-01 2.005759735346031650e-02 -6.137158221217141330e-02
4.585350609411301548e+01 5.155977031933398624e-01 1.735836622023018139e-01 -1.338658861900165337e-03 -6.126710214201203097e-02
4.595350609411301690e+01 5.134972946951055217e-01 1.675698518150031679e-01 -4.017530595192414511e-02 -5.863882684896756098e-02
4.605350609411301832e+01 5.078286698469027804e-01 1.619186790472322834e-01 -7.262531449202731804e-02 -5.412600518987184528e-02
4.615350609411301974e+01 4.996208262841878023e-01 1.567856947407081369e-01 -8.586476044993010537e-02 -4.837399255533876563e-02
4.625350609411302116e+01 4.912240274825824815e-01 1.522706285999930464e-01 -8.192256704644415577e-02 -4.181305390573360203e-02
4.635350609411302258e+01 4.833914190589488902e-01 1.484422759282558457e-01 -7.456256331814492544e-02 -3.467482341610311769e-02
4.645350609411302401e+01 4.760669425732897420e-01 1.453479320786058571e-01 -7.150713377363353274e-02 -2.717258389836354343e-02
4.655350609411302543e+01 4.696667520121490247e-01 1.430117044622065403e-01 -5.358346086313704737e-02 -1.954350822938518556e-02
4.665350609411302685e+01 4.657846316677957677e-01 1.414411234946883478e-01 -2.264270123391387210e-02 -1.185166809545629314e-02
4.675350609411302827e+01 4.648360122989327881e-01 1.406468871716571867e-01 -4.937028490814496240e-04 -3.999365260718076853e-03
4.685350609411302969e+01 4.646570526686195635e-01 1.406456234823332541e-01 -9.402233712859300527e-03 3.969076065402150910e-03
4.695350609411303111e+01 4.623496451115621797e-01 1.414293623896781260e-01 -3.184051360935739872e-02 1.158995797676020713e-02
4.705350609411303253e+01 4.599139504320204908e-01 1.429329393043076435e-01 -1.313482366293102291e-02 1.831509059213961774e-02
4.715350609411303395e+01 4.595917918939799729e-01 1.450600473870262974e-01 5.297283385744571554e-03 2.406914017069627584e-02
4.725350609411303537e+01 4.603508734748189002e-01 1.477148519026301732e-01 6.072467878050363983e-03 2.885812260616923280e-02
4.735350609411303680e+01 4.609236622300391661e-01 1.507939047523633724e-01 7.246928824115981757e-03 3.251775466077208576e-02
4.745350609411303822e+01 4.611390741054657294e-01 1.541753603560575558e-01 -6.402466049332564829e-03 3.487784244857961707e-02
4.755350609411303964e+01 4.602862287347470605e-01 1.577176631658226968e-01 -6.255541374223246021e-03 3.569587321801199337e-02
4.765249884400135016e+01 4.598333962477078041e-01 1.612259855456212032e-01 -2.554487566253561218e-03 3.492913011293335285e-02
4.775156087517281378e+01 4.605981814634619864e-01 1.645874176355122953e-01 2.031536530611293898e-02 3.272052476937959559e-02
4.785156087517281520e+01 4.633831773245825070e-01 1.677009671891873943e-01 3.277721931891487694e-02 2.940054402794361685e-02
4.795156087517281662e+01 4.673807940813742290e-01 1.704424881076072873e-01 4.972293688640641585e-02 2.533438215424761719e-02
4.805156087517281804e+01 4.735034956513420878e-01 1.727567514883804611e-01 7.284885616609940162e-02 2.093835536076412568e-02
4.815156087517281946e+01 4.822936499609064565e-01 1.746366351995445043e-01 1.053123146254074660e-01 1.674158976501187446e-02
4.825156087517282089e+01 4.942374683617767883e-01 1.761326910492725661e-01 1.275814705172108043e-01 1.336699021468620852e-02
4.835156087517282231e+01 5.068901650491246524e-01 1.773522636432932065e-01 1.252443693303578742e-01 1.124496329941551513e-02
4.845156087517282373e+01 5.198229026093532656e-01 1.784268679954530701e-01 1.357926543308199951e-01 1.048435015339087978e-02
4.855156087517282515e+01 5.333510395103463475e-01 1.794995429320844493e-01 1.248486667905635145e-01 1.122289160207431274e-02
4.865156087517282657e+01 5.432245418536408854e-01 1.807141291126617977e-01 7.191253047065222781e-02 1.321829897081527351e-02
4.875156087517282799e+01 5.479971464215982468e-01 1.821589252326242803e-01 2.153016522531805976e-02 1.568809098536779953e-02
4.885156087517282941e+01 5.469342835430388572e-01 1.838387339587907177e-01 -4.284415756348226856e-02 1.775935010457021374e-02
4.895156087517283083e+01 5.400656974401684129e-01 1.856648399612882139e-01 -8.939379984048970162e-02 1.846329003707719574e-02
4.905156087517283225e+01 5.300287458303578614e-01 1.874626480309506682e-01 -1.082937042891690960e-01 1.712151240336959312e-02
4.915156087517283368e+01 5.189453982623721817e-01 1.890131157976427390e-01 -1.095894416062590943e-01 1.350989556505332451e-02
4.925156087517283510e+01 5.087170176541282451e-01 1.900934634869332618e-01 -9.205005782303161965e-02 7.775222909154310032e-03
4.935156087517283652e+01 5.018916501458260404e-01 1.905145281039750949e-01 -3.642476381132312563e-02 4.539019138600419376e-04
4.945156087517283794e+01 5.018285673418316772e-01 1.901674425250396983e-01 3.332826739018881351e-02 -7.365684827944853248e-03
4.955156087517283936e+01 5.083167190496860055e-01 1.890688920472996803e-01 9.243383197560367526e-02 -1.436459657441651119e-02
4.965156087517284078e+01 5.188654342290167643e-01 1.873589321959877319e-01 1.139367448307965769e-01 -1.945479260130515350e-02
4.975156087517284220e+01 5.307411349148165591e-01 1.852605089643416247e-01 1.196011333465340915e-01 -2.207612384295272109e-02
4.985156087517284362e+01 5.419073501139978211e-01 1.830317634928403936e-01 1.024011870572687222e-01 -2.207211771689290489e-02
4.995156087517284504e+01 5.510391328426900159e-01 1.809261791986855883e-01 7.854453350783137389e-02 -1.967135084670318043e-02
5.005156087517284647e+01 5.573977116407953236e-01 1.791625299892164458e-01 4.504181747168168465e-02 -1.532565030918060095e-02
5.015156087517284789e+01 5.585788092150180129e-01 1.779022803478698678e-01 -2.558641582338797710e-02 -9.766135591906291782e-03
5.025156087517284931e+01 5.528945692365502262e-01 1.772101787773364689e-01 -8.365560885033949956e-02 -4.170882589848596070e-03
5.035156087517285073e+01 5.422802324279037967e-01 1.770330013065502528e-01 -1.252038389679522301e-01 3.784772837899033626e-04
5.045156087517285215e+01 5.289236194807833691e-01 1.772252221947939743e-01 -1.365418683788943432e-01 3.126438331899822343e-03
5.055156087517285357e+01 5.161341271785441220e-01 1.775888340336754523e-01 -1.139740330703290783e-01 3.810277303420358218e-03
5.065156087517285499e+01 5.066718615549216098e-01 1.779276469070589228e-01 -7.272123354615829538e-02 2.715368190146828092e-03
5.075156087517285641e+01 5.023417843084689860e-01 1.780943089960848880e-01 -1.262499199006082012e-02 5.051153880872771493e-04
5.085156087517285783e+01 5.038229274744834285e-01 1.780223581889764650e-01 4.088376775331056812e-02 -1.899106270810307570e-03
5.095156087517285926e+01 5.099861746250915484e-01 1.777371991389950778e-01 7.734489693186140380e-02 -3.630594450812212656e-03
5.105156087517286068e+01 5.187553812410811149e-01 1.773386428674968984e-01 9.748225414067028527e-02 -4.099018169989560034e-03
5.115156087517286210e+01 5.285727714212332673e-01 1.769696383292151953e-01 9.226476359853635900e-02 -3.015950158411990871e-03
5.125156087517286352e+01 5.366417248152911545e-01 1.767836069776460295e-01 6.651884816189132521e-02 -4.981289756961714520e-04
5.135156087517286494e+01 5.406376445219784888e-01 1.769011594468421766e-01 9.621712751633142158e-03 2.934568081500511447e-03
5.145156087517286636e+01 5.393290743492227257e-01 1.773708915775532580e-01 -2.964328653308375555e-02 6.390154092248555469e-03
5.155156087517286778e+01 5.351621590083577296e-01 1.781557217452318376e-01 -5.400678148234695775e-02 9.148247680749630253e-03
5.165156087517286920e+01 5.285466568246809382e-01 1.791611719751303733e-01 -7.630390990222601921e-02 1.072749894115698939e-02
5.175156087517287062e+01 5.206987499456238178e-01 1.802497606195628543e-01 -7.802224768637895658e-02 1.077651060173474146e-02
5.185156087517287204e+01 5.126473323735252219e-01 1.812633620852392990e-01 -8.482828167388450913e-02 9.229749254463992178e-03
5.195156087517287347e+01 5.038795359779897343e-01 1.820419695858355724e-01 -9.014937503059293478e-02 6.075514200847542332e-03
5.205156087517287489e+01 4.947683439689058993e-01 1.824265261548456418e-01 -8.633598147905031939e-02 1.367837142319911284e-03
5.215156087517287631e+01 4.882765588782969068e-01 1.822738745255452764e-01 -3.928828923735840084e-02 -4.564044745837705572e-03
5.225156087517287773e+01 4.868292645714504263e-01 1.815018913952775037e-01 1.060774734563228044e-02 -1.085158811195429535e-02
5.235156087517287915e+01 4.907092366175946907e-01 1.801251828876581362e-01 6.616942596236297103e-02 -1.648654574934954598e-02
5.245156087517288057e+01 4.995501523894283480e-01 1.782600912792813019e-01 1.096695258347694657e-01 -2.046578293699632262e-02
5.255156087517288199e+01 5.126788017986509960e-01 1.761145118859493985e-01 1.511007034923777248e-01 -2.197326650495297004e-02
5.265156087517288341e+01 5.290672011160307830e-01 1.739691077235036576e-01 1.743555779228193603e-01 -2.038510242629612904e-02
5.275156087517288483e+01 5.471817461148050787e-01 1.721502206113055822e-01 1.829374686184840337e-01 -1.542526738683757531e-02
5.285156087517288626e+01 5.640852282761538161e-01 1.709923638521480271e-01 1.492931931577133886e-01 -7.243448480424729066e-03
5.295156087517288768e+01 5.768803310658693340e-01 1.707828095290932768e-01 1.072293031544879621e-01 3.371257279720020483e-03
5.305156087517288910e+01 5.849984886287762365e-01 1.717121274284715837e-01 5.111285009263630968e-02 1.534095869964231112e-02
5.315156087517289052e+01 5.872237923699566986e-01 1.738528583504232450e-01 -1.016518560220863732e-03 2.736861434836974916e-02
5.325156087517289194e+01 5.855060362089626880e-01 1.771464487838542989e-01 -3.527336162975517470e-02 3.822515769349857373e-02
5.335156087517289336e+01 5.795454750924614595e-01 1.814255465826271618e-01 -8.450318656826910635e-02 4.690544860597786747e-02
5.345156087517289478e+01 5.688087045429778277e-01 1.864199871551883159e-01 -1.284418452829299562e-01 5.236666682078194163e-02
5.355156087517289620e+01 5.547027740297394427e-01 1.917632723020510077e-01 -1.493090948246532657e-01 5.377744697836969734e-02
5.365156087517289762e+01 5.387609298519620005e-01 1.970273483932073744e-01 -1.726327485758214209e-01 5.074723716928384448e-02
5.375156087517289905e+01 5.208812913217867324e-01 2.017584989907954818e-01 -1.763165235221514915e-01 4.310804887074506236e-02
5.385156087517290047e+01 5.044682982348460687e-01 2.055045597834542770e-01 -1.513719325718243802e-01 3.115610333129096438e-02
5.395156087517290189e+01 4.910853330796616234e-01 2.078741186109163419e-01 -1.109258564560282601e-01 1.574861394992260744e-02
5.405156087517290331e+01 4.834384548181978047e-01 2.085809021829053145e-01 -3.692006651191694078e-02 -1.840442231898570952e-03
5.415156087517290473e+01 4.843708951400301777e-01 2.074931896692662758e-01 5.610707756143155922e-02 -1.980458121818264028e-02
5.425156087517290615e+01 4.941108525221081793e-01 2.046764100329044878e-01 1.332721791161665115e-01 -3.608634407168026526e-02
5.435156087517290757e+01 5.099086642673416048e-01 2.003916058435062097e-01 1.782925257798646801e-01 -4.891807183525887642e-02
5.445156087517290899e+01 5.286826892521976351e-01 1.950478332715093466e-01 1.888860721900411932e-01 -5.712096591377564120e-02
5.455156087517291041e+01 5.462611482842232302e-01 1.891379848896226901e-01 1.600749186997085793e-01 -6.023393660202403660e-02
5.465156087517291184e+01 5.603279665373603891e-01 1.831625439267063060e-01 1.164344562716808917e-01 -5.851441074501692596e-02
5.475156087517291326e+01 5.686090655322999510e-01 1.775720489324962847e-01 4.743186370111475425e-02 -5.270583749784536060e-02
5.485156087517291468e+01 5.695725766501159582e-01 1.727171049367260958e-01 -3.022919610234450771e-02 -4.403326527507309129e-02
5.495156087517291610e+01 5.624368147914328153e-01 1.688112681998135689e-01 -1.111721063319407454e-01 -3.398830595068425692e-02
5.505156087517291752e+01 5.479156954059973827e-01 1.659126577696275751e-01 -1.739422730436783748e-01 -2.413833479847939112e-02
5.515156087517291894e+01 5.290512417117900767e-01 1.639337216668578789e-01 -1.965041758290893559e-01 -1.576242920257433372e-02
5.525156087517292036e+01 5.098363733107192930e-01 1.626880222287666877e-01 -1.831623886756521269e-01 -9.530715212204349945e-03
5.535156087517292178e+01 4.924597722698255686e-01 1.619525637836001786e-01 -1.669776665045714370e-01 -5.546141614593011124e-03
5.545156087517292320e+01 4.764881223908673524e-01 1.615060582532219235e-01 -1.499455324599996420e-01 -3.739296226498320559e-03
5.555156087517292463e+01 4.627687677458927618e-01 1.611379841764117304e-01 -1.221516632362366489e-01 -3.926975426586340120e-03
5.565156087517292605e+01 4.528298187971177557e-01 1.606683758322793587e-01 -7.509090454904579492e-02 -5.669765686049602765e-03
5.575156087517292747e+01 4.475052264441908290e-01 1.599761442747966167e-01 -3.159880180120470949e-02 -8.251575519243430079e-03
5.585156087517292889e+01 4.463650002969178354e-01 1.590150260667692605e-01 4.269625090740053475e-03 -1.092646302955833579e-02
5.595156087517293031e+01 4.471832427170218671e-01 1.578077472077347443e-01 6.686421863916842262e-03 -1.311220873187105875e-02
5.605156087517293173e+01 4.466086206313977791e-01 1.564133211203940221e-01 -2.078786999454852735e-02 -1.469218290800258266e-02
5.615156087517293315e+01 4.438989768018212212e-01 1.548804941699740978e-01 -2.686753975168103617e-02 -1.592389392768999920e-02
5.625156087517293457e+01 4.416019796487814508e-01 1.532383054287034252e-01 -1.921226569496905026e-02 -1.685868059133405900e-02
5.635156087517293599e+01 4.398188362201955193e-01 1.515232504748250664e-01 -2.249859112550762347e-02 -1.736295325769654160e-02
5.645156087517293741e+01 4.360408959743438673e-01 1.497780990355166986e-01 -5.029921697567203698e-02 -1.751088654871794589e-02
5.655156087517293884e+01 4.309583770579728523e-01 1.480223464604328298e-01 -4.962610964250485646e-02 -1.760345867919683310e-02
5.665156087517294026e+01 4.263331929657357411e-01 1.462583271188263034e-01 -3.786734142588862873e-02 -1.766515397565035853e-02
5.675156087517294168e+01 4.240354258652860864e-01 1.444967624463907863e-01 -1.059853152622055802e-02 -1.749492388298697423e-02
5.685156087517294310e+01 4.234364490538118919e-01 1.427783918014882414e-01 -3.462956074055866147e-03 -1.676497415086430562e-02
5.695156087517294452e+01 4.233951018694118718e-01 1.411657299984439562e-01 5.201968425301405595e-03 -1.537598673872088949e-02
5.705156087517294594e+01 4.249765486808370629e-01 1.397278725557744017e-01 2.699258841966074851e-02 -1.324062286298370930e-02
5.715156087517294736e+01 4.288770980799613275e-01 1.385494718968795502e-01 5.171549055788111915e-02 -1.014939083646548140e-02
5.725156087517294878e+01 4.351062509456546379e-01 1.377371547689034692e-01 7.161234650257018719e-02 -5.888152075286753190e-03
5.735156087517295020e+01 4.432374408859098280e-01 1.374148298625904596e-01 8.825368459365087737e-02 -3.386069959907126239e-04
5.745156087517295163e+01 4.515131672663227902e-01 1.377111500337806216e-01 7.492604460535810806e-02 6.442705381610670974e-03
5.755156087517295305e+01 4.587727405939076020e-01 1.387305814190346043e-01 7.043854127507409579e-02 1.404743899422097354e-02
5.765156087517295447e+01 4.649783681139117997e-01 1.405337534958266410e-01 5.411771071410559353e-02 2.203589749446778490e-02
5.775156087517295589e+01 4.704238948888171401e-01 1.431331019864315046e-01 5.812744393495960366e-02 2.989694374600637694e-02
5.785156087517295731e+01 4.770384887773949645e-01 1.464992314318107336e-01 7.468076411260295144e-02 3.734704954208423883e-02
5.795156087517295873e+01 4.844535633746889780e-01 1.505850423029555796e-01 6.680427361580863754e-02 4.426021561540385840e-02
5.805156087517296015e+01 4.899705673912292947e-01 1.553203765267004988e-01 4.529049060844453356e-02 5.024237460340286870e-02
5.815156087517296157e+01 4.940917915458835075e-01 1.605846279216029682e-01 4.227793956560203792e-02 5.476826946210370389e-02
5.825156087517296299e+01 4.994269024468163676e-01 1.662181592559094367e-01 6.507198819319975902e-02 5.763444606682963794e-02
5.835156087517296442e+01 5.063860179487438273e-01 1.720613098037618860e-01 6.964182433292198660e-02 5.898579160641289482e-02
5.845156087517296584e+01 5.128391253852246923e-01 1.779654119865942408e-01 5.945173586416600819e-02 5.883510142946014182e-02
5.855156087517296726e+01 5.185104549703586363e-01 1.837743853871178223e-01 5.448840502526450247e-02 5.707175082097017821e-02
5.865156087517296868e+01 5.241316011047114642e-01 1.893260990422807599e-01 6.228301381157014260e-02 5.370660331163445295e-02
5.875156087517297010e+01 5.307149857678996607e-01 1.944704016624514697e-01 6.027969697497791157e-02 4.897956748344473726e-02
5.885156087517297152e+01 5.352168558378197494e-01 1.990813120548580450e-01 3.412792734627673880e-02 4.302043739006977674e-02
5.895156087517297294e+01 5.381935649664050247e-01 2.030311639773176302e-01 2.254822590930148640e-02 3.577210730130991889e-02
5.905156087517297436e+01 5.396396299730352730e-01 2.061962898737799421e-01 1.194925970553261524e-02 2.734160811452559375e-02
5.915156087517297578e+01 5.414000057111453268e-01 2.084679373762519106e-01 2.205555703616889768e-02 1.797702359059970972e-02
5.925156087517297721e+01 5.435824025407570703e-01 2.097771159369353489e-01 2.181229291796403166e-02 8.169257623874222329e-03
5.935156087517297863e+01 5.462564003339764884e-01 2.101017671308743340e-01 3.349898890484635794e-02 -1.631910920882335969e-03
5.945156087517298005e+01 5.502087500541730236e-01 2.094696771342782760e-01 4.628618609796643357e-02 -1.086664135759812452e-02
5.955156087517298147e+01 5.561503408389267822e-01 2.079673131989339119e-01 7.294237223075153431e-02 -1.892756375691937581e-02
5.965156087517298289e+01 5.635949372311560568e-01 2.057455601624606223e-01 6.863105308109103408e-02 -2.516716380182146273e-02
5.975156087517298431e+01 5.689327313605990755e-01 2.030017826364120537e-01 3.412431875750306792e-02 -2.938557030448184920e-02
5.985156087517298573e+01 5.702386146616048590e-01 1.999257436966969392e-01 -3.422402268027271988e-03 -3.188964685533311749e-02
5.995156087517298715e+01 5.688656793391885236e-01 1.966674323950043934e-01 -2.664529600465998654e-02 -3.307999890556245076e-02
6.000000000000000000e+01 5.671728243946416725e-01 1.950594948843558385e-01 -4.309304668720134041e-02 -3.327539679284684943e-02
