time[s] x1[m] x2[m] x1_dot[m/s] x2_dot[m/s]
0.000000000000000000e+00 0.000000000000000000e+00 0.000000000000000000e+00 0.000000000000000000e+00 0.000000000000000000e+00
9.999999999999999124e-05 6.648008636842836705e-08 7.989731699175446544e-15 1.329554743235276644e-03 2.404917006183488249e-10
1.100000000000000066e-03 8.038400841565026842e-06 1.169833654653796322e-11 1.460958012352889246e-02 3.296809469859249913e-08
1.110000000000000049e-02 8.126780354141887805e-04 2.290027001130234108e-08 1.458402365445791438e-01 7.272442098721371438e-06
5.678597349146113915e-02 2.054815237647952819e-02 9.551036090369527398e-06 7.074643681533453465e-01 6.434229630499667526e-04
1.530799932720517953e-01 1.374677258682510117e-01 4.351953208600480949e-04 1.669670103494697244e+00 1.095888254127034243e-02
2.530799932720517731e-01 3.397788704030847429e-01 2.989802141729721880e-03 2.304585033497811963e+00 4.489855734451826674e-02
3.530799932720517509e-01 5.841733744893583546e-01 1.045602935663719930e-02 2.528452962606296595e+00 1.098259116306132543e-01
4.530799932720517287e-01 8.373377348498427519e-01 2.601245437969847835e-02 2.495165295398464878e+00 2.063164581245029994e-01
5.530799932720517065e-01 1.073809733562105961e+00 5.261935900106710917e-02 2.181202754216392314e+00 3.296317582170342764e-01
6.530799932720516843e-01 1.264022106857237482e+00 9.250856283375041844e-02 1.597409279869794307e+00 4.698781259070650140e-01
7.530799932720516621e-01 1.393996713775230933e+00 1.466916730828986548e-01 1.016261152631075415e+00 6.130311766133035301e-01
8.530799932720516399e-01 1.469047179006411241e+00 2.147304884173424910e-01 4.991809603120499483e-01 7.446929550213317039e-01
9.530799932720516177e-01 1.498125989355448162e+00 2.948153136012369169e-01 9.950233839826538862e-02 8.520008968026586693e-01
1.053079993272051595e+00 1.493079539802956601e+00 3.839738691949021732e-01 -1.662468341564078411e-01 9.247125500802662046e-01
1.153079993272051684e+00 1.471975999489562037e+00 4.783769187826109048e-01 -2.241766375434732228e-01 9.561569745412379362e-01
1.253079993272051773e+00 1.455736716956700372e+00 5.737569803444716454e-01 -6.660309545678411158e-02 9.443223852640706406e-01
1.353079993272051862e+00 1.460089475331907360e+00 6.658849646542978062e-01 1.447479244246091534e-01 8.918699968972563230e-01
1.453079993272051951e+00 1.484496785449803236e+00 7.509512411781822383e-01 3.434716798442363772e-01 8.040751452297425494e-01
1.553079993272052040e+00 1.526880458777294614e+00 8.257394711910429619e-01 4.943091457567890812e-01 6.874772833774303038e-01
1.653079993272052128e+00 1.582375972128150732e+00 8.877247560482736111e-01 6.086368500435590523e-01 5.492390886437225062e-01
1.753079993272052217e+00 1.647048225984172332e+00 9.351147848123770867e-01 6.813401861311365604e-01 3.968241516910712141e-01
1.853079993272052306e+00 1.717917954058371111e+00 9.668676887844199763e-01 7.284318442137306393e-01 2.377517181300868032e-01
1.953079993272052395e+00 1.790620653915854454e+00 9.826884413127403572e-01 7.107446358742465220e-01 7.934733061479487537e-02
2.053079993272052484e+00 1.856327786812038250e+00 9.829722835875814857e-01 5.868275877519860684e-01 -7.206687172197584479e-02
2.153079993272052572e+00 1.905358510741622657e+00 9.686629714256859147e-01 3.793769599758787803e-01 -2.118979609511286166e-01
2.253079993272052661e+00 1.929622334432337327e+00 9.410754605082446433e-01 1.001410293438093069e-01 -3.373034140352144106e-01
2.353079993272052750e+00 1.925358499946104862e+00 9.017276913627598756e-01 -1.837531766891383755e-01 -4.469694243242676168e-01
2.453079993272052839e+00 1.893165177399785293e+00 8.522237803191647920e-01 -4.587817015748526517e-01 -5.403885480998684709e-01
2.553079993272052928e+00 1.835452375377924605e+00 7.941913017128343633e-01 -6.715657956808886997e-01 -6.175629371988462513e-01
2.653079993272053017e+00 1.763730597331807370e+00 7.292619128851529631e-01 -7.556835788318003733e-01 -6.781702142980987613e-01
2.753079993272053105e+00 1.683619342642631134e+00 6.591475989278356984e-01 -8.435018365196504941e-01 -7.211024627357227601e-01
2.853079993272053194e+00 1.596702660178347388e+00 5.856514860886866680e-01 -8.913129741964656017e-01 -7.457340553602195277e-01
2.953079993272053283e+00 1.506038211223979850e+00 5.106207712073865812e-01 -9.115518669911245597e-01 -7.517818974278873689e-01
3.053079993272053372e+00 1.417038875841715173e+00 4.359153140784604030e-01 -8.577266330714458098e-01 -7.392114008793020385e-01
3.153079993272053461e+00 1.335118834039767721e+00 3.634052623640038338e-01 -7.874314378917858237e-01 -7.078561251273424171e-01
3.253079993272053549e+00 1.258182355260055729e+00 2.949576848272613128e-01 -7.483542826721344410e-01 -6.581374890411388900e-01
3.353079993272053638e+00 1.186445417175625572e+00 2.323417354294236292e-01 -6.913211929560327818e-01 -5.915096703519612253e-01
3.453079993272053727e+00 1.118479916878689417e+00 1.771501358023329087e-01 -6.648042353505104751e-01 -5.100912620130276798e-01
3.553079993272053816e+00 1.055178139988734998e+00 1.307184392569140097e-01 -5.999706981164475428e-01 -4.168167812973397335e-01
3.653079993272053905e+00 9.971540805440753941e-01 9.407860374487309052e-02 -5.644005027160526877e-01 -3.148195231569347330e-01
3.753079993272053994e+00 9.443027423603594928e-01 6.792227992192512165e-02 -4.725505093394767875e-01 -2.077662563183235722e-01
3.853079993272054082e+00 9.049299398155621343e-01 5.258800565810865801e-02 -3.190644520363234982e-01 -9.880533796545502845e-02
3.953079993272054171e+00 8.784270029063013796e-01 4.814090987201442157e-02 -2.192491914171428302e-01 9.517694154227401837e-03
4.053079993272054260e+00 8.604188176201493787e-01 5.436767012426139273e-02 -1.378309032384074373e-01 1.141210583056586209e-01
4.153079993272053905e+00 8.521741880633131316e-01 7.073544850997171007e-02 -2.591347278373841434e-02 2.118623648181831576e-01
4.253079993272053549e+00 8.535861004833197319e-01 9.642473812439258940e-02 4.583879468716159367e-02 3.001300799548844989e-01
4.353079993272053194e+00 8.614463834776416862e-01 1.303580989498148990e-01 1.170886515111367460e-01 3.763166798264583335e-01
4.453079993272052839e+00 8.777724543704364946e-01 1.712133113911471494e-01 2.067745409959442782e-01 4.382902100811471580e-01
4.553079993272052484e+00 9.005336849623117867e-01 2.174953704390977793e-01 2.384221046636106345e-01 4.846295339493281173e-01
4.653079993272052128e+00 9.271612408724271281e-01 2.675721025719817736e-01 3.151290008551095867e-01 5.140063913064567558e-01
4.753079993272051773e+00 9.649745725039460265e-01 3.197268246136830139e-01 4.308206637304681230e-01 5.263301396777906316e-01
4.853079993272051418e+00 1.011803524256534192e+00 3.723047802734648637e-01 5.092697000517197869e-01 5.226559938702028951e-01
4.953079993272051063e+00 1.067769754179190178e+00 4.237707685991638495e-01 6.053989483715609410e-01 5.043976379223740203e-01
5.053079993272050707e+00 1.130654084732164444e+00 4.727666791493518317e-01 6.467767964537511904e-01 4.735963089015009508e-01
5.153079993272050352e+00 1.197963165431023214e+00 5.181387476484530241e-01 7.016671823579984091e-01 4.322842998083375465e-01
5.253079993272049997e+00 1.269388961756510392e+00 5.589551215213952595e-01 7.168751026541255733e-01 3.829070182371224762e-01
5.353079993272049641e+00 1.339722329630178121e+00 5.945286014153525755e-01 6.776184736219004190e-01 3.277683581694372794e-01
5.453079993272049286e+00 1.402805647150993984e+00 6.243746557645395434e-01 5.836507122175472739e-01 2.685814427473168231e-01
5.553079993272048931e+00 1.456720023797980046e+00 6.481508317017452558e-01 4.890184199868407577e-01 2.065800710064634171e-01
5.653079993272048576e+00 1.499914967329505355e+00 6.656370016773051068e-01 3.801306823240523380e-01 1.429615757009972676e-01
5.753079993272048220e+00 1.533391296049512853e+00 6.767279553556203586e-01 2.850155199820164076e-01 7.889633895784198270e-02
5.853079993272047865e+00 1.556489259169004047e+00 6.814441152776942179e-01 1.837091717912974209e-01 1.566033457477920832e-02
5.953079993272047510e+00 1.572354256181750509e+00 6.799305956901980919e-01 1.400458682989150494e-01 -4.542970839768216418e-02
6.053079993272047155e+00 1.583524667796214036e+00 6.724911401837261327e-01 7.525743368585860460e-02 -1.025512759754491493e-01
6.153079993272046799e+00 1.587757184688158185e+00 6.596031976236340633e-01 1.308143818798173513e-02 -1.541887306293593107e-01
6.253079993272046444e+00 1.584523080221849289e+00 6.418767407971325278e-01 -8.576723268548885892e-02 -1.991598010353563264e-01
6.353079993272046089e+00 1.571708341834798572e+00 6.200122008844750621e-01 -1.692475484647418815e-01 -2.368955242684488427e-01
6.453079993272045733e+00 1.546924738402482680e+00 5.947464052662451151e-01 -3.432711206361499512e-01 -2.672349986608107408e-01
6.553079993272045378e+00 1.504150738641704343e+00 5.667759578506289531e-01 -5.023242215599618143e-01 -2.912427827247018874e-01
6.653079993272045023e+00 1.445776397375042377e+00 5.366636901906428614e-01 -6.673984281794376194e-01 -3.102943777685236992e-01
6.753079993272044668e+00 1.373242478512454845e+00 5.048328631051234305e-01 -7.653132286032867659e-01 -3.258386350073566029e-01
6.853079993272044312e+00 1.295026401977586561e+00 4.715867988631814445e-01 -7.904312403390411079e-01 -3.386297106179457228e-01
6.953079993272043957e+00 1.217221485558152461e+00 4.372040952002229641e-01 -7.544777758662992717e-01 -3.484791877244236002e-01
7.053079993272043602e+00 1.145879749925335256e+00 4.020197955963678571e-01 -6.703572624698850291e-01 -3.544444000010927853e-01
7.153079993272043247e+00 1.082119209122914150e+00 3.664906211846761797e-01 -6.081759477293350313e-01 -3.551694647157315754e-01
7.253079993272042891e+00 1.025920844709620638e+00 3.311943707032160567e-01 -5.039473007255195203e-01 -3.496235829982116128e-01
7.353079993272042536e+00 9.808047858954485054e-01 2.968151984704263113e-01 -4.109297755557606568e-01 -3.366186926734077156e-01
7.453079993272042181e+00 9.431641205099808856e-01 2.641457036594899166e-01 -3.370278338791783401e-01 -3.153794238894716551e-01
7.553079993272041825e+00 9.126830173259681267e-01 2.340195550257549439e-01 -2.795396101834329849e-01 -2.857559810377878207e-01
7.653079993272041470e+00 8.883119579199537652e-01 2.072618565812667235e-01 -2.006415349191271180e-01 -2.481067450552542630e-01
7.753079993272041115e+00 8.708699040771636923e-01 1.846478813108075046e-01 -1.574717591678238826e-01 -2.030035925316967527e-01
7.853079993272040760e+00 8.585798062000358222e-01 1.668707730180453985e-01 -7.818192266313279959e-02 -1.515928585934005757e-01
7.953079993272040404e+00 8.533316717110930316e-01 1.545015766415089309e-01 -4.274938343820963021e-02 -9.505177765450283089e-02
8.053079993272040937e+00 8.486828829290024023e-01 1.479699576557448881e-01 -5.225666760340639400e-02 -3.524670658411600821e-02
8.153079993272040582e+00 8.441153881226642897e-01 1.474745080573482692e-01 -2.175229652129371041e-02 2.524408398596076492e-02
8.253079993272040227e+00 8.456059432542136767e-01 1.529718459470183478e-01 3.769662300925409604e-02 8.434482238766839723e-02
8.353079993272039871e+00 8.494275007758622653e-01 1.642385880156447819e-01 3.997029694138208578e-02 1.402726774798159493e-01
8.453079993272039516e+00 8.534977996393074973e-01 1.808457244062302016e-01 3.665221304308323436e-02 1.907860190065357175e-01
8.553079993272039161e+00 8.572928680619337216e-01 2.021430596790457779e-01 4.837830801236316092e-02 2.337369285322767054e-01
8.653079993272038806e+00 8.647655899665879220e-01 2.272872048829907565e-01 1.088888343069581155e-01 2.675458390630373051e-01
8.753079993272038450e+00 8.801178275037515597e-01 2.553286457196406456e-01 1.967916781634876378e-01 2.916756801184370307e-01
8.853079993272038095e+00 9.036759741610956853e-01 2.853063997438783361e-01 2.755162126380887866e-01 3.063345710347745721e-01
8.953079993272037740e+00 9.353310211653751427e-01 3.162979267132347561e-01 3.575316903387451006e-01 3.120787176736814494e-01
9.053079993272037385e+00 9.750769148881431869e-01 3.474564635925715961e-01 4.292489730602225828e-01 3.098617337757982870e-01
9.153079993272037029e+00 1.017831763376070731e+00 3.780393011076527143e-01 4.110994059612172458e-01 3.006764397359134589e-01
9.253079993272036674e+00 1.055651618475589082e+00 4.073658977731210440e-01 3.390373461789533138e-01 2.847022738352946725e-01
9.353079993272036319e+00 1.085644729123502294e+00 4.347426036909743385e-01 2.693288918694336509e-01 2.616241855712146402e-01
9.453079993272035964e+00 1.110405267330227597e+00 4.594538930001095811e-01 2.239299901260893844e-01 2.314627058280985250e-01
9.553079993272035608e+00 1.131370202625431975e+00 4.808192644056892839e-01 2.058918586373569559e-01 1.948486388434778060e-01
9.653079993272035253e+00 1.152467576646035052e+00 4.982512340282637120e-01 2.174499348425548984e-01 1.530821260678518758e-01
9.753079993272034898e+00 1.175617089855235164e+00 5.113282592366902302e-01 2.437774665351284675e-01 1.081084814093637159e-01
9.853079993272034542e+00 1.199808112825984541e+00 5.198393826153213659e-01 2.408728757442983037e-01 6.210971016823935847e-02
9.953079993272034187e+00 1.225340075872504819e+00 5.237829011160093362e-01 2.682795940271201496e-01 1.711298157058128988e-02
1.005307999327203383e+01 1.250525347233334417e+00 5.233670028280971165e-01 2.217458107577771342e-01 -2.478080846445699509e-02
1.015307999327203348e+01 1.269342414790138207e+00 5.189696664652581060e-01 1.576403389871194882e-01 -6.239637922433519113e-02
1.025307999327203312e+01 1.280845126502079934e+00 5.110516041179428148e-01 5.903270325605375346e-02 -9.512163616701722890e-02
1.035307999327203277e+01 1.279891315065185164e+00 5.001067157883943848e-01 -7.648954742769104032e-02 -1.230294639252674516e-01
1.045307999327203241e+01 1.265071174054061887e+00 4.865811663039571466e-01 -2.235604722787760956e-01 -1.468870752880095110e-01
1.055307999327203206e+01 1.237013543450572906e+00 4.708290558977373808e-01 -3.216436019014816128e-01 -1.677284729182538237e-01
1.065307999327203170e+01 1.202233153823308864e+00 4.531173569230855236e-01 -3.671944805074375262e-01 -1.860965782372702160e-01
1.075307999327203134e+01 1.166495315642466446e+00 4.336975698731447282e-01 -3.388014087022402365e-01 -2.017907455034830821e-01
1.085307999327203099e+01 1.133643363224051237e+00 4.128798098991623422e-01 -3.221847305106819714e-01 -2.138852731565916432e-01
1.095307999327203063e+01 1.101756832805151687e+00 3.910665607600722904e-01 -3.204807727187833355e-01 -2.216081168450466932e-01
1.105307999327203028e+01 1.070464795235351430e+00 3.687162747938614316e-01 -2.895065963959381206e-01 -2.245804450961725596e-01
1.115307999327202992e+01 1.043510132213806285e+00 3.463272698359189383e-01 -2.709100632036701706e-01 -2.222640340414299698e-01
1.125307999327202957e+01 1.015270647654657798e+00 3.244441819754346201e-01 -2.781492594657631878e-01 -2.145447949046548064e-01
1.135307999327202921e+01 9.890590515264817695e-01 3.035868189999971212e-01 -2.549987421236606933e-01 -2.017630414690470275e-01
1.145307999327202886e+01 9.635257184874197467e-01 2.842511828663383255e-01 -2.513449700570906109e-01 -1.842087130845629361e-01
1.155307999327202850e+01 9.402081922321426921e-01 2.668832823159337231e-01 -2.025619393108269994e-01 -1.624933380699231933e-01
1.165307999327202815e+01 9.253152308034178208e-01 2.518852872404473420e-01 -9.592594632131967725e-02 -1.367679676874875572e-01
1.175307999327202779e+01 9.189727613840775744e-01 2.396738201141093150e-01 -3.889959886171534542e-02 -1.067546086075783079e-01
1.185307999327202744e+01 9.176940675730154151e-01 2.306650951200052702e-01 1.808416867002312495e-02 -7.282140947567314337e-02
1.195307999327202708e+01 9.218557999222815047e-01 2.252193243864566985e-01 4.968892923771813658e-02 -3.561149112000145528e-02
1.205307999327202673e+01 9.251680849983241473e-01 2.236129173186042207e-01 1.644808107163957256e-02 3.664736645650132352e-03
1.215307999327202637e+01 9.250553143098192432e-01 2.259529262190874133e-01 -2.735329043435579671e-02 4.295828441880715498e-02
1.225307999327202602e+01 9.192677280659200534e-01 2.321279195035155507e-01 -7.896964845304263458e-02 7.995021249224601445e-02
1.235307999327202566e+01 9.097773859815175834e-01 2.417907356636478933e-01 -1.186818786393646907e-01 1.123872153306202937e-01
1.245307999327202531e+01 8.959246590541413147e-01 2.543880734303767266e-01 -1.418012372425359047e-01 1.383224927511689240e-01
1.255307999327202495e+01 8.842148801617369935e-01 2.691936156845497474e-01 -9.140114231875680340e-02 1.564586660877526347e-01
1.265307999327202459e+01 8.760319015215004557e-01 2.854137750446233412e-01 -7.713777651138221947e-02 1.666019671885647369e-01
1.275307999327202424e+01 8.711937607794443261e-01 3.022442146098640592e-01 1.876628587580420060e-03 1.686996670093832140e-01
1.285307999327202388e+01 8.779765569139840187e-01 3.189198000022150370e-01 1.289374415904891158e-01 1.638105854131831074e-01
1.295307999327202353e+01 8.968364592157089810e-01 3.348397165855265811e-01 2.493188682315741200e-01 1.539294707271523510e-01
1.305307999327202317e+01 9.265126816997546477e-01 3.496101457613065011e-01 3.347151922188995044e-01 1.411658921161859370e-01
1.315307999327202282e+01 9.618468279536769305e-01 3.630357711278213162e-01 3.590465236413820649e-01 1.272628077226555243e-01
1.325307999327202246e+01 9.973466162424206027e-01 3.750567061854749862e-01 3.582942444813586591e-01 1.131671519030897355e-01
1.335307999327202211e+01 1.032878906854446610e+00 3.856833066481930028e-01 3.329819320675563854e-01 9.948293700889035418e-02
1.345307999327202175e+01 1.061825037079265899e+00 3.949722139201019555e-01 2.464505989894817395e-01 8.633654918696423430e-02
1.355307999327202140e+01 1.080056878755907723e+00 4.029457940898134027e-01 1.028346090426889847e-01 7.301337864383272702e-02
1.365307999327202104e+01 1.083477212775669551e+00 4.095215464593239818e-01 -1.540579302731058531e-02 5.811058266015103890e-02
1.375307999327202069e+01 1.079163763838003609e+00 4.144800056127878607e-01 -6.166223762071774972e-02 4.060406787278777324e-02
1.385307999327202033e+01 1.074054949329990682e+00 4.175586479519586280e-01 -3.227336661886497093e-02 2.063223043788110431e-02
1.395307999327201998e+01 1.072799239863778675e+00 4.185630928649727855e-01 1.052162845458894103e-02 -6.377983195994078869e-04
1.405307999327201962e+01 1.076519893726196830e+00 4.174391470179260044e-01 5.609188563815713235e-02 -2.166146981789109430e-02
1.415307999327201927e+01 1.081913143435197400e+00 4.142879187691442811e-01 4.212187371001312880e-02 -4.100433550315971121e-02
1.425307999327201891e+01 1.082325277595153734e+00 4.093145986061997310e-01 -4.557753362693583304e-02 -5.809884746200848910e-02
1.435307999327201856e+01 1.072799297750168357e+00 4.027275663155397978e-01 -1.372394528738622443e-01 -7.341187193368346742e-02
1.445307999327201820e+01 1.056118617808456062e+00 3.946700619740693972e-01 -1.912794522609220782e-01 -8.757435114076206339e-02
1.455307999327201784e+01 1.035138562008836915e+00 3.852442750479426747e-01 -2.295446850892704782e-01 -1.007826221422510188e-01
1.465307999327201749e+01 1.009971612348373959e+00 3.745444544877679638e-01 -2.721540502208615875e-01 -1.130679698591070814e-01
1.475307999327201713e+01 9.811065214171796889e-01 3.626588998064831926e-01 -3.039533030231431621e-01 -1.245023275569046434e-01
1.485307999327201678e+01 9.495356973308152204e-01 3.496729158168743745e-01 -3.229418313331844925e-01 -1.350645238410769777e-01
1.495307999327201642e+01 9.189671834883019752e-01 3.356826104705042946e-01 -2.715194461832129980e-01 -1.444936678465173208e-01
1.505307999327201607e+01 8.959926321586417775e-01 3.208484708743241653e-01 -1.990119447790729690e-01 -1.516882137342764059e-01
1.515307999327201571e+01 8.782934365963407375e-01 3.054624365817840692e-01 -1.460405965590673705e-01 -1.553739298682074166e-01
1.525307999327201536e+01 8.682023257845529196e-01 2.899240724956126947e-01 -5.743756933169984202e-02 -1.545348446388108143e-01
1.535307999327201500e+01 8.659938774453085353e-01 2.747453708815012496e-01 9.247012521384517791e-03 -1.480180595952199918e-01
1.545307999327201465e+01 8.690378962315571387e-01 2.605326512603687861e-01 4.662252822777510075e-02 -1.351592252675065386e-01
1.555307999327201429e+01 8.738134195520519398e-01 2.479246593502221208e-01 3.804698740897557302e-02 -1.159971697418259451e-01
1.565307999327201394e+01 8.758343415164531187e-01 2.375127830837930887e-01 7.353955967015331219e-03 -9.146637250025124732e-02
1.575307999327201358e+01 8.754194353198626599e-01 2.297623135120093196e-01 -2.158097593294518515e-02 -6.301241647278482683e-02
1.585307999327201323e+01 8.720643014804270177e-01 2.249870862859268128e-01 -3.174154472597935650e-02 -3.224863949119545492e-02
1.595307999327201287e+01 8.708822181113347050e-01 2.233428848516273713e-01 7.592057053074550976e-03 -5.525537852609993528e-04
1.605307999327201429e+01 8.729524656576060915e-01 2.248793711533346729e-01 3.086896497158252498e-02 3.121837323407359449e-02
1.615307999327201571e+01 8.769516070705206667e-01 2.295560898955370521e-01 5.337742797466678291e-02 6.207541436874296215e-02
1.625307999327201713e+01 8.843487770810388726e-01 2.372324929750642408e-01 9.226853936905365927e-02 9.108617352681565305e-02
1.635307999327201856e+01 8.953304995240204400e-01 2.476885031379718327e-01 1.356030521157784441e-01 1.175556861698771327e-01
1.645307999327201998e+01 9.128200754594629762e-01 2.606444594098256684e-01 2.094562051158225524e-01 1.410726706505611994e-01
1.655307999327202140e+01 9.352114991161452062e-01 2.758034264981805705e-01 2.327844078203599176e-01 1.615765722626450462e-01
1.665307999327202282e+01 9.595862554956452461e-01 2.928442367949264935e-01 2.598305542029123449e-01 1.786231193339666012e-01
1.675307999327202424e+01 9.883515635969134516e-01 3.114028700241861514e-01 3.158531074832174879e-01 1.919357147399924080e-01
1.685307999327202566e+01 1.020753115215369711e+00 3.311119458934721482e-01 3.207056179168422116e-01 2.016405864397154135e-01
1.695307999327202708e+01 1.052402385504949356e+00 3.516015819877392756e-01 3.156624884146038146e-01 2.074686524041682856e-01
1.705307999327202850e+01 1.082711755230409523e+00 3.724647099408004980e-01 2.828456821259217047e-01 2.090553457351776445e-01
1.715307999327202992e+01 1.109664451306573429e+00 3.932551988955162448e-01 2.639283805192483290e-01 2.059364075396430682e-01
1.725307999327203134e+01 1.135675473274326386e+00 4.134897013513640918e-01 2.562876350743240050e-01 1.979570539500482285e-01
1.735307999327203277e+01 1.162008446087706037e+00 4.326931311655808354e-01 2.758060884279761593e-01 1.853963872393376011e-01
1.745307999327203419e+01 1.191745603005222698e+00 4.504428167570675989e-01 3.261102197595257546e-01 1.690692934650869228e-01
1.755307999327203561e+01 1.227298065456147835e+00 4.664281981725793558e-01 3.732099557079860963e-01 1.503817661405237038e-01
1.765307999327203703e+01 1.264605315996843338e+00 4.804872911980953565e-01 3.733261443389499501e-01 1.307146914012630168e-01
1.775307999327203845e+01 1.301013721718969895e+00 4.925676595085279885e-01 3.407597691986617994e-01 1.109284703505673403e-01
1.785307999327203987e+01 1.331237769979032315e+00 5.026803047838197536e-01 2.666581229086217864e-01 9.134108112741595731e-02
1.795307999327204129e+01 1.355139155519716088e+00 5.108368047043918558e-01 2.154225324472363590e-01 7.179266184437665954e-02
1.805307999327204271e+01 1.374733022371112279e+00 5.170428020178705619e-01 1.658698098845612090e-01 5.236771923819499158e-02
1.815307999327204413e+01 1.384490721866312279e+00 5.213131838864752954e-01 2.292655802314932934e-02 3.297265257619388934e-02
1.825307999327204556e+01 1.381807730326984229e+00 5.236037399659759783e-01 -6.667838319164325067e-02 1.260808650070113432e-02
1.835307999327204698e+01 1.370376261426058395e+00 5.237839242656696648e-01 -1.631973621765213378e-01 -9.293589563103950291e-03
1.845307999327204840e+01 1.350851759303242527e+00 5.216809590720575818e-01 -2.216737978436891798e-01 -3.308922456017422686e-02
1.855307999327204982e+01 1.326255009957814313e+00 5.171061582793201605e-01 -2.645093014343299354e-01 -5.867727211317799729e-02
1.865307999327205124e+01 1.299386829252265674e+00 5.099025737049218687e-01 -2.693925315460155567e-01 -8.553059603587316595e-02
1.875307999327205266e+01 1.273571367316149061e+00 4.999927009942548017e-01 -2.402779172324361334e-01 -1.125864332579352284e-01
1.885307999327205408e+01 1.250342700921133199e+00 4.874284908715762477e-01 -2.333142568804532635e-01 -1.383632328407583822e-01
1.895307999327205550e+01 1.227781157629210584e+00 4.724042685545499221e-01 -2.109679326239393415e-01 -1.616030168426135227e-01
1.905307999327205692e+01 1.206021977949824908e+00 4.552328541553157804e-01 -2.398330759351919028e-01 -1.811319449437681917e-01
1.915307999327205835e+01 1.179917497218280209e+00 4.363175979937128912e-01 -2.747883198052274989e-01 -1.964712905333236281e-01
1.925307999327205977e+01 1.150863991183950219e+00 4.160825133579712509e-01 -3.098556715945531281e-01 -2.075036586143944317e-01
1.935307999327206119e+01 1.117947434002462881e+00 3.949593881483673408e-01 -3.476682103036237148e-01 -2.142655194307724609e-01
1.945307999327206261e+01 1.082473438369158769e+00 3.733638396617116606e-01 -3.493145960522343607e-01 -2.169830290087627622e-01
1.955307999327206403e+01 1.049794289582768547e+00 3.517012672271501161e-01 -3.024162572215926548e-01 -2.155279353018942912e-01
1.965307999327206545e+01 1.022260038757941913e+00 3.304163190809392692e-01 -2.496220572846949426e-01 -2.093334861299695759e-01
1.975307999327206687e+01 9.986935500413708366e-01 3.100077007697985554e-01 -2.235741629181339785e-01 -1.979693722149519219e-01
1.985307999327206829e+01 9.784854026340951139e-01 2.909937660304619533e-01 -1.774693376432809611e-01 -1.814584937636882500e-01
1.995307999327206971e+01 9.636074394048637082e-01 2.738856648192141696e-01 -1.158012330257551514e-01 -1.598592846308107829e-01
2.005307999327207114e+01 9.543611019722743061e-01 2.591899174211593770e-01 -8.406164831187623587e-02 -1.332419315905293555e-01
2.015307999327207256e+01 9.459968428775927807e-01 2.473822489507229161e-01 -7.368848036826373959e-02 -1.022909134515656293e-01
2.025307999327207398e+01 9.404400756047258669e-01 2.388395683690952009e-01 -3.993197043035411758e-02 -6.809900686271394554e-02
2.035307999327207540e+01 9.384346798783579358e-01 2.338381575587257510e-01 2.045238332781335044e-03 -3.163203857491903720e-02
2.045307999327207682e+01 9.404984596930426877e-01 2.325568547918012430e-01 4.391326482569268830e-02 6.138784637955418955e-03
2.055307999327207824e+01 9.489896782616917825e-01 2.350791027951556755e-01 1.233272908245724025e-01 4.432996162238665022e-02
2.065307999327207966e+01 9.630552901328589543e-01 2.414169244620164301e-01 1.549000445830506500e-01 8.231295546009143038e-02
2.075307999327208108e+01 9.802231016749380910e-01 2.514996230713811842e-01 1.841177457135723117e-01 1.190394087918895671e-01
2.085307999327208250e+01 1.000085723586593867e+00 2.651445640737839504e-01 2.307246311055941856e-01 1.533668385566703818e-01
2.095307999327208393e+01 1.030651974183130815e+00 2.820717677582539329e-01 3.873194219254996185e-01 1.847225783784562925e-01
2.105307999327208535e+01 1.074911548772976122e+00 3.020140904943084958e-01 4.774889353176778872e-01 2.137919370121213747e-01
2.115307999327208677e+01 1.123753199988206886e+00 3.247571966385895403e-01 4.936607764589605596e-01 2.406425494187244829e-01
2.125307999327208819e+01 1.172211903198928429e+00 3.500397978484363626e-01 4.707442112223378383e-01 2.643924152157012819e-01
2.135307999327208961e+01 1.218078338430226948e+00 3.774898097419388532e-01 4.427541440020172359e-01 2.837747038501707841e-01
2.145307999327209103e+01 1.257724421762178357e+00 4.066050419304947372e-01 3.363482788308514992e-01 2.974288180024626249e-01
2.155307999327209245e+01 1.284581211084657060e+00 4.367169882636373623e-01 1.967112193996276015e-01 3.033257215941305152e-01
2.165307999327209387e+01 1.296159455096766111e+00 4.669353512169315268e-01 4.301097216793470235e-02 2.991786228283436211e-01
2.175307999327209529e+01 1.296712040457008497e+00 4.961545413196185583e-01 -2.268259167708100432e-02 2.831536036541494328e-01
2.185307999327209671e+01 1.290983766073751537e+00 5.231561083946251189e-01 -9.222579611027699464e-02 2.548365554654597465e-01
2.195307999327209814e+01 1.280802194395020077e+00 5.467217568134831174e-01 -9.482861555335829473e-02 2.145715453044053089e-01
2.205307999327209956e+01 1.273056202650852731e+00 5.657258757497074519e-01 -6.470677300454175107e-02 1.639980557067664269e-01
2.215307999327210098e+01 1.267935860912727142e+00 5.792621307440178891e-01 -2.856038722444930594e-02 1.056612438554764000e-01
2.225307999327210240e+01 1.268648457097171223e+00 5.867003146505332944e-01 4.145990939716668461e-02 4.261500018139242896e-02
2.235307999327210382e+01 1.275595920163094865e+00 5.877484727481840920e-01 9.319935419568600721e-02 -2.153834106867935638e-02
2.245307999327210524e+01 1.285166405565444148e+00 5.824695973728667431e-01 8.784073924793166233e-02 -8.341694559685054744e-02
2.255307999327210666e+01 1.293865207297331343e+00 5.712282175684633145e-01 9.733162391254877865e-02 -1.403962290729227624e-01
2.265307999327210808e+01 1.304509178481732867e+00 5.546376637101794183e-01 1.047875636589328946e-01 -1.899703443029975292e-01
2.275307999327210950e+01 1.313353063479079763e+00 5.335530341204395288e-01 6.535209832680446973e-02 -2.300118291042175245e-01
2.285307999327211093e+01 1.314440703558866996e+00 5.089889194926543459e-01 -6.058026095999388683e-02 -2.595058962556022197e-01
2.295307999327211235e+01 1.301673248021207208e+00 4.819875882452357985e-01 -1.729595768397448885e-01 -2.789327427690644901e-01
2.305307999327211377e+01 1.283811548460885854e+00 4.535147756394364293e-01 -1.774116502197064238e-01 -2.889453523298470827e-01
2.315307999327211519e+01 1.266652686133707517e+00 4.245200280305744811e-01 -1.590506004259867878e-01 -2.893192344261513171e-01
2.325307999327211661e+01 1.253395270310576626e+00 3.959827571563918625e-01 -1.036060046076231894e-01 -2.797320971167882031e-01
2.335307999327211803e+01 1.247205828507392811e+00 3.689182284373138110e-01 -5.667398000635329169e-03 -2.598012529814607285e-01
2.345307999327211945e+01 1.253635214646122487e+00 3.443870541473575964e-01 1.228603127803966216e-01 -2.289314138033042845e-01
2.355307999327212087e+01 1.268191555582702135e+00 3.235098150845431286e-01 1.553769316224081487e-01 -1.867929572575667829e-01
2.365307999327212229e+01 1.282185236634848735e+00 3.073623796908284689e-01 1.066117032503575146e-01 -1.346880813314818570e-01
2.375307999327212372e+01 1.287121370953570265e+00 2.968075010294504712e-01 -5.262611912263001623e-03 -7.556731916678019467e-02
2.385307999327212514e+01 1.283017471449884539e+00 2.923503466526267136e-01 -6.978843081776578416e-02 -1.338118322988409575e-02
2.395307999327212656e+01 1.274042717179133977e+00 2.941134757440880820e-01 -1.059302975592862628e-01 4.828383738068150327e-02
2.405307999327212798e+01 1.261907781756878233e+00 3.018848264334555442e-01 -1.383466352766128393e-01 1.062857408689142080e-01
2.415307999327212940e+01 1.246943299216891399e+00 3.151517361769597958e-01 -1.557982622049729204e-01 1.577386620519616589e-01
2.425307999327213082e+01 1.230814828067433364e+00 3.331329767497610006e-01 -1.693012230662250539e-01 2.002165747486976399e-01
2.435307999327213224e+01 1.213130198055036635e+00 3.548296329319717279e-01 -1.831738042408709299e-01 2.317481678426043801e-01
2.445307999327213366e+01 1.194068284929175494e+00 3.790664751103872687e-01 -1.971281890967710171e-01 2.508112368295206673e-01
2.455307999327213508e+01 1.175160558966314106e+00 4.045441690832884962e-01 -1.683719263992929371e-01 2.564838741782286546e-01
2.465307999327213651e+01 1.162722519890120765e+00 4.299235879614399791e-01 -7.418450489978994922e-02 2.490183716333064512e-01
2.475307999327213793e+01 1.160827441412240812e+00 4.539636214208039866e-01 4.158600964507391806e-02 2.300502487300699617e-01
2.485307999327213935e+01 1.172774047801848907e+00 4.756341169428969784e-01 2.013401357844843975e-01 2.021347141887026577e-01
2.495307999327214077e+01 1.200103734281324108e+00 4.942057187868583723e-01 3.365694612583435830e-01 1.686667971862072513e-01
2.505307999327214219e+01 1.238186091580453008e+00 5.092941088503565306e-01 4.141622952314721329e-01 1.329742338989894912e-01
2.515307999327214361e+01 1.281793016412253072e+00 5.208147780487697442e-01 4.582881573370142236e-01 9.769202281668404320e-02
2.525307999327214503e+01 1.328303007421717252e+00 5.289172355181996910e-01 4.525204840997055777e-01 6.492425280831673473e-02
2.535307999327214645e+01 1.369228938487260017e+00 5.339250640663950609e-01 3.616120719089724878e-01 3.587150066480550292e-02
2.545307999327214787e+01 1.400481422934021003e+00 5.362157277816641532e-01 2.626711826256070692e-01 1.053704461419311192e-02
2.555307999327214930e+01 1.421648542149538841e+00 5.361443778876677779e-01 1.572646564747773867e-01 -1.144710012987590689e-02
2.565307999327215072e+01 1.430697033166377530e+00 5.340168407589988009e-01 2.087765098749394532e-02 -3.073743580577920076e-02
2.575307999327215214e+01 1.425782193865623659e+00 5.300495758081961162e-01 -1.221489807306441189e-01 -4.845036717338123411e-02
2.585307999327215356e+01 1.406125989828428180e+00 5.243348617403669198e-01 -2.648606276749363442e-01 -6.592279265687489564e-02
2.595307999327215498e+01 1.374118753450728203e+00 5.168302826835881048e-01 -3.672727121957791163e-01 -8.441678122555607011e-02
2.605307999327215640e+01 1.337348862803400484e+00 5.073968512373956408e-01 -3.355689069928529111e-01 -1.044789047926649311e-01
2.615307999327215782e+01 1.309472097791746448e+00 4.959234737342912980e-01 -2.287206313546841230e-01 -1.248388717593746366e-01
2.625307999327215924e+01 1.291196385153973392e+00 4.824962199066749613e-01 -1.380284114308939492e-01 -1.431917859252726799e-01
2.635307999327216066e+01 1.278878422096259238e+00 4.674190483560533571e-01 -1.225500322347048837e-01 -1.575764982684628723e-01
2.645307999327216208e+01 1.268100752152100164e+00 4.511455419688711332e-01 -7.738979059263807747e-02 -1.670059893051385469e-01
2.655307999327216351e+01 1.264300679200021760e+00 4.342172180820230709e-01 1.535215460180830438e-03 -1.704516988237335939e-01
2.665307999327216493e+01 1.267686558336178715e+00 4.172965214739257633e-01 4.714650855459573409e-02 -1.666790652638100168e-01
2.675307999327216635e+01 1.269273601566767384e+00 4.011344642319754072e-01 -2.199749437174726430e-02 -1.553887961674483287e-01
2.685307999327216777e+01 1.263401807648184549e+00 3.864257489425839132e-01 -1.028456478989125539e-01 -1.378962790005475725e-01
2.695307999327216919e+01 1.248330182017998169e+00 3.736969824795837170e-01 -1.823730952426322327e-01 -1.161606028088250087e-01
2.705307999327217061e+01 1.229581548931754753e+00 3.632699810698791776e-01 -1.996764283492410419e-01 -9.210157932472916309e-02
2.715307999327217203e+01 1.205952326116964457e+00 3.553059711050260416e-01 -2.731856451485124571e-01 -6.719921184919958046e-02
2.725307999327217345e+01 1.176860356759211301e+00 3.497926213559192088e-01 -2.984356439088888813e-01 -4.339275751297683170e-02
2.735307999327217487e+01 1.147855696269350911e+00 3.465444921142160073e-01 -2.743063557608740322e-01 -2.204815428858649187e-02
2.745307999327217630e+01 1.123011457066132701e+00 3.452819573203305126e-01 -2.218260879889431270e-01 -3.716062737789706943e-03
2.755307999327217772e+01 1.103374681204281282e+00 3.456990400489476922e-01 -1.682615904278078889e-01 1.155188647969608920e-02
2.765307999327217914e+01 1.090214029760569359e+00 3.474957305175741529e-01 -9.498750135893820057e-02 2.393810093847913850e-02
2.775307999327218056e+01 1.083947083547508461e+00 3.504069002153821222e-01 -2.770787489550703697e-02 3.392906642587439209e-02
2.785307999327218198e+01 1.084959579687303943e+00 3.542213556162950305e-01 3.708647467060584291e-02 4.212014633648226286e-02
2.795307999327218340e+01 1.087741341708437393e+00 3.587864606312611282e-01 6.511895723943356834e-03 4.892668916504834542e-02
2.805307999327218482e+01 1.086145439992575179e+00 3.639401383882354124e-01 -3.179964500062057442e-02 5.373921066162042071e-02
2.815307999327218624e+01 1.083570286824515838e+00 3.694446672294660061e-01 -7.286514395823145973e-03 5.589806124163473194e-02
2.825307999327218766e+01 1.085807540163302942e+00 3.750389236658636105e-01 5.109752181556268674e-02 5.565069829474608015e-02
2.835307999327218909e+01 1.093711297583624065e+00 3.805218001814988926e-01 1.070309418518451128e-01 5.381476458014163022e-02
2.845307999327219051e+01 1.106338976256709739e+00 3.857778268882512962e-01 1.376594741358172502e-01 5.124516971140324201e-02
2.855307999327219193e+01 1.120071732519002383e+00 3.907645279187788590e-01 1.339879918068532794e-01 4.847023686589379404e-02
2.865307999327219335e+01 1.132246963847403753e+00 3.954676879403927203e-01 1.022513992226159740e-01 4.555657462547484104e-02
2.875307999327219477e+01 1.140048588898926907e+00 3.998601849267421904e-01 6.183449856985837739e-02 4.216816793764564808e-02
2.885307999327219619e+01 1.146357561481575527e+00 4.038734064415753777e-01 6.190964762927041870e-02 3.796756394548370106e-02
2.895307999327219761e+01 1.150564616037971888e+00 4.074284954645729928e-01 1.733558296336587534e-02 3.298476772831857723e-02
2.905307999327219903e+01 1.149679053404478513e+00 4.104319877075562895e-01 -3.704738552685860054e-02 2.685058665638259678e-02
2.915307999327220045e+01 1.143642327975672002e+00 4.127428998022282247e-01 -7.373718995057805536e-02 1.905505721237463895e-02
2.925307999327220188e+01 1.136157787945259345e+00 4.141818456164302886e-01 -7.732861114056631402e-02 9.444297994947933872e-03
2.935307999327220330e+01 1.128830846146384514e+00 4.145820224973002510e-01 -5.858591932874442076e-02 -1.645822018335083362e-03
2.945307999327220472e+01 1.125398759426835982e+00 4.138285820190135134e-01 -1.589988241923578211e-02 -1.344545886178219116e-02
2.955307999327220614e+01 1.123923247062038389e+00 4.119036165317798148e-01 -2.066270619002176859e-02 -2.494954367270232898e-02
2.965307999327220756e+01 1.120384407156220563e+00 4.088634073486346887e-01 -5.050444184523286001e-02 -3.572487642887964276e-02
2.975307999327220898e+01 1.114112358230352262e+00 4.047850744883764729e-01 -7.738636996846144644e-02 -4.570449103351030551e-02
2.985307999327221040e+01 1.103537532305521207e+00 3.997482583039421167e-01 -1.373889095358702128e-01 -5.493255045789907642e-02
2.995307999327221182e+01 1.088160170798809112e+00 3.938106104259601614e-01 -1.571542889606417359e-01 -6.377646459819569236e-02
3.005307999327221324e+01 1.073132538726364382e+00 3.870081376186564892e-01 -1.467406855496772855e-01 -7.215249171648639714e-02
3.015307999327221467e+01 1.059139541003573548e+00 3.794113542584202081e-01 -1.196159054614227002e-01 -7.958600405426601021e-02
3.025307999327221609e+01 1.052340171317824202e+00 3.711489805645346585e-01 -1.135268188560829838e-02 -8.523612909123079451e-02
3.035307999327221751e+01 1.055701062936044154e+00 3.624789583967080731e-01 7.154297197933713603e-02 -8.746360608521790148e-02
3.045307999327221893e+01 1.065095677544870334e+00 3.538136338016389382e-01 1.023585635357419643e-01 -8.499886958640059942e-02
3.055307999327222035e+01 1.073600336370350572e+00 3.456458292020040401e-01 6.273749598242295278e-02 -7.757835206115645810e-02
3.065307999327222177e+01 1.076789676445319532e+00 3.384357566517734450e-01 -2.862616094896616725e-03 -6.604195115196230537e-02
3.072955080313853671e+01 1.075685902693679807e+00 3.337884831604200353e-01 -1.078663407615016931e-02 -5.527637258009707177e-02
3.080602161300485164e+01 1.076345497149715058e+00 3.300146636444959425e-01 2.118591088453281382e-02 -4.320691876944311727e-02
3.089264400294276314e+01 1.077064396191822926e+00 3.269159827287300146e-01 -6.691369270039857625e-03 -2.813736270095505698e-02
3.097220429592065827e+01 1.076947001250587510e+00 3.252551414709800581e-01 9.165580408473487234e-03 -1.352529725568432130e-02
3.105138332836434500e+01 1.077365695845365234e+00 3.247740851528063688e-01 -8.761143732276734791e-03 1.407327895286804645e-03
3.114674115430969792e+01 1.074931974289982106e+00 3.257602437188591438e-01 -3.646192165180109357e-02 1.914527681548978261e-02
3.124674115430969934e+01 1.068974192876891660e+00 3.285517348368764412e-01 -8.860980849231492318e-02 3.633851863098849777e-02
3.134674115430970076e+01 1.058804669365532414e+00 3.329342703535744796e-01 -1.083688502027134459e-01 5.074974878968828429e-02
3.144674115430970218e+01 1.046509432224167924e+00 3.385762112263817625e-01 -1.383248912232126482e-01 6.138920919714077606e-02
3.154674115430970360e+01 1.031833782538929434e+00 3.450589563241484581e-01 -1.556679051891088350e-01 6.745094226945458349e-02
3.164674115430970502e+01 1.015915502013506666e+00 3.518962908216853869e-01 -1.536140412617920947e-01 6.842483160540564768e-02
3.174674115430970645e+01 1.002155259416407374e+00 3.585745134654640953e-01 -1.184775492112353223e-01 6.433819060317386151e-02
3.184674115430970787e+01 9.933648388429945353e-01 3.646181554069892194e-01 -5.865263681250094951e-02 5.590110394848100961e-02
3.194674115430970929e+01 9.892973969560954206e-01 3.696474857316338070e-01 -1.440962459320121319e-02 4.423554491139834732e-02
3.204674115430970716e+01 9.935091754535414488e-01 3.734004544275719706e-01 9.597859024371360737e-02 3.067175755220680547e-02
3.214674115430970858e+01 1.005539473345699708e+00 3.757839240171202966e-01 1.389922845813028052e-01 1.712758760124979962e-02
3.224674115430971000e+01 1.020897314770700559e+00 3.768699700211505799e-01 1.577360293881071573e-01 4.895768682636672878e-03
3.234674115430971142e+01 1.035596082291388553e+00 3.768315261073946765e-01 1.378581524477620057e-01 -5.306029301047664529e-03
3.244674115430971284e+01 1.048586475983832145e+00 3.758830717464666793e-01 1.224945981969331188e-01 -1.328025076631091789e-02
3.254674115430971426e+01 1.061549127164982842e+00 3.742548957128961074e-01 1.413475288545419373e-01 -1.885387903832224862e-02
3.264674115430971568e+01 1.075684248074269656e+00 3.722062770976721224e-01 1.374727656777885443e-01 -2.162981593154819637e-02
3.274674115430971710e+01 1.090214542499416295e+00 3.700269290427543045e-01 1.576618817823459695e-01 -2.145203920636984049e-02
3.284674115430971852e+01 1.106028525731861167e+00 3.680212861408239111e-01 1.480419752797609290e-01 -1.813476428172432903e-02
3.294674115430971995e+01 1.119120108310156514e+00 3.664957186815197554e-01 1.222728731432964344e-01 -1.195744276697839961e-02
3.304674115430972137e+01 1.132886364254194422e+00 3.657075075822738830e-01 1.536062425805637677e-01 -3.418383225910854792e-03
3.314674115430972279e+01 1.147444688390917955e+00 3.658885307940740184e-01 1.291607036863022806e-01 7.376823979012826771e-03
3.324674115430972421e+01 1.158884657004845664e+00 3.672342868427787566e-01 9.820149586549692389e-02 1.971543728950107127e-02
3.334674115430972563e+01 1.165539942035410670e+00 3.698488402661370689e-01 2.777455634358522163e-02 3.254656627238276118e-02
3.344674115430972705e+01 1.163656100852473507e+00 3.737090003579530695e-01 -6.567474161855503534e-02 4.433034737067128445e-02
3.354674115430972847e+01 1.153894693365859148e+00 3.786205058103817023e-01 -1.175428315898830456e-01 5.330810165652426214e-02
3.364674115430972989e+01 1.142007587652785094e+00 3.842395799905871656e-01 -1.121125660842187399e-01 5.838633308223439150e-02
3.374674115430973131e+01 1.132646717334069741e+00 3.901626444887190126e-01 -7.697535195636961980e-02 5.943287569989269548e-02
3.384674115430973274e+01 1.125530881179436449e+00 3.960046735402292795e-01 -6.662818805841243253e-02 5.682459350911190504e-02
3.394674115430973416e+01 1.119383085927546428e+00 4.014158703232276748e-01 -5.805935273520507894e-02 5.087140873243825578e-02
3.404674115430973558e+01 1.114320448819303921e+00 4.060800749958827227e-01 -3.729520550260874423e-02 4.196235376049903265e-02
3.414674115430973700e+01 1.112153978067649707e+00 4.097322440268190147e-01 -8.039201673700112349e-03 3.077633250721611285e-02
3.424674115430973842e+01 1.112678852497123394e+00 4.121891690507734629e-01 1.394203027236511766e-02 1.820671076155728346e-02
3.434670909541084427e+01 1.113259782832490830e+00 4.133535638431127812e-01 -2.009380419885561930e-04 5.022623363876313127e-03
3.444458583960163622e+01 1.115189558067687603e+00 4.132063547290700245e-01 4.418495911881081817e-02 -7.970620550155337394e-03
3.454458583960163764e+01 1.120087599890162267e+00 4.117800952057222852e-01 4.790971651328746611e-02 -2.033007271999250770e-02
3.464458583960163907e+01 1.126360385673446984e+00 4.091942598553497401e-01 8.463601882286664324e-02 -3.104971329418304560e-02
3.474458583960164049e+01 1.136665168826476391e+00 4.056552197901264201e-01 1.190204224529802096e-01 -3.922713614646605729e-02
3.484458583960164191e+01 1.149756508012563572e+00 4.014619220345622685e-01 1.381396260655680941e-01 -4.402220138079655787e-02
3.494458583960164333e+01 1.163889749098821369e+00 3.969793950678036643e-01 1.444330056670884710e-01 -4.496980919948513622e-02
3.504458583960164475e+01 1.177522149778608362e+00 3.925999013398755455e-01 1.240505138232639581e-01 -4.198113169427301894e-02
3.514458583960164617e+01 1.190492236787772606e+00 3.887033703709080745e-01 1.455118180181663445e-01 -3.536451677323554366e-02
3.524458583960164759e+01 1.205275016793639464e+00 3.856456290805561071e-01 1.386588300380446892e-01 -2.521557970990170872e-02
3.534458583960164901e+01 1.218724071310860246e+00 3.837625056045720906e-01 1.367919205222767887e-01 -1.199439225111698960e-02
3.544458583960165043e+01 1.231322610787794147e+00 3.833278229368501377e-01 1.023477585315837324e-01 3.634432505333516292e-03
3.554458583960165186e+01 1.238213567561972983e+00 3.845314714518088262e-01 3.821777149450464317e-02 2.051133242516200994e-02
3.564458583960165328e+01 1.239472870155031936e+00 3.874187070916199072e-01 -1.559720857922237275e-02 3.705342587766767559e-02
3.574458583960165470e+01 1.233973065084814635e+00 3.918799149994086073e-01 -9.483371750534602684e-02 5.171469333197709767e-02
3.584458583960165612e+01 1.221996096487679484e+00 3.976429478349650104e-01 -1.371727875065627822e-01 6.284200351353318170e-02
3.594458583960165754e+01 1.207816329958840917e+00 4.042937455185698914e-01 -1.355848343964233815e-01 6.935691522521249264e-02
3.604458583960165896e+01 1.196357715037161595e+00 4.113526883147503588e-01 -9.706358618673534278e-02 7.104986812590634304e-02
3.614458583960166038e+01 1.188285298995676698e+00 4.183569421412861034e-01 -5.347412735580078791e-02 6.834526416342953659e-02
3.624458583960166180e+01 1.186803358251308227e+00 4.249018606126375719e-01 1.402033807552138800e-02 6.206410847491452415e-02
3.634458583960166322e+01 1.188372588897425031e+00 4.306877346342702917e-01 8.099993050833600994e-03 5.328682579916300954e-02
3.644458583960166465e+01 1.187408644051448636e+00 4.354874897982313198e-01 -2.664373833584892520e-02 4.234661417155845264e-02
3.654458583960166607e+01 1.183890868118315787e+00 4.390856962901227289e-01 -4.459251720844210898e-02 2.928060759900416934e-02
3.664458583960166749e+01 1.177467049349568695e+00 4.412802177032109086e-01 -8.348263570256020394e-02 1.430059209881065323e-02
3.674458583960166891e+01 1.168073451907875926e+00 4.418866127524320175e-01 -1.033365624067640320e-01 -2.439994366632785780e-03
3.684458583960167033e+01 1.157744734104993123e+00 4.407469720214916009e-01 -8.801445076619193730e-02 -2.052132866451506638e-02
3.694458583960167175e+01 1.153676291521201547e+00 4.377728659442639558e-01 1.633549132421294181e-02 -3.884058698287122524e-02
3.704458583960167317e+01 1.162328473550805930e+00 4.330447528643288080e-01 1.588140071982673818e-01 -5.516685595784671242e-02
3.714458583960167459e+01 1.183711051512159607e+00 4.268946288518884469e-01 2.552315871008639103e-01 -6.687131302306968672e-02
3.724458583960167601e+01 1.211233589959342938e+00 4.198875626251339366e-01 2.804468159648356163e-01 -7.210323912493543652e-02
3.734458583960167743e+01 1.235554237842291680e+00 4.127071599481065278e-01 1.911387498993285528e-01 -7.041118313959027208e-02
3.744458583960167886e+01 1.248859265066275759e+00 4.059950217776385206e-01 7.087808037250709070e-02 -6.304442556885971050e-02
3.754458583960168028e+01 1.247785993900658141e+00 4.002173552379909571e-01 -9.426517675810447416e-02 -5.213905874861506778e-02
3.764458583960168170e+01 1.231932746442229831e+00 3.955945113060128637e-01 -2.155049343681965102e-01 -4.038779697715304262e-02
3.774458583960168312e+01 1.204371331939933398e+00 3.920902609023030894e-01 -3.359123401832466160e-01 -3.012648490752736427e-02
3.784458583960168454e+01 1.166041343322800072e+00 3.894488395101522449e-01 -4.232818993569638644e-01 -2.345215443758996363e-02
3.794458583960168596e+01 1.121062010729500846e+00 3.872284171397542551e-01 -4.665815450909483464e-01 -2.189371270952910481e-02
3.804458583960168738e+01 1.075181383847289673e+00 3.848775013952915880e-01 -4.397349814810380675e-01 -2.606943908418266065e-02
3.814458583960168880e+01 1.034601920016577026e+00 3.818409556148903428e-01 -3.660540891189578150e-01 -3.542361032888318578e-02
3.824458583960169022e+01 1.004587732922849419e+00 3.776695638502032271e-01 -2.139358291419215241e-01 -4.842973669318043767e-02
3.834458583960169165e+01 9.932469120145770436e-01 3.721241375959468134e-01 -2.854459621784641299e-02 -6.234240738108744878e-02
3.844458583960169307e+01 9.946331900920986069e-01 3.652737652973007121e-01 4.276659609261687645e-02 -7.413777800939901075e-02
3.854458583960169449e+01 1.000191338418235265e+00 3.574213870935473158e-01 6.408801398931265880e-02 -8.221634352710387172e-02
3.864458583960169591e+01 1.008492278889382199e+00 3.489785794799857288e-01 1.120758917531203547e-01 -8.584250595216504076e-02
3.874458583960169733e+01 1.023050645856283580e+00 3.404288884867794351e-01 1.760492210515307576e-01 -8.419078100523987029e-02
3.884458583960169875e+01 1.042763076571978198e+00 3.323438181571604089e-01 2.045301336314936380e-01 -7.645971523680863968e-02
3.894458583960170017e+01 1.059879841209719675e+00 3.253392100662110265e-01 1.234958159608120359e-01 -6.272837938651562584e-02
3.904458583960170159e+01 1.066435669415321197e+00 3.199434210934609113e-01 4.937387733662618183e-03 -4.465887746083681276e-02
3.914458583960170301e+01 1.060835366835203519e+00 3.164702701016091635e-01 -1.134689823377963286e-01 -2.470789576794678311e-02
3.924458583960170444e+01 1.044238775842837752e+00 3.149799027428678566e-01 -2.141621078014682711e-01 -5.407429632504602568e-03
3.934458583960170586e+01 1.020570297094971934e+00 3.152932662385170004e-01 -2.423788419982397524e-01 1.106943708055626446e-02
3.944458583960170728e+01 9.987594099696286420e-01 3.170628461165526102e-01 -1.783385169619522981e-01 2.366624231338847542e-02
3.954458583960170870e+01 9.867055049923332266e-01 3.199092737347155047e-01 -6.640809363171359947e-02 3.277587916582638816e-02
3.964458583960171012e+01 9.849726053498362166e-01 3.235400524989626714e-01 3.915468577275627027e-02 3.954380526641389226e-02
3.974458583960171154e+01 9.952007944138990814e-01 3.277831254169780717e-01 1.558991999832317621e-01 4.527452042120429926e-02
3.984458583960171296e+01 1.013595358480756659e+00 3.326051734513516545e-01 2.022285885234884339e-01 5.127500506816010800e-02
3.994458583960171438e+01 1.034818189182178605e+00 3.380628676288885415e-01 2.269726536586700039e-01 5.800594322591851038e-02
4.004458583960171580e+01 1.060038989810298427e+00 3.442355346584420328e-01 2.697477129607879220e-01 6.562492096304411993e-02
4.014458583960171723e+01 1.085367761017414390e+00 3.512225002755438585e-01 2.258218462338950627e-01 7.423251285681528588e-02
4.024458583960171865e+01 1.105327242767280449e+00 3.590856810078031369e-01 1.799678379402865069e-01 8.295253498411714332e-02
4.034458583960172007e+01 1.122969973500607788e+00 3.677837250927863399e-01 1.782245653748604775e-01 9.081783038171721556e-02
4.044458583960172149e+01 1.140239336168473505e+00 3.772064902003982589e-01 1.580084397261081741e-01 9.739034144788237535e-02
4.054458583960172291e+01 1.153507957641873860e+00 3.871993718758126035e-01 1.090106670752222229e-01 1.020786660781802524e-01
4.064458583960172433e+01 1.163751150329334738e+00 3.975320763094376542e-01 1.025877915334088425e-01 1.040907078699241650e-01
4.074458583960172575e+01 1.171990412409335880e+00 4.079186654065448114e-01 4.359395207495010693e-02 1.031100054598355492e-01
4.084458583960172717e+01 1.171691126823439788e+00 4.180285793330787425e-01 -4.302313649868517997e-02 9.836055546017462292e-02
4.094458583960172859e+01 1.163262913840145130e+00 4.274307772191010546e-01 -1.289514864016728102e-01 8.881437157946840688e-02
4.104458583960173002e+01 1.146218275431483136e+00 4.356041459100258306e-01 -2.113351330504095182e-01 7.366208352399511439e-02
4.114458583960173144e+01 1.122031595950998328e+00 4.419579517073463082e-01 -2.518555291823796338e-01 5.237723059745733045e-02
4.124458583960173286e+01 1.100367712576558299e+00 4.458894362514437826e-01 -1.722627947784164115e-01 2.546037771716655115e-02
4.134458583960173428e+01 1.088440561694297148e+00 4.469340323966189410e-01 -6.030713761100554848e-02 -4.918945462312859090e-03
4.144458583960173570e+01 1.087372197216898817e+00 4.448855338158450579e-01 2.567307889810964416e-02 -3.591513337863305733e-02
4.154458583960173712e+01 1.092550304408121731e+00 4.398154581826959619e-01 7.616872974175277478e-02 -6.499353394863685573e-02
4.164458583960173854e+01 1.100781034912665213e+00 4.320151728635390209e-01 8.216135822382460152e-02 -9.025385277108971538e-02
4.174458583960173996e+01 1.109714351948933198e+00 4.219333367434878745e-01 9.867148398178472724e-02 -1.104500381011222915e-01
4.184458583960174138e+01 1.120051860877435690e+00 4.101287075766660850e-01 1.093666540941402032e-01 -1.245557116913793283e-01
4.194458583960174280e+01 1.131228741451572040e+00 3.972508197362347171e-01 1.039725790578198417e-01 -1.318178937591792110e-01
4.204458583960174423e+01 1.140128029041972857e+00 3.840000997972051744e-01 8.080756605192256081e-02 -1.320499820333588259e-01
4.214458583960174565e+01 1.147223145652410015e+00 3.710653379192994650e-01 4.952401375955425150e-02 -1.255602651139817449e-01
4.224458583960174707e+01 1.148728677754615513e+00 3.590865070707260909e-01 -1.749259678029880388e-02 -1.131425329849333750e-01
4.234458583960174849e+01 1.144868718865143409e+00 3.485870865370451765e-01 -4.972068860271335738e-02 -9.620695625683703400e-02
4.244458583960174991e+01 1.139999866300918541e+00 3.399567145588955897e-01 -5.605513383220306345e-02 -7.591220306168114385e-02
4.254458583960175133e+01 1.130490346756524156e+00 3.334802102976262561e-01 -1.425417834084155566e-01 -5.339959242182054644e-02
4.264458583960175275e+01 1.111554847166508875e+00 3.292811856194867159e-01 -2.357710541473375110e-01 -3.075409072347923961e-02
4.274458583960175417e+01 1.083985428643576165e+00 3.272570792863604972e-01 -3.024011945899736653e-01 -1.026505815864537860e-02
4.284458583960175559e+01 1.054160343051549154e+00 3.270980285488204187e-01 -2.878244588863489439e-01 6.368838027755507891e-03
4.294458583960175702e+01 1.026606793549085683e+00 3.283823613175678724e-01 -2.553289750509401546e-01 1.855746451133063329e-02
4.304458583960175844e+01 1.006300980251092048e+00 3.306631071086706397e-01 -1.379870146357517480e-01 2.640679813739810200e-02
4.314458583960175986e+01 9.995730547222858586e-01 3.335615974907955583e-01 4.943598070364096930e-04 3.120367779890530213e-02
4.324458583960176128e+01 1.004608111575717055e+00 3.368601239202636544e-01 8.420996943441738658e-02 3.466472818523028826e-02
4.334458583960176270e+01 1.014529993931861052e+00 3.404852174600478398e-01 1.184312596310414523e-01 3.782107972423223025e-02
4.344458583960176412e+01 1.029387419349209187e+00 3.444296963487705199e-01 1.780182442086493677e-01 4.115344038213424732e-02
4.354458583960176554e+01 1.051376576698712650e+00 3.487453309149510239e-01 2.781735861082361150e-01 4.538669720025629434e-02
4.364458583960176696e+01 1.084924340468897297e+00 3.535788395192087097e-01 3.659804495375389433e-01 5.176639447175796632e-02
4.374458583960176838e+01 1.120349757654045542e+00 3.591986504049672346e-01 3.458507847094244858e-01 6.108534136415939148e-02
4.384458583960176981e+01 1.155929059322157393e+00 3.658782253967529097e-01 3.606475672565457313e-01 7.289557370505730938e-02
4.394458583960177123e+01 1.189477065967732505e+00 3.738459647095110361e-01 2.973669356877378656e-01 8.670482067064663734e-02
4.404458583960177265e+01 1.213774821344301147e+00 3.832377026280087140e-01 1.858894145276596688e-01 1.010458593678194295e-01
4.414458583960177407e+01 1.227894297919856825e+00 3.940018209746319333e-01 1.047606641524646692e-01 1.138077454066372673e-01
4.424458583960177549e+01 1.234270472586063816e+00 4.058877689868043426e-01 1.572120762999405785e-02 1.232215274637839253e-01
4.434458583960177691e+01 1.231413468889591023e+00 4.184791647823009053e-01 -6.537634992736317263e-02 1.276401173724713289e-01
4.444458583960177833e+01 1.222253445195836674e+00 4.312044419440764775e-01 -1.105104260105599784e-01 1.257417821022057403e-01
4.454458583960177975e+01 1.211713572599658395e+00 4.433992047733610886e-01 -9.121794525399190556e-02 1.170384122175970459e-01
4.464458583960178117e+01 1.204150112320863775e+00 4.544042946745353584e-01 -6.279885392291913171e-02 1.021098940243194558e-01
4.474458583960178260e+01 1.198821838821078067e+00 4.636479972948553407e-01 -4.423720093181727347e-02 8.198898503008959782e-02
4.484458583960178402e+01 1.195620790784170495e+00 4.706669345586260156e-01 -1.889755395945422883e-02 5.782370666176835095e-02
4.494458583960178544e+01 1.193736438685990109e+00 4.751225984076457576e-01 -2.874992893475204758e-02 3.093854740698818648e-02
4.504458583960178686e+01 1.189890625346310626e+00 4.767982900274351232e-01 -3.911882949359690720e-02 2.367050043776408597e-03
4.514458583960178828e+01 1.185953439542444032e+00 4.755753721645606946e-01 -5.252459853603684559e-02 -2.682405540301265046e-02
4.524458583960178970e+01 1.177927807768134105e+00 4.714453856955774236e-01 -9.829182988476378724e-02 -5.567716068715034688e-02
4.534458583960179112e+01 1.169767982229669379e+00 4.644750230716732653e-01 -5.293904741312847884e-02 -8.342914007980058166e-02
4.544458583960179254e+01 1.168177793265813502e+00 4.548539943224316762e-01 2.224368956103946193e-02 -1.083406011368262117e-01
4.554458583960179396e+01 1.173586547143199432e+00 4.429716237256279276e-01 7.756828062055365347e-02 -1.283266549307771898e-01
4.564458583960179539e+01 1.182099206710640171e+00 4.294066874381615162e-01 8.707206477127989175e-02 -1.418035561521621690e-01
4.574458583960179681e+01 1.190294738857903711e+00 4.148524080884119503e-01 7.637415262212740585e-02 -1.480556298246857305e-01
4.584458583960179823e+01 1.196801847239262750e+00 4.000405014177968455e-01 4.286519007682312171e-02 -1.469788952226337153e-01
4.594458583960179965e+01 1.196765281121348057e+00 3.856814233844493844e-01 -4.424286703254295267e-02 -1.391974780485170093e-01
4.604458583960180107e+01 1.188635387948556499e+00 3.723747715037508677e-01 -1.174092172914977528e-01 -1.262006102030851229e-01
4.614458583960180249e+01 1.174589412956649648e+00 3.605617050920761901e-01 -1.493468111711809820e-01 -1.095771852968188270e-01
4.624458583960180391e+01 1.160320349529432971e+00 3.505418194031590939e-01 -1.368939216490835387e-01 -9.046166806700473018e-02
4.634458583960180533e+01 1.147284296800888503e+00 3.425298966120476352e-01 -1.237604144736957623e-01 -6.953154746833785371e-02
4.644458583960180675e+01 1.134716444805246027e+00 3.366718721869924047e-01 -1.288442887820525073e-01 -4.752470552086203448e-02
4.654458583960180817e+01 1.122820458004488708e+00 3.330297498465301653e-01 -1.012136917528324020e-01 -2.535439742145953468e-02
4.664458583960180960e+01 1.115608855311170489e+00 3.315881400804645551e-01 -3.887112926951877961e-02 -3.553359709479092521e-03
4.674458583960181102e+01 1.114460979937692331e+00 3.323046229304006394e-01 5.559805488099756055e-03 1.780517999743084362e-02
4.684458583960181244e+01 1.114176063141208317e+00 3.351240887350992459e-01 -2.675890938432873289e-02 3.837521008241354115e-02
4.694458583960181386e+01 1.107309525716538845e+00 3.399093132230004977e-01 -9.967149216315282501e-02 5.681359038907528997e-02
4.704458583960181528e+01 1.098925091805480259e+00 3.463616651120428047e-01 -5.384044094873002145e-02 7.157059091844129861e-02
4.714458583960181670e+01 1.096442965979003814e+00 3.540964935275286440e-01 4.948263074798717187e-04 8.252149683574533379e-02
4.724458583960181812e+01 1.097538498498794590e+00 3.627489796570365077e-01 1.036542192944176974e-02 8.994652329612658204e-02
4.734458583960181954e+01 1.098533800692527818e+00 3.719639810798164858e-01 1.634294748414389861e-02 9.372361983208588043e-02
4.744458583960182096e+01 1.099406618918854495e+00 3.813683969592424616e-01 -1.066296652314425997e-02 9.372481327507795057e-02
4.754458583960182239e+01 1.097665090984248026e+00 3.905727659757910475e-01 -1.061402821648013348e-02 8.966700816162768983e-02
4.764264784979457801e+01 1.097291166598437728e+00 3.990122219200269993e-01 8.691888916413266497e-04 8.186889710328183745e-02
4.774164290462144322e+01 1.099689556154074710e+00 4.065892581801961447e-01 5.574510463653187253e-02 7.074148235087172887e-02
4.784164290462144464e+01 1.107195610442601952e+00 4.130056114153606850e-01 8.475558848871776740e-02 5.732259654693795670e-02
4.794164290462144606e+01 1.116839289900536158e+00 4.180151300525058455e-01 1.148894462876449002e-01 4.275083233567414376e-02
4.804164290462144749e+01 1.130719006098849233e+00 4.215526620188375650e-01 1.623777985110086142e-01 2.809296872155152280e-02
4.814164290462144891e+01 1.150025242370471990e+00 4.236743750515599705e-01 2.305423557093640441e-01 1.466409163671265371e-02
4.824164290462145033e+01 1.176405207014272092e+00 4.245773844984036538e-01 2.824419871228712742e-01 3.980975900166747877e-03
4.834164290462145175e+01 1.203898104310006323e+00 4.245996888954266524e-01 2.655863940848882665e-01 -2.870091664341250376e-03
4.844164290462145317e+01 1.231032078087695325e+00 4.241370329932563910e-01 2.859369605035593787e-01 -5.694379179468467278e-03
4.854164290462145459e+01 1.260060258469545502e+00 4.236065861605700089e-01 2.710791623483425061e-01 -4.169155963012415381e-03
4.864164290462145601e+01 1.280856923772448086e+00 4.234351443461881193e-01 1.409996277134362708e-01 1.247046038360340864e-03
4.874164290462145743e+01 1.289387389997635580e+00 4.239217670520141201e-01 2.787279022626701352e-02 8.649319414906951609e-03
4.884164290462145885e+01 1.284957413737302101e+00 4.251630744713381649e-01 -1.179087532303074171e-01 1.597163223806489021e-02
4.894164290462146027e+01 1.267346609692535431e+00 4.270360075818004919e-01 -2.211517777215549208e-01 2.091766608225190116e-02
4.904164290462146170e+01 1.243294374067399177e+00 4.292115104773293610e-01 -2.520818201298105077e-01 2.185275154040987669e-02
4.914164290462146312e+01 1.217990202162919866e+00 4.312546781701822596e-01 -2.462231642176062607e-01 1.825300179171346696e-02
4.924164290462146454e+01 1.195342483469962191e+00 4.327191141652751427e-01 -2.020780549322376829e-01 1.038839903403231645e-02
4.934164290462146596e+01 1.180451011461403299e+00 4.332236642972108753e-01 -7.490228124121961484e-02 -6.893576428097687725e-04
4.944164290462146738e+01 1.181569951982602396e+00 4.325494106475219480e-01 9.038034445017487095e-02 -1.270513928059620323e-02
4.954164290462146880e+01 1.197649327356731019e+00 4.307459717247374975e-01 2.226962726700561501e-01 -2.283517359374106354e-02
4.964164290462147022e+01 1.222376582716098170e+00 4.281203687027940741e-01 2.578872349381883811e-01 -2.888546274427254007e-02
4.974164290462147164e+01 1.248573935561790194e+00 4.251341975700159703e-01 2.597691220063886863e-01 -2.999139224801277565e-02
4.984164290462147306e+01 1.272356170960696753e+00 4.222876351368037295e-01 2.135122035925482720e-01 -2.616674620548237185e-02
4.994164290462147449e+01 1.291398600444710221e+00 4.200401258871236387e-01 1.652437298836659796e-01 -1.816787555506439375e-02
5.004164290462147591e+01 1.305270015861595967e+00 4.187583888180329006e-01 1.070425889142816722e-01 -7.046379329189514373e-03
5.014164290462147733e+01 1.309323014512498329e+00 4.186878369286806678e-01 -3.993403804843942417e-02 5.730812537325184405e-03
5.024164290462147875e+01 1.298646061351838910e+00 4.198761110320209378e-01 -1.595959367127472439e-01 1.767767697930346799e-02
5.034164290462148017e+01 1.278566138735313773e+00 4.221205029381830953e-01 -2.356558735368548541e-01 2.655771025057470508e-02
5.044164290462148159e+01 1.253927408472523375e+00 4.250375345846774122e-01 -2.449796770653898670e-01 3.097611240506979724e-02
5.054164290462148301e+01 1.232051159179971433e+00 4.281559157278938543e-01 -1.806229946997516822e-01 3.064255550303244396e-02
5.064164290462148443e+01 1.218727233227505646e+00 4.310374181446417485e-01 -8.352494662026328787e-02 2.646860083875724606e-02
5.074164290462148585e+01 1.216725501852866653e+00 4.333748588552116532e-01 4.627955579366511973e-02 2.007520227432688792e-02
5.084164290462148728e+01 1.226806874993422891e+00 4.350472335703743365e-01 1.496335656933707459e-01 1.350762455585573056e-02
5.094164290462148870e+01 1.245310814375161002e+00 4.361300518628679623e-01 2.074710726423369955e-01 8.528724671967882059e-03
5.104164290462149012e+01 1.266765763734683636e+00 4.368404157883161165e-01 2.222133276875268293e-01 6.148053891566550300e-03
5.114164290462149154e+01 1.288121477608482168e+00 4.374571560168812323e-01 1.887620390684160987e-01 6.663096938007065546e-03
5.124164290462149296e+01 1.303272398953379430e+00 4.382531511349599396e-01 1.123360954461161410e-01 9.561235795702264020e-03
5.134164290462149438e+01 1.308060638145994270e+00 4.394066872293141968e-01 -2.737273818923099955e-02 1.353823815934968033e-02
5.144164290462149580e+01 1.299797116008988285e+00 4.409284327063951459e-01 -1.179524644448283199e-01 1.657689800973607963e-02
5.154164290462149722e+01 1.286279059640656142e+00 4.426424274662109082e-01 -1.526439426171289637e-01 1.725308810611929367e-02
5.164164290462149864e+01 1.269171446095789912e+00 4.442805222322785963e-01 -1.862988152354666249e-01 1.497707353418585574e-02
5.174164290462150007e+01 1.250850806678472926e+00 4.455283669874570140e-01 -1.725232484918636788e-01 9.447947848759663189e-03
5.184164290462150149e+01 1.233781003129936105e+00 4.460732278373643056e-01 -1.772035981741869881e-01 1.002224014324551438e-03
5.194164290462150291e+01 1.215283143877814886e+00 4.456422038507891203e-01 -1.923110683783802455e-01 -1.003877241843369010e-02
5.204164290462150433e+01 1.195192773724458979e+00 4.439867491876007266e-01 -1.989838488125298954e-01 -2.343933180925177745e-02
5.214164290462150575e+01 1.179680782404322281e+00 4.408959679809251742e-01 -9.798944616976087985e-02 -3.852755959104401523e-02
5.224164290462150717e+01 1.175268664382617123e+00 4.362896625058109712e-01 7.440333195597198523e-03 -5.336915275894517363e-02
5.234164290462150859e+01 1.181850842690081560e+00 4.303035137543119171e-01 1.235970247728927912e-01 -6.576197087998331137e-02
5.244164290462151001e+01 1.198656181648875885e+00 4.232900023509064691e-01 2.090787091214303117e-01 -7.359833444241781208e-02
5.254164290462151143e+01 1.224017963363988271e+00 4.157900527537619628e-01 2.964760040605298741e-01 -7.525147302653177606e-02
5.264164290462151286e+01 1.256451289970555107e+00 4.084882129020769304e-01 3.466790510204069697e-01 -6.948173127326147391e-02
5.274164290462151428e+01 1.292930385932865356e+00 4.021588020411231423e-01 3.742968859529475778e-01 -5.577662905625085932e-02
5.284164290462151570e+01 1.327681688268435689e+00 3.975881348314820873e-01 3.051845950112799244e-01 -3.447789657790058249e-02
5.294164290462151712e+01 1.353687458233255203e+00 3.954567852447467002e-01 2.200020371551441867e-01 -7.383048168527278632e-03
5.304164290462151854e+01 1.370898806146465976e+00 3.962251294266385671e-01 1.137761130493067652e-01 2.310183058104814391e-02
5.314164290462151996e+01 1.376422316264601431e+00 4.000965187412198198e-01 1.068077889562146776e-02 5.416834577712803522e-02
5.324164290462152138e+01 1.375235638506469904e+00 4.069874303108890756e-01 -3.839549467627453860e-02 8.312626133047176791e-02
5.334164290462152280e+01 1.366643110396824845e+00 4.165822607555931256e-01 -1.382902479292844600e-01 1.078742004738135751e-01
5.344164290462152422e+01 1.347682799204087400e+00 4.283415758714673727e-01 -2.386850087868649939e-01 1.260124411822612922e-01
5.354164290462152564e+01 1.320575989413495410e+00 4.414918025663072121e-01 -2.923187621595791930e-01 1.353986992004673207e-01
5.364164290462152707e+01 1.288730922214087249e+00 4.550884832568204974e-01 -3.563331636317911277e-01 1.348050353756481967e-01
5.374164290462152849e+01 1.250181558767723189e+00 4.680910534001665457e-01 -3.931908394580534982e-01 1.233894883307717072e-01
5.384164290462152991e+01 1.212883375266337715e+00 4.794060784991214241e-01 -3.517968389101725490e-01 1.012182554462154049e-01
5.394164290462153133e+01 1.180596479609608451e+00 4.880246788870473695e-01 -2.812968060601013232e-01 6.977238978888106180e-02
5.404164290462153275e+01 1.159637629888991661e+00 4.931318283007629644e-01 -1.240628674262282405e-01 3.151835539435151462e-02
5.414164290462153417e+01 1.157737277822118882e+00 4.942297561333412470e-01 8.906416652459653305e-02 -9.660988639728217142e-03
5.424164290462153559e+01 1.176358013958001214e+00 4.912597931760502301e-01 2.707053230032323565e-01 -4.905393310773729920e-02
5.434164290462153701e+01 1.209168822121852838e+00 4.846200184492112650e-01 3.754261400198600773e-01 -8.246194643984300354e-02
5.444164290462153843e+01 1.249287404618106612e+00 4.750655579412618734e-01 4.091925742958864021e-01 -1.069692939291073536e-01
5.454164290462153986e+01 1.287583183615584215e+00 4.635721766067880667e-01 3.508272392207136270e-01 -1.211591769333965202e-01
5.464164290462154128e+01 1.319213294045698204e+00 4.511733748698234514e-01 2.732954639028312149e-01 -1.251776432410380002e-01
5.474164290462154270e+01 1.339992639066441171e+00 4.388415802431406831e-01 1.378066412027183218e-01 -1.200935922862129412e-01
5.484164290462154412e+01 1.346396524014950025e+00 4.273879652988984423e-01 -1.460621676041715111e-02 -1.080260827435425286e-01
5.494164290462154554e+01 1.336489842732652145e+00 4.173782587524004772e-01 -1.816654909365512383e-01 -9.171627370622727204e-02
5.504164290462154696e+01 1.311115571409678715e+00 4.090841723225170923e-01 -3.153437903462898428e-01 -7.420917784553691943e-02
5.514164290462154838e+01 1.276492425281403387e+00 4.024890902972303453e-01 -3.619043400914650488e-01 -5.807558495716592939e-02
5.524164290462154980e+01 1.241260580110959966e+00 3.973771814853343520e-01 -3.333696674101299107e-01 -4.465872311407349804e-02
5.534164290462155122e+01 1.209489143605630757e+00 3.934589088677689639e-01 -3.130154743746044743e-01 -3.419694213139431310e-02
5.544164290462155265e+01 1.177877189071538044e+00 3.904337789508727785e-01 -3.147105837290207209e-01 -2.686103503780095519e-02
5.554164290462155407e+01 1.147104099913026642e+00 3.879727551934311625e-01 -2.968571630766164704e-01 -2.293085243107451446e-02
5.564164290462155549e+01 1.120503106323108122e+00 3.857386374126522410e-01 -2.286030146041274635e-01 -2.223572397869006539e-02
5.574164290462155691e+01 1.100961044265923450e+00 3.834468779120677739e-01 -1.628360216314257425e-01 -2.390595371188714013e-02
5.584164290462155833e+01 1.088130224156534931e+00 3.809138039434418199e-01 -1.015448343703473921e-01 -2.688074465695940857e-02
5.594164290462155975e+01 1.078053027255093443e+00 3.780579804443359726e-01 -1.112572349121455362e-01 -3.027535307204438225e-02
5.604164290462156117e+01 1.063604472519719346e+00 3.748455073117160086e-01 -1.839346858717638145e-01 -3.409828766262683331e-02
5.614164290462156259e+01 1.043762379888061531e+00 3.711990430626455062e-01 -1.908098461299443660e-01 -3.905999056342873005e-02
5.624164290462156401e+01 1.027240811700058432e+00 3.669982907744551159e-01 -1.392223024553727873e-01 -4.505317977436225363e-02
5.634164290462156544e+01 1.015681991234178572e+00 3.621856173311640559e-01 -1.049477350863138592e-01 -5.113357996554995788e-02
5.644164290462156686e+01 1.003011028949544414e+00 3.567901097929193632e-01 -1.460805136600704102e-01 -5.670433208386047030e-02
5.654164290462156828e+01 9.896204457226288609e-01 3.508570451555690917e-01 -1.152229876432936118e-01 -6.186075535191686708e-02
5.664164290462156970e+01 9.800090486039380044e-01 3.444497258664819817e-01 -6.754242117937782341e-02 -6.606487847733384655e-02
5.674164290462157112e+01 9.777689682506611746e-01 3.377070489669223852e-01 1.618688473049180454e-02 -6.835913667909176983e-02
5.684164290462157254e+01 9.807021157409834267e-01 3.308804994998843507e-01 3.385833686151811656e-02 -6.761610922617806996e-02
5.694164290462157396e+01 9.841546787584308786e-01 3.242949571778781515e-01 3.997204335961646732e-02 -6.354830461207490455e-02
5.704164290462157538e+01 9.899279518347666729e-01 3.182806279221904733e-01 7.713976964522066548e-02 -5.617382184942627810e-02
5.714164290462157680e+01 9.996562057230137244e-01 3.131765112275116669e-01 1.194195537485749359e-01 -4.531378118790168469e-02
5.724164290462157823e+01 1.013407369868719377e+00 3.093388446602752806e-01 1.516411642396617299e-01 -3.083581881931988025e-02
5.734164290462157965e+01 1.030210308977215883e+00 3.071259296139386974e-01 1.810719914073823378e-01 -1.286205003110641246e-02
5.744164290462158107e+01 1.046634159781320461e+00 3.068683873117548644e-01 1.387236696839869166e-01 8.122204623421180186e-03
5.754164290462158249e+01 1.059587749721234928e+00 3.088060538707932956e-01 1.259637714522952590e-01 3.079949223677686324e-02
5.764164290462158391e+01 1.070493424502348745e+00 3.130430184298772511e-01 9.138935028273796612e-02 5.389765736978957555e-02
5.774164290462158533e+01 1.080143775661505101e+00 3.195545278986505755e-01 1.124750522398271640e-01 7.609964151867812387e-02
5.784164290462158675e+01 1.094279591462255175e+00 3.282105726558364189e-01 1.731625718900756394e-01 9.674992649629576835e-02
5.794164290462158817e+01 1.112712974778851560e+00 3.388499530109720936e-01 1.761413945875275888e-01 1.157344869995130809e-01
5.804164290462158959e+01 1.127870654604730571e+00 3.512770856538399156e-01 1.308433165591830483e-01 1.322895183758311943e-01
5.814164290462159101e+01 1.140270571431838409e+00 3.651847266590160235e-01 1.290086448483678816e-01 1.451757783448736072e-01
5.824164290462159244e+01 1.156362337143600927e+00 3.801723515301982381e-01 1.962865427082752245e-01 1.539094563704104246e-01
5.834164290462159386e+01 1.177625075115843689e+00 3.958434799415728178e-01 2.154523417334897606e-01 1.589253756983654842e-01
5.844164290462159528e+01 1.197734447446982653e+00 4.118361093958394781e-01 1.852258788940959466e-01 1.602833235635058029e-01
5.854164290462159670e+01 1.215249884497675570e+00 4.277642365105382982e-01 1.668077537951537792e-01 1.575781720154476595e-01
5.864164290462159812e+01 1.231893364611342578e+00 4.432110151198629944e-01 1.771873780698506318e-01 1.506689093419971148e-01
5.874164290462159954e+01 1.250726092790972022e+00 4.577725803170316077e-01 1.773807755747234816e-01 1.399998631455598996e-01
5.884164290462160096e+01 1.264121108066114996e+00 4.710965908645181610e-01 9.938782275820313983e-02 1.258595017709792652e-01
5.894164290462160238e+01 1.272914148093170272e+00 4.828177114125254410e-01 7.162523173210150196e-02 1.079533464389362818e-01
5.904164290462160380e+01 1.277811553687950408e+00 4.925695084726051665e-01 3.931221910724883722e-02 8.651198339803303772e-02
5.914164290462160523e+01 1.283355242473951829e+00 5.000207311428594981e-01 7.053208843691592678e-02 6.212937737532463200e-02
5.924164290462160665e+01 1.290529756446728404e+00 5.049421095766361001e-01 7.141880423302392200e-02 3.613127167913855048e-02
5.934164290462160807e+01 1.298821161353610698e+00 5.072329966025267423e-01 1.003584964848338867e-01 9.731745060733026226e-03
5.944164290462160949e+01 1.310456199612441086e+00 5.069245836735415400e-01 1.320179995151643526e-01 -1.558784942005954702e-02
5.954164290462161091e+01 1.326797294179788089e+00 5.042042073183190531e-01 1.988579774789674404e-01 -3.822449871960870160e-02
5.964164290462161233e+01 1.347413235226706085e+00 4.994287229821443574e-01 1.925963543861962946e-01 -5.643910437994099222e-02
5.974164290462161375e+01 1.362732005698069404e+00 4.930871300682303504e-01 1.041615743574358099e-01 -6.957444771284776452e-02
5.984164290462161517e+01 1.367557644526612437e+00 4.856605535701383203e-01 3.529920127218269532e-03 -7.832354142750178050e-02
5.994164290462161659e+01 1.365649152907650210e+00 4.775359301841464177e-01 -4.584140506460229747e-02 -8.364167767375976781e-02
6.000000000000000000e+01 1.361616722688082426e+00 4.725994254251643101e-01 -9.222030623151164508e-02 -8.539610382880721828e-02
