time[s] x1[m] x2[m] x1_dot[m/s] x2_dot[m/s]
0.000000000000000000e+00 0.000000000000000000e+00 0.000000000000000000e+00 0.000000000000000000e+00 0.000000000000000000e+00
9.999999999999999124e-05 2.661693724657986962e-08 3.198832604833910345e-15 5.323374472634085156e-04 9.628674457711131707e-11
1.100000000000000066e-03 3.220488675434707068e-06 4.685899430723606907e-12 5.855269510835340793e-03 1.320796099340745227e-08
1.110000000000000049e-02 3.277257132607217633e-04 9.212879934521990062e-09 5.902544695426428095e-02 2.929542198714228814e-06
7.311277851227371283e-02 1.409443974930873165e-02 1.037401066861724928e-05 3.825926412698171242e-01 5.496073337595608127e-04
1.731127785122737184e-01 7.666622820084424694e-02 2.984645944833988354e-04 8.559753072449181044e-01 6.736912726889878432e-03
2.731127785122737239e-01 1.810524500797069392e-01 1.762833854839553852e-03 1.200478503438607181e+00 2.499872801453911428e-02
3.731127785122737572e-01 3.107608794066936131e-01 5.839675572526268482e-03 1.371876605723024056e+00 5.939733894146476123e-02
4.731127785122737350e-01 4.514279507393736957e-01 1.421741491013376116e-02 1.416045497121374730e+00 1.109676070033270845e-01
5.731127785122737128e-01 5.873431754186194675e-01 2.855233302865498729e-02 1.263186236860682765e+00 1.779935042842682447e-01
6.731127785122736906e-01 6.972900973868007002e-01 5.016357444346721678e-02 9.172594478624401804e-01 2.553321878548699964e-01
7.731127785122736684e-01 7.696345285541453807e-01 7.969333691745014714e-02 5.253901394417372916e-01 3.348878124004778245e-01
8.731127785122736462e-01 8.016733581165611522e-01 1.169142929506186146e-01 1.193581763812076035e-01 4.076363191864541546e-01
9.731127785122736240e-01 7.950098719380699341e-01 1.606979509258826821e-01 -2.450454319815538184e-01 4.647478701958104308e-01
1.073112778512273602e+00 7.557911706514204297e-01 2.090876154755242633e-01 -5.142268987553765269e-01 4.986494841898728159e-01
1.173112778512273691e+00 6.974766564804757429e-01 2.594783937107437710e-01 -6.230209119816356722e-01 5.041831622913417466e-01
1.273112778512273779e+00 6.379074372683165572e-01 3.089193072749087943e-01 -5.400383857665038700e-01 4.797071059623284062e-01
1.373112778512273868e+00 5.924389961527095627e-01 3.544894346411152641e-01 -3.587658279519208016e-01 4.274001423809537514e-01
1.473112778512273957e+00 5.686487965825597346e-01 3.936321851176790565e-01 -1.094044214038139562e-01 3.521477763074128964e-01
1.573112778512274046e+00 5.708466114630048605e-01 4.243776869136499652e-01 1.539186855885040783e-01 2.606835461705183654e-01
1.673112778512274135e+00 5.991642512898099904e-01 4.454838333933054950e-01 4.062736335186979963e-01 1.606764910391554613e-01
1.773112778512274224e+00 6.505376981336427056e-01 4.564893028502983729e-01 6.131173559839521170e-01 5.993849419318028615e-02
1.873112778512274312e+00 7.194920957896411284e-01 4.576882224981151381e-01 7.505966698443009566e-01 -3.434051980254945735e-02
1.973112778512274401e+00 7.969621017020278586e-01 4.500344270894634513e-01 7.764033811936843499e-01 -1.162929377263400982e-01
2.073112778512274268e+00 8.700290137173377625e-01 4.349675731995649164e-01 6.632047806885484897e-01 -1.821976907738196427e-01
2.173112778512274357e+00 9.255061679949099229e-01 4.141691730382004444e-01 4.258858789404948442e-01 -2.309569533925218410e-01
2.273112778512274446e+00 9.519116679537589221e-01 3.893028756789562173e-01 9.194574819784789854e-02 -2.639847479969049671e-01
2.373112778512274534e+00 9.427566265004129198e-01 3.617844211183738334e-01 -2.772938676740075437e-01 -2.846807266370495193e-01
2.473112778512274623e+00 8.965986401411685236e-01 3.326300736983791584e-01 -6.414042536342835499e-01 -2.974858934949856648e-01
2.573112778512274712e+00 8.171701351537244973e-01 3.023948244743897562e-01 -9.236126438822449547e-01 -3.070290235810463342e-01
2.673112778512274801e+00 7.163502893579447584e-01 2.712119604244414561e-01 -1.078107340982156215e+00 -3.168782131247430689e-01
2.773112778512274890e+00 6.044480146697328582e-01 2.389459646146482041e-01 -1.140105421492533244e+00 -3.288791945709908515e-01
2.873112778512274978e+00 4.922752593222538553e-01 2.053522488027877957e-01 -1.087116625811616721e+00 -3.433364543057398355e-01
2.973112778512275067e+00 3.903871660169062618e-01 1.702415121323597735e-01 -9.319440538288880083e-01 -3.588581467392755742e-01
3.073112778512275156e+00 3.092313963729369508e-01 1.336415147250876179e-01 -6.788236284402544563e-01 -3.725075026012342749e-01
3.173112778512275245e+00 2.556202361896869890e-01 9.594119351717586563e-02 -3.960028463329894333e-01 -3.801157561384433392e-01
3.273112778512275334e+00 2.293285237658070352e-01 5.796498795739431220e-02 -1.314274600691491268e-01 -3.773488968482801575e-01
3.373112778512275423e+00 2.280691576992304737e-01 2.094077601306004038e-02 9.206778284511293875e-02 -3.605392595358349883e-01
3.473112778512275511e+00 2.448820848782892745e-01 -1.359221661261024450e-02 2.340671681963443218e-01 -3.272734324050206589e-01
3.573112778512275600e+00 2.726576122900984944e-01 -4.394249089802387820e-02 3.050895770447380473e-01 -2.769212979997674462e-01
3.673112778512275689e+00 3.023121642057223779e-01 -6.844476024855046525e-02 2.744221926878983586e-01 -2.106912729428364606e-01
3.773112778512275778e+00 3.264601116081811139e-01 -8.565660026211822931e-02 2.078400861651339970e-01 -1.317696256719963488e-01
3.873112778512275867e+00 3.429809550625371184e-01 -9.451837504447668792e-02 1.133560267094129853e-01 -4.446480629295393450e-02
3.973112778512275955e+00 3.475400288863086939e-01 -9.443915974909053435e-02 -2.616276174421024170e-02 4.612445418816020493e-02
4.073112778512276044e+00 3.379663403380561149e-01 -8.537687788436557068e-02 -1.582915727388221061e-01 1.342186490754051498e-01
4.173112778512275689e+00 3.177539290444512665e-01 -6.786454876545869319e-02 -2.391736241284868336e-01 2.142766859942923929e-01
4.273112778512275334e+00 2.911341689817996681e-01 -4.294226546929202915e-02 -2.849901858077424355e-01 2.817445986408966263e-01
4.373112778512274978e+00 2.633354110629966827e-01 -1.205081930690213646e-02 -2.561655790168373414e-01 3.332166732380851260e-01
4.473112778512274623e+00 2.424330710003279321e-01 2.310912590796022556e-02 -1.544198167592383542e-01 3.669908894153843804e-01
4.573112778512274268e+00 2.330920462340390076e-01 6.075675239013865470e-02 -2.644763213763218213e-02 3.830812221857690658e-01
4.673112778512273913e+00 2.399020232944640563e-01 9.917709059243123848e-02 1.771340835007236825e-01 3.827870028660126933e-01
4.773112778512273557e+00 2.691709025452473925e-01 1.368643438328231987e-01 4.027850626421761726e-01 3.690256353700832603e-01
4.873112778512273202e+00 3.197385767873835993e-01 1.726600727347802899e-01 6.080818399775405059e-01 3.456045772753148504e-01
4.973112778512272847e+00 3.898790355340794878e-01 2.057953705723166993e-01 7.825320027297425485e-01 3.164814755967214621e-01
5.073112778512272492e+00 4.733556036467292949e-01 2.358894144087507194e-01 8.763887988159414499e-01 2.853119258665235414e-01
5.173112778512272136e+00 5.634663630103293741e-01 2.628803944908140733e-01 9.133873849995852723e-01 2.547965794214772650e-01
5.273112778512271781e+00 6.528012390169241064e-01 2.869298514774509257e-01 8.581943842626968966e-01 2.266647914449060608e-01
5.373112778512271426e+00 7.321387554588778546e-01 3.083065609745302416e-01 7.122666403168541605e-01 2.012826619723933341e-01
5.473112778512271070e+00 7.929373414678472232e-01 3.272440955403810858e-01 4.991927196287053725e-01 1.775966312872914732e-01
5.573112778512270715e+00 8.311494948674343908e-01 3.438147873777024910e-01 2.597586988702283994e-01 1.535655140914043426e-01
5.673112778512270360e+00 8.449580682696908873e-01 3.578647826103695251e-01 2.274319821746711989e-02 1.267670619376323193e-01
5.773112778512270005e+00 8.367571758524166015e-01 3.690003377127369366e-01 -1.828407950863805420e-01 9.495406896741845348e-02
5.873112778512269649e+00 8.101103200014081462e-01 3.766343756367155349e-01 -3.353131289667156123e-01 5.653898397077372628e-02
5.973112778512269294e+00 7.729092804660923077e-01 3.800699308355127704e-01 -3.965691927270805217e-01 1.103326518636357084e-02
6.073112778512268939e+00 7.322193354180510649e-01 3.786368947740054169e-01 -4.093906901134840570e-01 -4.056777785127075459e-02
6.173112778512268584e+00 6.932604487583167163e-01 3.718204268934123258e-01 -3.624657208318347590e-01 -9.620930096197574666e-02
6.273112778512268228e+00 6.599308138752548736e-01 3.593587867663536883e-01 -3.007552224151540110e-01 -1.529338999111861386e-01
6.373112778512267873e+00 6.342250019216399970e-01 3.413084032117789657e-01 -2.172564788542736824e-01 -2.074029465684745777e-01
6.473112778512267518e+00 6.139698985128633213e-01 3.180662271997770629e-01 -1.956200384197975262e-01 -2.562751537543602187e-01
6.573112778512267163e+00 5.948950175445958388e-01 2.903220327055119898e-01 -1.907865190554659252e-01 -2.971010927933022683e-01
6.673112778512266807e+00 5.738272689823114003e-01 2.589719220065410665e-01 -2.367124451392127460e-01 -3.281920509080341608e-01
6.773112778512266452e+00 5.474799981610056765e-01 2.250319632831975780e-01 -2.902702427184584155e-01 -3.488478499206427164e-01
6.873112778512266097e+00 5.154111180437412898e-01 1.895529890361357661e-01 -3.522581168501311977e-01 -3.590048339829748913e-01
6.973112778512265741e+00 4.771929291974036369e-01 1.535659005187849369e-01 -4.098057897517834447e-01 -3.591262452865580102e-01
7.073112778512265386e+00 4.337899974346833276e-01 1.180348827303356884e-01 -4.592798267961157310e-01 -3.500419394290222863e-01
7.173112778512265031e+00 3.849772272906730186e-01 8.382684198467589554e-02 -5.143928650100015876e-01 -3.328940875690151735e-01
7.273112778512264676e+00 3.326153135674197459e-01 5.167629259347079895e-02 -5.247227563686556184e-01 -3.091240175848940508e-01
7.373112778512264320e+00 2.803759747386317391e-01 2.218274069986809344e-02 -5.194382022054729875e-01 -2.799363734754083954e-01
7.473112778512263965e+00 2.300001814225370866e-01 -4.167964630145626348e-03 -4.805922530116433777e-01 -2.464453247914687173e-01
7.573112778512263610e+00 1.848898135232280304e-01 -2.699216977166514833e-02 -4.170117898904547316e-01 -2.095256911060890681e-01
7.673112778512263255e+00 1.484585195138813096e-01 -4.597873277179026497e-02 -3.061838665707959928e-01 -1.697519322753267002e-01
7.773112778512262899e+00 1.233885695932093879e-01 -6.085248233304103166e-02 -1.929388244867805691e-01 -1.272837792943527779e-01
7.873112778512262544e+00 1.114838348803489920e-01 -7.134855872453897685e-02 -4.268548044481268455e-02 -8.218778300309723117e-02
7.973112778512262189e+00 1.134910926246552876e-01 -7.719670745930828915e-02 7.536219158518368821e-02 -3.431618371716730481e-02
8.073112778512262722e+00 1.255935179106906496e-01 -7.812894580081056195e-02 1.628609041150825276e-01 1.602450432160756888e-02
8.173112778512262366e+00 1.462926995395048280e-01 -7.393699597551214864e-02 2.554324750464139759e-01 6.801102470790429400e-02
8.273112778512262011e+00 1.757133394388449565e-01 -6.450131884774938651e-02 3.199113196910026713e-01 1.207438719227830748e-01
8.373112778512261656e+00 2.085740517423007034e-01 -4.980711006996885182e-02 3.334533955922982518e-01 1.728873791401888127e-01
8.473112778512261301e+00 2.411972258011980119e-01 -3.000961981054031669e-02 3.131149949594712600e-01 2.224433891973331412e-01
8.573112778512260945e+00 2.710073664677231653e-01 -5.483069713051676869e-03 2.848094544077817147e-01 2.670650530156985503e-01
8.673112778512260590e+00 2.986045789130777339e-01 2.316304758446202303e-02 2.706157424816632018e-01 3.044926082864822803e-01
8.773112778512260235e+00 3.255385697705101555e-01 5.511617686939596084e-02 2.678232128112387755e-01 3.329599632420278676e-01
8.873112778512259879e+00 3.524339892481551662e-01 8.941473066445369822e-02 2.733200482218897664e-01 3.512363558357212701e-01
8.973112778512259524e+00 3.807980453330444548e-01 1.250009772672822095e-01 2.975049659624892651e-01 3.586623301650162521e-01
9.073112778512259169e+00 4.123245421523813459e-01 1.607866670781724072e-01 3.292475843331915675e-01 3.552926823588619110e-01
9.173112778512258814e+00 4.453206456006600922e-01 1.957178596125472292e-01 3.262669886816528808e-01 3.416686699106835090e-01
9.273112778512258458e+00 4.770077155006713365e-01 2.287973206726000297e-01 3.050425729610108383e-01 3.183580425012063064e-01
9.373112778512258103e+00 5.066164189267389206e-01 2.590899284177622386e-01 2.910579130795815095e-01 2.860784107385186958e-01
9.473112778512257748e+00 5.352438643236691052e-01 2.857524323195571592e-01 2.799999311708182281e-01 2.459925738471509249e-01
9.573112778512257393e+00 5.631004298836000954e-01 3.080797617589724480e-01 2.801642462286390023e-01 1.996626419903088367e-01
9.673112778512257037e+00 5.912270316077909982e-01 3.255414075682683817e-01 2.822585574478265746e-01 1.490311517487823700e-01
9.773112778512256682e+00 6.194628093666417756e-01 3.378150200380509727e-01 2.774068530738870719e-01 9.627216471116679941e-02
9.873112778512256327e+00 6.457082987707244426e-01 3.447956452575310360e-01 2.483894166493846312e-01 4.349353074819944931e-02
9.973112778512255971e+00 6.693513116556873976e-01 3.465749340060333972e-01 2.181764885964909140e-01 -7.448893271884721168e-03
1.007311277851225562e+01 6.872958837243730024e-01 3.434216853641063327e-01 1.339967991873351749e-01 -5.495102303589755044e-02
1.017311277851225526e+01 6.958637698694851714e-01 3.357277088379500563e-01 3.606097492623604184e-02 -9.817356506571581209e-02
1.027311277851225491e+01 6.933007090442862008e-01 3.239422547501022986e-01 -9.452855629235155932e-02 -1.367622312410497476e-01
1.037311277851225455e+01 6.765331638549185733e-01 3.085219176801962671e-01 -2.403469038614113318e-01 -1.709631015050452341e-01
1.047311277851225420e+01 6.449721782313131424e-01 2.898737435492101944e-01 -3.893793723696710174e-01 -2.014499567195943697e-01
1.057311277851225384e+01 6.003486609939454599e-01 2.683287140244201563e-01 -4.936667422238489866e-01 -2.290125453275129175e-01
1.067311277851225348e+01 5.475875786525722377e-01 2.441564055606078865e-01 -5.515573875549183436e-01 -2.540046167545167988e-01
1.077311277851225313e+01 4.924507457515210351e-01 2.176218710248179478e-01 -5.448742337469424379e-01 -2.761437420070109727e-01
1.087311277851225277e+01 4.390714711538499238e-01 1.890547042087301066e-01 -5.188396923528729721e-01 -2.944705704921857237e-01
1.097311277851225242e+01 3.892178369182338615e-01 1.588933518004081724e-01 -4.768527260676858059e-01 -3.078285788818159174e-01
1.107311277851225206e+01 3.451600537917867695e-01 1.276944088731654936e-01 -3.957065328637424662e-01 -3.150110448173800703e-01
1.117311277851225171e+01 3.093517603002075012e-01 9.614402042177763730e-02 -3.298765247920216748e-01 -3.146295209690568306e-01
1.127311277851225135e+01 2.793562131834558815e-01 6.505277324476496648e-02 -2.636010765977204184e-01 -3.057276384106162315e-01
1.137311277851225100e+01 2.562861912108609919e-01 3.530144726074689598e-02 -2.045287335825161090e-01 -2.877560622570440874e-01
1.147311277851225064e+01 2.378576835808174361e-01 7.806905886084059693e-03 -1.643294467122816127e-01 -2.606444706329691940e-01
1.157311277851225029e+01 2.237504097835825712e-01 -1.654071140703240045e-02 -1.129432161419346298e-01 -2.249378836140681071e-01
1.167311277851224993e+01 2.157292014985129347e-01 -3.691929437364495359e-02 -5.207302235541121788e-02 -1.813951287941051871e-01
1.177311277851224958e+01 2.120081269703661120e-01 -5.259238418261474174e-02 -2.573689986384408365e-02 -1.310602480609172893e-01
1.187311277851224922e+01 2.107118410104050210e-01 -6.296138713733220871e-02 1.115841479748084369e-03 -7.563173102581069451e-02
1.197311277851224887e+01 2.114192895115326321e-01 -6.761480695698442178e-02 4.487465228230995244e-03 -1.710247310060195036e-02
1.207311277851224851e+01 2.108140740650006340e-01 -6.635925363897139662e-02 -1.481119648646074885e-02 4.209390608295048020e-02
1.217311277851224816e+01 2.083080539472252635e-01 -5.926552595834748416e-02 -3.860419311696360045e-02 9.920538818743196430e-02
1.227311277851224780e+01 2.036034185050539236e-01 -4.667893224627896187e-02 -4.893448336993005965e-02 1.515088255364293313e-01
1.237311277851224744e+01 1.987844238739455149e-01 -2.920283132434548998e-02 -4.860971164273980571e-02 1.966530467227604606e-01
1.247311277851224709e+01 1.950762057152804763e-01 -7.649523511167020257e-03 -1.395383648100975010e-02 2.327921853458390644e-01
1.257311277851224673e+01 1.974989781764901753e-01 1.702164854872461816e-02 6.275544624236323310e-02 2.589471018829534454e-01
1.267311277851224638e+01 2.071830748266602629e-01 4.380508368382036999e-02 1.327243680164532091e-01 2.750658485606706227e-01
1.277311277851224602e+01 2.258636647470659287e-01 7.171370825509615354e-02 2.505320954860856264e-01 2.815917534204976924e-01
1.287311277851224567e+01 2.575633817098198497e-01 9.984957891152745901e-02 3.807942748226804675e-01 2.799165961108240341e-01
1.297311277851224531e+01 3.018317139446512476e-01 1.274885257995400090e-01 5.015311689268631135e-01 2.719930524888023449e-01
1.307311277851224496e+01 3.564314200272230004e-01 1.541080399855299932e-01 5.822180300497022953e-01 2.598499921554676129e-01
1.317311277851224460e+01 4.162692951181455880e-01 1.793736240090662293e-01 6.031390106541433260e-01 2.451349849169118245e-01
1.327311277851224425e+01 4.759396474260592647e-01 2.030810746749288631e-01 5.883321559998725414e-01 2.287880196853943893e-01
1.337311277851224389e+01 5.319151985062153809e-01 2.250920536934782612e-01 5.162262598841236283e-01 2.112373187933015151e-01
1.347311277851224354e+01 5.776029422059723029e-01 2.452790026965659953e-01 3.920139945101305257e-01 1.921806344539896405e-01
1.357311277851224318e+01 6.081573967991003027e-01 2.634443143126474207e-01 2.116239344093475971e-01 1.705797351067542267e-01
1.367311277851224283e+01 6.207257108565507053e-01 2.792567368469218159e-01 4.752505994811395684e-02 1.448507592777760200e-01
1.377311277851224247e+01 6.187938589228981767e-01 2.922338612491778842e-01 -7.727596807878474305e-02 1.137267847869487813e-01
1.387311277851224212e+01 6.074079042158223585e-01 3.018069381546791830e-01 -1.438490313231350071e-01 7.678685343102220617e-02
1.397311277851224176e+01 5.911924166935090819e-01 3.074158059311607460e-01 -1.720003223832431150e-01 3.460820034397878858e-02
1.407311277851224141e+01 5.740606029323810366e-01 3.085996736404236773e-01 -1.704369274686918234e-01 -1.141761709330477853e-02
1.417311277851224105e+01 5.570040399159337241e-01 3.050682909695519029e-01 -1.724939483824820541e-01 -5.936189276095374390e-02
1.427311277851224069e+01 5.387239127805969474e-01 2.967290163680897375e-01 -1.954046606797860963e-01 -1.072665473325203900e-01
1.437311277851224034e+01 5.184037060873153413e-01 2.836740584228495954e-01 -2.073214119507773290e-01 -1.533937301958677168e-01
1.447311277851223998e+01 4.976978769269504999e-01 2.661684860882356229e-01 -2.055309601102091044e-01 -1.959733709735581308e-01
1.457311277851223963e+01 4.771144701126669996e-01 2.446578143097501434e-01 -2.093645253108177007e-01 -2.332103902191432487e-01
1.467311277851223927e+01 4.552766395892650086e-01 2.197546501603707680e-01 -2.292095447484058246e-01 -2.636173574245024298e-01
1.477311277851223892e+01 4.308402839830532960e-01 1.921953895967400405e-01 -2.619114127341496956e-01 -2.862101681987082036e-01
1.487311277851223856e+01 4.025988915186606287e-01 1.627892025836928935e-01 -3.017773289978724627e-01 -3.005208728364430204e-01
1.497311277851223821e+01 3.716027673171466983e-01 1.323695781623251966e-01 -3.118946632750047021e-01 -3.064761226181100251e-01
1.507311277851223785e+01 3.400248498639621419e-01 1.017746275622895685e-01 -3.247831418568786765e-01 -3.040274675771461044e-01
1.517311277851223750e+01 3.068906561217927265e-01 7.183489597448504405e-02 -3.309583438631982233e-01 -2.934612275586568342e-01
1.527311277851223714e+01 2.747099529533059137e-01 4.333577157645446265e-02 -3.115769778164877435e-01 -2.752920779852309208e-01
1.537311277851223679e+01 2.447959412272135982e-01 1.701295492009088223e-02 -2.856896597160218376e-01 -2.500353458156095443e-01
1.547311277851223643e+01 2.177121206689662525e-01 -6.458202041518271153e-03 -2.554641242292408077e-01 -2.183928701690131258e-01
1.557311277851223608e+01 1.933865724227845639e-01 -2.648311299788614140e-02 -2.334424268340050124e-01 -1.812875855402720782e-01
1.567311277851223572e+01 1.714197241433564056e-01 -4.257452854619928756e-02 -2.012071049329109407e-01 -1.399463362744049755e-01
1.577311277851223537e+01 1.532966949221668818e-01 -5.437405160732738940e-02 -1.621203549487419127e-01 -9.565771453319506235e-02
1.587311277851223501e+01 1.399511070880439245e-01 -6.165055927321293205e-02 -9.658904403699553054e-02 -4.969150459127696234e-02
1.597311277851223466e+01 1.347398395459126486e-01 -6.428971145822226507e-02 -8.237584372185080550e-03 -3.036955791258670601e-03
1.607311277851223608e+01 1.380069470589755376e-01 -6.225910388433152781e-02 7.186263916617338654e-02 4.357897168894544343e-02
1.617311277851223750e+01 1.490527131116696213e-01 -5.560192341969857205e-02 1.506155425188994701e-01 8.935531648958815187e-02
1.627311277851223892e+01 1.680183527485031025e-01 -4.444236634200428304e-02 2.252169088529402952e-01 1.335022955069818107e-01
1.637311277851224034e+01 1.939600652714001394e-01 -2.898203272771496253e-02 2.968651416734345849e-01 1.752342788421474562e-01
1.647311277851224176e+01 2.273444118692934113e-01 -9.499836837363547642e-03 3.642978143129366742e-01 2.138393970376340214e-01
1.657311277851224318e+01 2.654255683067521798e-01 1.365840827227461987e-02 3.935930545607400632e-01 2.486070803424174080e-01
1.667311277851224460e+01 3.058894279512640035e-01 4.006025886832217942e-02 4.168710118101242590e-01 2.785398365549061062e-01
1.677311277851224602e+01 3.489574704298480379e-01 6.917479063362089176e-02 4.410417515097387331e-01 3.027348401307328185e-01
1.687311277851224744e+01 3.926232612275149525e-01 1.003918685664908494e-01 4.271868590250262332e-01 3.204568056820418787e-01
1.697311277851224887e+01 4.343856079280607463e-01 1.330205351991303464e-01 4.071753044581388203e-01 3.308207934967681285e-01
1.707311277851225029e+01 4.731258253753238274e-01 1.662854582733969133e-01 3.652836555297312437e-01 3.330653446010490293e-01
1.717311277851225171e+01 5.080260769329034698e-01 1.993413240414968479e-01 3.354736932077388434e-01 3.265626062994084200e-01
1.727311277851225313e+01 5.402786955348396480e-01 2.313004290941386709e-01 3.115987599027605914e-01 3.111463948741687302e-01
1.737311277851225455e+01 5.711560879879244990e-01 2.612845055417135076e-01 3.092458515387909723e-01 2.871712222998499819e-01
1.747311277851225597e+01 6.029389347787137421e-01 2.884817710749825737e-01 3.312397679450986843e-01 2.556312976839786866e-01
1.757311277851225739e+01 6.372024288289329652e-01 3.122126732933384607e-01 3.475903582570093464e-01 2.181533945810829045e-01
1.767311277851225881e+01 6.718473644990672344e-01 3.319746697043163275e-01 3.451070106898302958e-01 1.765398631379531957e-01
1.777311277851226023e+01 7.051097282010568845e-01 3.474398017979701825e-01 3.110381907285288960e-01 1.324877430532657163e-01
1.787311277851226166e+01 7.332070078351841103e-01 3.584367848566981651e-01 2.506459133851774435e-01 8.736288643152442801e-02
1.797311277851226308e+01 7.551522561587357130e-01 3.649117405421347660e-01 1.885459489735702432e-01 4.221743719038349718e-02
1.807311277851226450e+01 7.703365016869756499e-01 3.669129434138138635e-01 1.039080135730310467e-01 -1.958488081954673499e-03
1.817311277851226592e+01 7.737108025017395141e-01 3.645717375639069835e-01 -3.698894318825250715e-02 -4.461694447247298301e-02
1.827311277851226734e+01 7.640315686518875937e-01 3.580360164860886263e-01 -1.560992353419813905e-01 -8.586791363733159432e-02
1.837311277851226876e+01 7.419533997206532172e-01 3.474435444270638218e-01 -2.829258053811272711e-01 -1.257671252132481210e-01
1.847311277851227018e+01 7.085628603954643445e-01 3.329245272838693981e-01 -3.819431717184848529e-01 -1.643940255643490667e-01
1.857311277851227160e+01 6.662702688708370680e-01 3.146129537771865659e-01 -4.568264022722916540e-01 -2.015663489466212877e-01
1.867311277851227302e+01 6.185296092555447878e-01 2.926765184813334697e-01 -4.922026959870364760e-01 -2.367645650722157713e-01
1.877311277851227445e+01 5.693645616086163708e-01 2.673583609575572173e-01 -4.854492608456455471e-01 -2.689952864329814286e-01
1.887311277851227587e+01 5.214306376315935854e-01 2.390231622449036086e-01 -4.719306586425581207e-01 -2.968615110976915439e-01
1.897311277851227729e+01 4.762942904965451474e-01 2.081787916997604182e-01 -4.280990901699303075e-01 -3.189345629523199221e-01
1.907311277851227871e+01 4.346983163795353211e-01 1.754787835670882090e-01 -4.078854766164248247e-01 -3.337583674140502943e-01
1.917311277851228013e+01 3.952067239654192266e-01 1.417012668688122923e-01 -3.800855449205333692e-01 -3.403613281705533122e-01
1.927311277851228155e+01 3.582613676915735179e-01 1.077021244352718288e-01 -3.608245104428278727e-01 -3.381150420732110251e-01
1.937311277851228297e+01 3.228179680818983321e-01 7.437968681633945478e-02 -3.488184454093199993e-01 -3.268414272648450525e-01
1.947311277851228439e+01 2.890340644945724735e-01 4.262534317253658528e-02 -3.217846103184499040e-01 -3.068268195506614893e-01
1.957311277851228581e+01 2.589048888678878724e-01 1.329044792145380252e-02 -2.805912483951987224e-01 -2.785341877944072508e-01
1.967311277851228724e+01 2.329474892692602606e-01 -1.282585046797013809e-02 -2.407167642619972847e-01 -2.425825800058418469e-01
1.977311277851228866e+01 2.102222529524019889e-01 -3.500283041599362016e-02 -2.127013087916775624e-01 -1.999508196127162962e-01
1.987311277851229008e+01 1.909912081562332720e-01 -5.263850829526595110e-02 -1.703478225899611453e-01 -1.519928029016722748e-01
1.997311277851229150e+01 1.766651317940740040e-01 -6.527110496855430266e-02 -1.134151763236838500e-01 -1.001244603127558752e-01
2.007311277851229292e+01 1.676679532994971578e-01 -7.257966009968007393e-02 -7.209862600839070379e-02 -4.575726792749964383e-02
2.017311277851229434e+01 1.625956823257627692e-01 -7.439481353709452571e-02 -2.345988216892373746e-02 9.447166112388549752e-03
2.027311277851229576e+01 1.633307959902742246e-01 -7.071658658462667835e-02 3.877281481523250223e-02 6.386631212576121541e-02
2.037311277851229718e+01 1.708662868579326199e-01 -6.169399699632471118e-02 1.125209603611022346e-01 1.161227776475253215e-01
2.047311277851229860e+01 1.859194998343771388e-01 -4.760276458556299967e-02 1.936640000257385530e-01 1.650633349384331150e-01
2.057311277851230003e+01 2.102997207159663373e-01 -2.882062405022203094e-02 2.895116344449286672e-01 2.098404438656392978e-01
2.067311277851230145e+01 2.427679243826094402e-01 -5.792256819106833543e-03 3.591854071241888935e-01 2.498819670306447194e-01
2.077311277851230287e+01 2.818014647635171399e-01 2.097624315312561494e-02 4.167688770914543261e-01 2.845403256787031321e-01
2.087311277851230429e+01 3.263621057185138730e-01 5.091569604832072576e-02 4.843374595272088579e-01 3.132085441800778747e-01
2.097311277851230571e+01 3.802590637929955109e-01 8.341216697685541193e-02 5.913836090011800328e-01 3.357336126421724964e-01
2.107311277851230713e+01 4.425009645638471323e-01 1.178736824217870710e-01 6.416772202864399199e-01 3.525732833301476465e-01
2.117311277851230855e+01 5.070408284119849451e-01 1.537388358340067984e-01 6.425499331294547423e-01 3.637595505587523648e-01
2.127311277851230997e+01 5.695831748196227284e-01 1.904220020974681238e-01 6.039849045250489379e-01 3.688261718714010984e-01
2.137311277851231139e+01 6.272392488519774600e-01 2.272755654854075047e-01 5.410754712554186607e-01 3.670382231313861210e-01
2.147311277851231281e+01 6.754839898834195111e-01 2.635715092588296615e-01 4.162092634418828596e-01 3.574834077294081203e-01
2.157311277851231424e+01 7.096707426555706189e-01 2.984685273379905635e-01 2.620706818908897784e-01 3.388181501610202928e-01
2.167311277851231566e+01 7.275048759772257956e-01 3.309835044864746223e-01 1.017069417338966331e-01 3.096134987177899256e-01
2.177311277851231708e+01 7.318325995899612746e-01 3.600061415637185180e-01 -1.213073317441942800e-02 2.688978977927813374e-01
2.187311277851231850e+01 7.251834025360174296e-01 3.843795688129809651e-01 -1.152288092732800806e-01 2.166944724175270953e-01
2.197311277851231992e+01 7.110450752432535548e-01 4.029880505745644936e-01 -1.567192670322881953e-01 1.538292605658471146e-01
2.207311277851232134e+01 6.948005688404502722e-01 4.148568769591249872e-01 -1.663625509893980892e-01 8.233297955896107245e-02
2.217311277851232276e+01 6.788852308749515618e-01 4.192628635981088259e-01 -1.435000065727096985e-01 5.108172887655998418e-03
2.227311277851232418e+01 6.670659643053161725e-01 4.158070160071334898e-01 -9.216815902882039002e-02 -7.424494820593585676e-02
2.237311277851232560e+01 6.603685440369473358e-01 4.044782331132583120e-01 -4.495979117752859494e-02 -1.516710072162599787e-01
2.247311277851232703e+01 6.567240898789757919e-01 3.856674029910654444e-01 -3.266243322229400725e-02 -2.232866432560045300e-01
2.257311277851232845e+01 6.541162779698617147e-01 3.601230789478125915e-01 -1.805356998125724755e-02 -2.858448787199528995e-01
2.267311277851232987e+01 6.519880841588190368e-01 3.288939218718857083e-01 -3.317600495763971258e-02 -3.365718634861254999e-01
2.277311277851233129e+01 6.460774175992924917e-01 2.932671440783764516e-01 -9.416225107999887101e-02 -3.735849838214604923e-01
2.287311277851233271e+01 6.305692252635283213e-01 2.546555484368099864e-01 -2.258166227888069866e-01 -3.962968485765303028e-01
2.297311277851233413e+01 6.012751987681360655e-01 2.144559686621815287e-01 -3.496208862092696767e-01 -4.055750849360228449e-01
2.307311277851233555e+01 5.622106238999722283e-01 1.739428402834633236e-01 -4.288307426116514942e-01 -4.027796564391973866e-01
2.317311277851233697e+01 5.163616729426088181e-01 1.342593180139119990e-01 -4.801494530302065078e-01 -3.892084657659517499e-01
2.327311277851233839e+01 4.677085929308779089e-01 9.641711455296606004e-02 -4.861379586058345303e-01 -3.661498214306282972e-01
2.337311277851233982e+01 4.213911919621824986e-01 6.131066237246528966e-02 -4.252853920244958341e-01 -3.346307821533384130e-01
2.347311277851234124e+01 3.841926857721318922e-01 2.975728452338387980e-02 -3.208788818950747412e-01 -2.951124202894147563e-01
2.357311277851234266e+01 3.565112495304245677e-01 2.547126155114941976e-03 -2.344633205442614443e-01 -2.478463456872140314e-01
2.367311277851234408e+01 3.363194709097532265e-01 -1.957854645859363751e-02 -1.777643447512666508e-01 -1.936014303467889497e-01
2.377311277851234550e+01 3.202010898537337447e-01 -3.598935170375527209e-02 -1.416579932701295119e-01 -1.338598717684814088e-01
2.387311277851234692e+01 3.086974305200499424e-01 -4.623229987573393429e-02 -8.720675537708129366e-02 -7.056678997402501818e-02
2.397311277851234834e+01 3.028173623155277494e-01 -5.004783198101292463e-02 -3.105945891057095010e-02 -5.629100878141501951e-03
2.407311277851234976e+01 3.019316741664195836e-01 -4.736814747468206382e-02 1.057467208446431772e-02 5.899999201052776032e-02
2.417311277851235118e+01 3.048212154703687782e-01 -3.832839059980091417e-02 4.651557594479113766e-02 1.212142664610483256e-01
2.427311277851235261e+01 3.106236421683286619e-01 -2.327646708485792137e-02 6.633443476721095911e-02 1.788905102567472372e-01
2.437311277851235403e+01 3.177578537856664553e-01 -2.772708517825652613e-03 7.466892929923707456e-02 2.298988108461320623e-01
2.447311277851235545e+01 3.252144388235465589e-01 2.241324824027115734e-02 7.497686907145993673e-02 2.722129861049016886e-01
2.457311277851235687e+01 3.336165852274886601e-01 5.132190718880938474e-02 1.000404637739931990e-01 3.041151913346403224e-01
2.467311277851235829e+01 3.464375564418855080e-01 8.285673681406824365e-02 1.598310602195450736e-01 3.246639639359152896e-01
2.477311277851235971e+01 3.662419510480607876e-01 1.158754006551163118e-01 2.422499069893999657e-01 3.338595464876559782e-01
2.487311277851236113e+01 3.961353635630531222e-01 1.492776957295668394e-01 3.578146034335764059e-01 3.325592689778684163e-01
2.497311277851236255e+01 4.374362093456839462e-01 1.820932055802508553e-01 4.647535720511264401e-01 3.224444004819583265e-01
2.507311277851236397e+01 4.880726411038070478e-01 2.135380725505214294e-01 5.420651662089357448e-01 3.054698320196906902e-01
2.517311277851236540e+01 5.452337052645681581e-01 2.430201695431531139e-01 5.988074017951506844e-01 2.834839033503386840e-01
2.527311277851236682e+01 6.060105466917374839e-01 2.701251200899302818e-01 6.024617072979909782e-01 2.581836192283605835e-01
2.537311277851236824e+01 6.636492139172268656e-01 2.945836463575900455e-01 5.446660351693971558e-01 2.306601382626564667e-01
2.547311277851236966e+01 7.139267535101747608e-01 3.161951537563620351e-01 4.560666788457437004e-01 2.012646618922694641e-01
2.557311277851237108e+01 7.538895379860620638e-01 3.347730181432994612e-01 3.365300347015371951e-01 1.699507634715600457e-01
2.567311277851237250e+01 7.799797251245894625e-01 3.501074706650015855e-01 1.820719320408260289e-01 1.362869571151413828e-01
2.577311277851237392e+01 7.897969455853606213e-01 3.619258947429726536e-01 1.108334317792580848e-02 9.948452745694984223e-02
2.587311277851237534e+01 7.822563850458594814e-01 3.698695235982135121e-01 -1.578084950639633555e-01 5.864318130866542911e-02
2.597311277851237676e+01 7.591873850773259713e-01 3.734966369768943917e-01 -2.945692906950821977e-01 1.308547140980330370e-02
2.607311277851237818e+01 7.269582915476469065e-01 3.723300064538723753e-01 -3.306801010935024321e-01 -3.711151001334081490e-02
2.617311277851237961e+01 6.947088860050933956e-01 3.659705408205395916e-01 -3.115193719595938382e-01 -9.039566228739834286e-02
2.627311277851238103e+01 6.657147271168687430e-01 3.542316206616161756e-01 -2.670352771373899481e-01 -1.442409628448440562e-01
2.637311277851238245e+01 6.403158371176107533e-01 3.371984479842534133e-01 -2.415557927240620240e-01 -1.958205957008291032e-01
2.647311277851238387e+01 6.189909588762787518e-01 3.152307094719278835e-01 -1.778356805200302926e-01 -2.424868561904528486e-01
2.657311277851238529e+01 6.050620818422258740e-01 2.889595991767359151e-01 -1.003883894123930726e-01 -2.814044449864850916e-01
2.667311277851238671e+01 5.978009601487637159e-01 2.592991768474198766e-01 -6.019789823445331756e-02 -3.098726740975245031e-01
2.677311277851238813e+01 5.903761222467842629e-01 2.273911023868387948e-01 -9.314913683964154423e-02 -3.262138365687780039e-01
2.687311277851238955e+01 5.780331081620984079e-01 1.944697604633237598e-01 -1.634727765950044209e-01 -3.301885579609070143e-01
2.697311277851239097e+01 5.571743251109354533e-01 1.617376764933726729e-01 -2.473147386385459168e-01 -3.226570914081824393e-01
2.707311277851239240e+01 5.287409299438043941e-01 1.302718679294040671e-01 -3.298632818905006259e-01 -3.051330712197100614e-01
2.717311277851239382e+01 4.900508741626746212e-01 1.009780779164241027e-01 -4.414539131010062345e-01 -2.796255739513480165e-01
2.727311277851239524e+01 4.417422300743007457e-01 7.452575375745795760e-02 -5.176773262173900436e-01 -2.487371489003080693e-01
2.737311277851239666e+01 3.880419241173471701e-01 5.132977890767217999e-02 -5.478594790603550369e-01 -2.148572971028911149e-01
2.747311277851239808e+01 3.336754072106263291e-01 3.159164730623872930e-02 -5.335701046999898889e-01 -1.798372075809678838e-01
2.757311277851239950e+01 2.826404247210836940e-01 1.535753274616338121e-02 -4.783573338973835520e-01 -1.449420001230623534e-01
2.767311277851240092e+01 2.396174878101117178e-01 2.576891937600318122e-03 -3.772283074248612422e-01 -1.108133478784109338e-01
2.777311277851240234e+01 2.081690955146097421e-01 -6.830850542036049147e-03 -2.448235691050151819e-01 -7.744072428543419262e-02
2.787311277851240376e+01 1.911431582360207659e-01 -1.291982507576295430e-02 -1.017795860353853388e-01 -4.431860960638523556e-02
2.797311277851240519e+01 1.861761133997188733e-01 -1.568282011657338645e-02 -2.097416914765795615e-03 -1.086739920694248379e-02
2.807311277851240661e+01 1.905710672673024408e-01 -1.507962226091320336e-02 9.144260442648093068e-02 2.299233301996744805e-02
2.817311277851240803e+01 2.050297086319619599e-01 -1.107254952130364706e-02 1.996490824081091353e-01 5.721394129244142257e-02
2.827311277851240945e+01 2.300618907650317513e-01 -3.621729750992893487e-03 2.963566626489637645e-01 9.188135987535925309e-02
2.837311277851241087e+01 2.634658815759071127e-01 7.316198299966490334e-03 3.667786715602999736e-01 1.269107351406441042e-01
2.847311277851241229e+01 3.019424592088366111e-01 2.175666177553236061e-02 3.944808517304153606e-01 1.618061538700287239e-01
2.857311277851241371e+01 3.410365276420010971e-01 3.963757083240100620e-02 3.820302282178849040e-01 1.954886517485825703e-01
2.867311277851241513e+01 3.771019370380160884e-01 6.076082904721418626e-02 3.328241359671867405e-01 2.263500275079924906e-01
2.877311277851241655e+01 4.072844245349902526e-01 8.474729513227984012e-02 2.751407893312317055e-01 2.524057477867454602e-01
2.887311277851241798e+01 4.326596318613321057e-01 1.110183768165295404e-01 2.292791165212106907e-01 2.717694951101758960e-01
2.897311277851241940e+01 4.524873039392335872e-01 1.388273866724014927e-01 1.677951764533855417e-01 2.829212092511679821e-01
2.907311277851242082e+01 4.665127318989780725e-01 1.672846411515394316e-01 1.141075289783095581e-01 2.845511318458567307e-01
2.917311277851242224e+01 4.763541540002946273e-01 1.953926230920760565e-01 9.081858801535419579e-02 2.758612304972881679e-01
2.927311277851242366e+01 4.856168166982531842e-01 2.221137169785599164e-01 9.673116250933125326e-02 2.569036478516758537e-01
2.937311277851242508e+01 4.968569154057602133e-01 2.464606793797587680e-01 1.357250139692496305e-01 2.285962625782862467e-01
2.947311277851242650e+01 5.132463372451310235e-01 2.675792627615281027e-01 1.890691476413269012e-01 1.926945403901028087e-01
2.957311277851242792e+01 5.338420437196667034e-01 2.848213512774306344e-01 2.186637941883217973e-01 1.514416792584949711e-01
2.967311277851242934e+01 5.562670694443250241e-01 2.977617127974548916e-01 2.276240866490369108e-01 1.070068414788026001e-01
2.977311277851243076e+01 5.787376182016129578e-01 3.061837560312169471e-01 2.151888629677114750e-01 6.139551183569452036e-02
2.987311277851243219e+01 5.977653976126000579e-01 3.100588022847793335e-01 1.610648394088211033e-01 1.630127310609214702e-02
2.997311277851243361e+01 6.110479473456588151e-01 3.095003956313792104e-01 1.059086606527544494e-01 -2.710194585745834273e-02
3.007311277851243503e+01 6.183906720700795834e-01 3.047285616960380694e-01 3.604648520576954340e-02 -6.781308677108971450e-02
3.017311277851243645e+01 6.183221865161090403e-01 2.960515922250673837e-01 -3.043192968781713303e-02 -1.051126577622729374e-01
3.027311277851243787e+01 6.135444469733989381e-01 2.838414622956045852e-01 -6.477747480624652943e-02 -1.383378522564134294e-01
3.037311277851243929e+01 6.048906598684029579e-01 2.685480515274600855e-01 -1.096809443224147362e-01 -1.666561276896103005e-01
3.047311277851244071e+01 5.909948330340282219e-01 2.506920668780348582e-01 -1.742901082011204805e-01 -1.895362806684420254e-01
3.057311277851244213e+01 5.693664122615420542e-01 2.308229639988240989e-01 -2.579170049966931222e-01 -2.069682572827684641e-01
3.067311277851244355e+01 5.393945457102058416e-01 2.094648474639444480e-01 -3.384860044180040273e-01 -2.194143475971206680e-01
3.077311277851244498e+01 5.041871757375782082e-01 1.870874242765189766e-01 -3.526035975048955606e-01 -2.274101094945821522e-01
3.087311277851244640e+01 4.686326689931227807e-01 1.641325690070801480e-01 -3.637518175095658113e-01 -2.309250144481334033e-01
3.097311277851244782e+01 4.328196916120463089e-01 1.410530921162585216e-01 -3.430374858895642864e-01 -2.299047822493839321e-01
3.107311277851244924e+01 3.995871009539511132e-01 1.183092417455298417e-01 -3.256946624015253922e-01 -2.241700820869076960e-01
3.117311277851245066e+01 3.682847312888072322e-01 9.637787446115196610e-02 -2.994333495372552001e-01 -2.136685547375841987e-01
3.127311277851245208e+01 3.389965420414520758e-01 7.573061507156239602e-02 -2.849119180764768666e-01 -1.985314289935899423e-01
3.137311277851245350e+01 3.121616155742302778e-01 5.681379134899562644e-02 -2.529472905776991021e-01 -1.791217799455177007e-01
3.147311277851245492e+01 2.878667312986660232e-01 4.003503914552086762e-02 -2.321256405018690960e-01 -1.558619402734397197e-01
3.157311277851245634e+01 2.657387712965226245e-01 2.574781609980451857e-02 -2.118589156802340723e-01 -1.294142383528765761e-01
3.167311277851245777e+01 2.459045873931234583e-01 1.423136962341415776e-02 -1.814711701833874036e-01 -1.005882074919843688e-01
3.177311277851245919e+01 2.297406632981392749e-01 5.683304274504858214e-03 -1.389373893912439206e-01 -7.016652872938661245e-02
3.187311277851246061e+01 2.185085598542525764e-01 2.292784746067526302e-04 -8.899913117516949912e-02 -3.880431534021808876e-02
3.197311277851246203e+01 2.119943237106168277e-01 -2.066991149752669694e-03 -3.174086033855363920e-02 -7.123803401871721397e-03
3.207311277851245990e+01 2.132819224625329968e-01 -1.200326588283639074e-03 5.166459621808770775e-02 2.442662566248920281e-02
3.217311277851246132e+01 2.213066923226502947e-01 2.807315215090318717e-03 1.094553627122054063e-01 5.563292232540916621e-02
3.227311277851246274e+01 2.347068475691477252e-01 9.899634504224572723e-03 1.527256926982826779e-01 8.603449091476890465e-02
3.237311277851246416e+01 2.515028742735218592e-01 1.996559343613307086e-02 1.839512782431051430e-01 1.149752324591900160e-01
3.247311277851246558e+01 2.714262379488006638e-01 3.282053808498087283e-02 2.165772485513095535e-01 1.416937227635518548e-01
3.257311277851246700e+01 2.954900171478541671e-01 4.820937678427733575e-02 2.631904044098888340e-01 1.655768876898051079e-01
3.267311277851246842e+01 3.233206110317579651e-01 6.582858370015688687e-02 2.940956247392488843e-01 1.862340374496316286e-01
3.277311277851246984e+01 3.548305508351847770e-01 8.533607711877687352e-02 3.346535082334305966e-01 2.033004421685862262e-01
3.287311277851247127e+01 3.891237941872951467e-01 1.063627707977201492e-01 3.454218750531942717e-01 2.165785872945068247e-01
3.297311277851247269e+01 4.238027117017384993e-01 1.285130660282216841e-01 3.535192246402165672e-01 2.257000543435917217e-01
3.307311277851247411e+01 4.603811991330168940e-01 1.513562256774342585e-01 3.723122117334604630e-01 2.304380064898551017e-01
3.317311277851247553e+01 4.967393666532901597e-01 1.744546137311042411e-01 3.521518319431997113e-01 2.307787987162451537e-01
3.327311277851247695e+01 5.305214384070602307e-01 1.973568447202920240e-01 3.184588067016291268e-01 2.264675229627732822e-01
3.337311277851247837e+01 5.591907844092919300e-01 2.195818477622621112e-01 2.500630060961289702e-01 2.171571530789188353e-01
3.347311277851247979e+01 5.798882512038470161e-01 2.406024406018709982e-01 1.638656329796441269e-01 2.022705443580975204e-01
3.357311277851248121e+01 5.927320706788106186e-01 2.598309032299109256e-01 9.783180085063875042e-02 1.812522292530658607e-01
3.367311277851248263e+01 6.003112432319487324e-01 2.766461231615552907e-01 5.853627369604890579e-02 1.540517145175523128e-01
3.377311277851248406e+01 6.048953319925591821e-01 2.904541418671141018e-01 3.141426872827725314e-02 1.212520279759239372e-01
3.387311277851248548e+01 6.063972113824311894e-01 3.007421555271079794e-01 4.844644340959436413e-06 8.382508116058964842e-02
3.397311277851248690e+01 6.050191679949669110e-01 3.071027827538315158e-01 -2.714172139564666186e-02 4.291352345728308149e-02
3.407311277851248832e+01 6.015456517438663164e-01 3.092535922961866524e-01 -3.947897971418445201e-02 -1.244675646775370015e-04
3.417311277851248974e+01 5.971676246154385970e-01 3.070609427258398361e-01 -4.782657448607086081e-02 -4.366974271633872889e-02
3.427311277851249116e+01 5.918595389868742673e-01 3.005599799384495174e-01 -6.314104941036302598e-02 -8.600847424708993327e-02
3.437311277851249258e+01 5.839697258455157636e-01 2.899508870522417014e-01 -8.941552286237842984e-02 -1.256092053096253269e-01
3.447311277851249400e+01 5.750272109322245306e-01 2.755744517021046502e-01 -9.305754011923601798e-02 -1.611117841925516492e-01
3.457311277851249542e+01 5.642719285041227772e-01 2.579107162833625955e-01 -1.203726254137694601e-01 -1.911715774353622277e-01
3.467311277851249685e+01 5.518369733630771323e-01 2.375529994280151103e-01 -1.278940485321157505e-01 -2.148416864017408945e-01
3.477311277851249827e+01 5.384324966806487422e-01 2.151836323480355029e-01 -1.404426917546225673e-01 -2.312882251147920232e-01
3.487311277851249969e+01 5.234903407050929269e-01 1.915533166476759142e-01 -1.599734850852036760e-01 -2.400104889917740458e-01
3.497311277851250111e+01 5.064937696119827804e-01 1.674422406136139019e-01 -1.809895939207191717e-01 -2.409216785334676314e-01
3.507311277851250253e+01 4.868499370855871033e-01 1.436197731425969126e-01 -2.087477388899818542e-01 -2.343257946352924892e-01
3.517311277851250395e+01 4.662265371913110190e-01 1.208068559727145247e-01 -2.017213600688389508e-01 -2.208251834123725610e-01
3.527311277851250537e+01 4.457284011228550558e-01 9.966660314932150599e-02 -2.081982147035450204e-01 -2.009890539352827132e-01
3.537311277851250679e+01 4.255954796685416652e-01 8.079133691846707155e-02 -1.929503033567429027e-01 -1.756771560029336821e-01
3.547311277851250821e+01 4.063179902550976275e-01 6.468335867226322755e-02 -1.961768503065011160e-01 -1.458185022152732047e-01
3.557311277851250964e+01 3.865052784412220666e-01 5.173674298218980394e-02 -1.971144608954969180e-01 -1.126886127914054903e-01
3.567311277851251106e+01 3.670903760208932831e-01 4.220770742937122316e-02 -1.934982931784188231e-01 -7.769701056768807401e-02
3.577311277851251248e+01 3.475265679614208958e-01 3.621128913599685334e-02 -1.946538636657613452e-01 -4.229121392773437654e-02
3.587311277851251390e+01 3.291169053673497769e-01 3.371426374442614005e-02 -1.700611310965701728e-01 -7.926202137354287913e-03
3.597311277851251532e+01 3.145372652351533516e-01 3.455470389283680360e-02 -1.145608671026148440e-01 2.431626684672922450e-02
3.607311277851251674e+01 3.066228279115836841e-01 3.848760754995125127e-02 -4.550963283609396615e-02 5.387067166142896213e-02
3.617311277851251816e+01 3.060933309986171302e-01 4.523107308454566572e-02 4.151021930578399632e-02 8.050654156189145094e-02
3.627311277851251958e+01 3.147739472456797527e-01 5.449543914401232259e-02 1.243766803560341916e-01 1.043387023070680986e-01
3.637311277851252100e+01 3.295567413369960841e-01 6.601058350243955986e-02 1.659416345473531673e-01 1.255080040623987592e-01
3.647311277851252242e+01 3.473048128664087408e-01 7.949936747929561842e-02 1.888913830756459578e-01 1.437421528477390298e-01
3.657311277851252385e+01 3.670969787274691032e-01 9.464723398286721545e-02 2.018357196046975943e-01 1.586238613256682195e-01
3.667311277851252527e+01 3.868837210697863571e-01 1.110970275175012650e-01 1.938711489299845270e-01 1.696865778086430188e-01
3.677311277851252669e+01 4.057788658480118715e-01 1.284387111552931782e-01 1.827040007493694329e-01 1.763788781278251006e-01
3.687311277851252811e+01 4.241855354455413840e-01 1.462130121016578244e-01 1.940346078080086578e-01 1.782959158220251972e-01
3.697311277851252953e+01 4.459813695940184064e-01 1.639420556813245278e-01 2.468071173796468065e-01 1.755640323336914166e-01
3.707311277851253095e+01 4.743059951271411112e-01 1.811994903628488529e-01 3.191461149068286485e-01 1.690582915911251205e-01
3.717311277851253237e+01 5.087880295029735267e-01 1.976700765456530506e-01 3.652503218873089930e-01 1.600319741286597708e-01
3.727311277851253379e+01 5.460793483463086684e-01 2.131569373384251398e-01 3.689112483484264238e-01 1.495207264560629024e-01
3.737311277851253521e+01 5.802163129476278769e-01 2.275401182556093527e-01 3.081582460416530389e-01 1.379544368584643965e-01
3.747311277851253664e+01 6.069317309365455104e-01 2.407016870798869557e-01 2.182770061208766932e-01 1.249945094242039256e-01
3.757311277851253806e+01 6.225768507042592770e-01 2.524667102872328872e-01 9.532790375565902696e-02 1.098500983822735533e-01
3.767311277851253948e+01 6.265375683679031971e-01 2.625630670174656234e-01 -1.738525334752046014e-02 9.145835226207160717e-02
3.777311277851254090e+01 6.186935360793094363e-01 2.706204366317572774e-01 -1.378507634055748388e-01 6.892811539448301383e-02
3.787311277851254232e+01 5.997249869964029756e-01 2.761856045808979698e-01 -2.377369163487769166e-01 4.152299136811701818e-02
3.797311277851254374e+01 5.722123607398902356e-01 2.787530006122136972e-01 -3.046735345545621421e-01 8.979506904095470310e-03
3.807311277851254516e+01 5.404980713123881397e-01 2.778242534297599153e-01 -3.220131261181653493e-01 -2.825056153501433187e-02
3.817311277851254658e+01 5.091012024830928739e-01 2.729899950250953000e-01 -2.981003324082645012e-01 -6.884388565703594698e-02
3.827311277851254800e+01 4.833260239357083932e-01 2.640129847315509370e-01 -2.051204541484278610e-01 -1.106744979456157074e-01
3.837311277851254943e+01 4.682875447261315993e-01 2.509152783288181587e-01 -1.048401634387147174e-01 -1.507005483944971469e-01
3.847311277851255085e+01 4.607196616779157261e-01 2.340358140296448508e-01 -5.163162120207948069e-02 -1.858677846879874251e-01
3.857311277851255227e+01 4.570874211919022101e-01 2.139796841577399911e-01 -2.255367769167825054e-02 -2.139181381037701668e-01
3.867311277851255369e+01 4.566472245841434741e-01 1.915443356949943499e-01 1.470387486916237274e-02 -2.332095585826497453e-01
3.877311277851255511e+01 4.594506365768484257e-01 1.676737013138692445e-01 3.759813818055970230e-02 -2.424460194954713155e-01
3.887311277851255653e+01 4.627439599767683154e-01 1.434138334800159620e-01 1.493843811350140105e-02 -2.409575140567952467e-01
3.897311277851255795e+01 4.599084623307599928e-01 1.198255486425246763e-01 -7.886447514665227698e-02 -2.292189168045395964e-01
3.907311277851255937e+01 4.460785142616376375e-01 9.785191458592500113e-02 -2.009313481182434247e-01 -2.090490485811086763e-01
3.917311277851256079e+01 4.196616042289682547e-01 7.821037156228470566e-02 -3.260564607601965648e-01 -1.830493585489841868e-01
3.927311277851256222e+01 3.813535963879545743e-01 6.133983590072254050e-02 -4.333344973614776663e-01 -1.541131106168848741e-01
3.937311277851256364e+01 3.352519450172332660e-01 4.739488788244633488e-02 -4.761797779172886602e-01 -1.249303834395074086e-01
3.947311277851256506e+01 2.888152025313904248e-01 3.630031630295432743e-02 -4.385164876256292810e-01 -9.731026900651906786e-02
3.957311277851256648e+01 2.492409881142371997e-01 2.785890726418394775e-02 -3.491187216348784483e-01 -7.188122459949178311e-02
3.967311277851256790e+01 2.205587632720522051e-01 2.185799795970093384e-02 -2.140868056432422284e-01 -4.840826082736342933e-02
3.977311277851256932e+01 2.071451192427189725e-01 1.814330963357283638e-02 -5.716259870594822545e-02 -2.594278090014370819e-02
3.987311277851257074e+01 2.084118340676636427e-01 1.667847717124945270e-02 7.948704389970173700e-02 -3.216171596040217490e-03
3.997311277851257216e+01 2.229828580246514813e-01 1.754334972542778703e-02 2.146581421221148700e-01 2.080668886985857433e-02
4.007311277851257358e+01 2.507834528130546969e-01 2.091423606605685367e-02 3.292236356556197951e-01 4.705013223100486253e-02
4.017311277851257501e+01 2.862680041148233934e-01 2.704365286570068611e-02 3.727262709669648677e-01 7.596202059138687512e-02
4.027311277851257643e+01 3.245251746313927432e-01 3.617796861086745169e-02 3.902889449042725167e-01 1.069997244724676388e-01
4.037311277851257785e+01 3.638918373890003277e-01 4.847977568158431949e-02 3.919118195180969488e-01 1.391146209828047209e-01
4.047311277851257927e+01 4.011981380454412993e-01 6.399117971335055444e-02 3.456742984714380462e-01 1.709134905246927627e-01
4.057311277851258069e+01 4.320923546727229447e-01 8.258580496249831593e-02 2.726938287743596590e-01 2.004027322120393584e-01
4.067311277851258211e+01 4.562955524116057981e-01 1.039197740147100035e-01 2.096359596617179133e-01 2.253471203708321269e-01
4.077311277851258353e+01 4.724217582932943582e-01 1.274358825803559303e-01 1.076709015689324422e-01 2.436967013555616512e-01
4.087311277851258495e+01 4.783764424438526341e-01 1.523667492277912816e-01 1.514870655826013046e-02 2.532960557359412168e-01
4.097311277851258637e+01 4.757220134287477586e-01 1.777447501593237000e-01 -6.477113079444589416e-02 2.524030471506825690e-01
4.107311277851258779e+01 4.663339228440870343e-01 2.024610598347207080e-01 -1.190030322053572676e-01 2.399505222892443501e-01
4.117311277851258922e+01 4.540006923590352850e-01 2.253416642333621323e-01 -1.102351972142411457e-01 2.157496040714377838e-01
4.127311277851259064e+01 4.468712299842946822e-01 2.452580804521599933e-01 -2.592821863485042511e-02 1.810128724979172821e-01
4.137311277851259206e+01 4.501026027280201069e-01 2.612810373043795154e-01 9.436732398787700538e-02 1.384099217582654417e-01
4.147311277851259348e+01 4.650749844182568427e-01 2.727937216745117688e-01 2.005301551013173311e-01 9.141291068949780607e-02
4.157311277851259490e+01 4.897190237789024736e-01 2.795349537842993226e-01 2.862516187560682490e-01 4.355075700298966651e-02
4.167311277851259632e+01 5.206575625934081186e-01 2.815823591629749156e-01 3.281252125376626916e-01 -1.983703118276190780e-03
4.177311277851259774e+01 5.546417024002775475e-01 2.793014184756072993e-01 3.443959249024590719e-01 -4.263869860390134825e-02
4.187311277851259916e+01 5.881864189218407590e-01 2.732815963738253751e-01 3.212306298006113447e-01 -7.651317074446231659e-02
4.197311277851260058e+01 6.170498277219405026e-01 2.642610274682651861e-01 2.455955320363767402e-01 -1.025581358359679562e-01
4.207311277851260201e+01 6.364852136510472658e-01 2.530322888845426554e-01 1.414500686035242982e-01 -1.207557107558969028e-01
4.217311277851260343e+01 6.439865982025269053e-01 2.403463546975935783e-01 7.399777021326048310e-04 -1.318896219867854158e-01
4.227311277851260485e+01 6.361729162569416118e-01 2.268386155217924638e-01 -1.549244397822938102e-01 -1.375096902495709095e-01
4.237311277851260627e+01 6.141074193090989564e-01 2.129624721819970146e-01 -2.779268906987475973e-01 -1.395773757795513159e-01
4.247311277851260769e+01 5.813410319872664989e-01 1.989848754914461670e-01 -3.807953936026849395e-01 -1.397861352359708875e-01
4.257311277851260911e+01 5.376185753932128941e-01 1.850165245266514324e-01 -4.891335709921891262e-01 -1.396613486560870920e-01
4.267311277851261053e+01 4.847532665808562125e-01 1.710129580365508106e-01 -5.623485474326329614e-01 -1.407066991052193516e-01
4.277311277851261195e+01 4.271625834425922807e-01 1.568027481247492028e-01 -5.745608849467512824e-01 -1.438926394137052811e-01
4.287311277851261337e+01 3.722282590144539438e-01 1.421619681593284945e-01 -5.180447719111423988e-01 -1.492158524425384325e-01
4.297311277851261480e+01 3.249386562938586520e-01 1.269216210776866749e-01 -4.159953921490212037e-01 -1.556554917824112816e-01
4.307311277851261622e+01 2.913406601145497321e-01 1.110528801114181729e-01 -2.496519633391529047e-01 -1.614026159467684129e-01
4.317311277851261764e+01 2.752823522676775547e-01 9.475023733307852414e-02 -7.399188163958980713e-02 -1.638765180484561823e-01
4.327311277851261906e+01 2.749600342260245522e-01 7.847316815955632241e-02 5.681264202622127168e-02 -1.605136009500481298e-01
4.337311277851262048e+01 2.855327154516668631e-01 6.290099168287592579e-02 1.534543768111829853e-01 -1.495718374975743281e-01
4.347311277851262190e+01 3.048119661694407845e-01 4.884305639074788125e-02 2.267823635364481227e-01 -1.301264707052393055e-01
4.357311277851262332e+01 3.310416144004271199e-01 3.716822488041220812e-02 2.991688715522825559e-01 -1.019148133444032073e-01
4.367311277851262474e+01 3.622157860796533790e-01 2.874515458147434629e-02 3.038997909160030542e-01 -6.520002367854338399e-02
4.377311277851262616e+01 3.899702651658292218e-01 2.436292124942549334e-02 2.538583894197410373e-01 -2.147858676836317954e-02
4.387311277851262759e+01 4.128150973358450937e-01 2.459943150195648826e-02 1.944013612221089649e-01 2.673238273789513286e-02
4.397311277851262901e+01 4.271465800398359658e-01 2.976094490752840757e-02 8.699661702247508954e-02 7.646313234145978022e-02
4.407311277851263043e+01 4.298312409084549812e-01 3.982236520468607904e-02 -2.990473323721901111e-02 1.241006920633754007e-01
4.417311277851263185e+01 4.226602428309756410e-01 5.438989450562379396e-02 -1.079444898465908159e-01 1.660316982558464605e-01
4.427311277851263327e+01 4.086295908510761410e-01 7.274044821530617488e-02 -1.686378933948058656e-01 1.993320238883804774e-01
4.437311277851263469e+01 3.906221707183907266e-01 9.389384152826711627e-02 -1.826153898680162868e-01 2.217984245336285798e-01
4.447311277851263611e+01 3.738664269621405079e-01 1.167003661681132037e-01 -1.411104909377761119e-01 2.323139094190986853e-01
4.457311277851263753e+01 3.646157932118873068e-01 1.399639124158549019e-01 -3.725330883260032089e-02 2.310962013146887484e-01
4.467311277851263895e+01 3.669681370514883412e-01 1.625783929280712192e-01 8.549879511463193138e-02 2.196642344790910306e-01
4.477311277851264038e+01 3.817835453241719135e-01 1.836311023966188671e-01 2.106244532863642549e-01 2.002751260638729602e-01
4.487311277851264180e+01 4.088547156488207546e-01 2.024556067387994207e-01 3.258824180658200231e-01 1.755557862860442631e-01
4.497311277851264322e+01 4.451154612743334349e-01 2.186533554262470314e-01 3.905732988299270847e-01 1.481467264724302124e-01
4.507311277851264464e+01 4.861360439456743898e-01 2.320663341481246089e-01 4.258287548873518347e-01 1.201686404836949940e-01
4.517311277851264606e+01 5.280869173028983621e-01 2.427232701976289875e-01 3.987212905640356020e-01 9.324237634542360820e-02
4.527311277851264748e+01 5.644500612494507408e-01 2.507755006852326884e-01 3.299389504275911933e-01 6.811526297001620212e-02
4.537311277851264890e+01 5.944754389975057673e-01 2.564105020507312926e-01 2.695768584087024355e-01 4.491613837383383323e-02
4.547311277851265032e+01 6.179976204794207506e-01 2.598256512039070487e-01 1.989003535495559860e-01 2.371635997488533154e-02
4.557311277851265174e+01 6.335224261763696685e-01 2.612158735695843670e-01 1.073513739494912356e-01 4.366051041608545735e-03
4.567311277851265316e+01 6.390113923668085949e-01 2.607439036516910891e-01 2.036641836091146462e-03 -1.364125641539303685e-02
4.577311277851265459e+01 6.342986998258428599e-01 2.585077118343516722e-01 -9.268866067567324563e-02 -3.104151743606249972e-02
4.587311277851265601e+01 6.206026719753879872e-01 2.545344421457922945e-01 -1.838151522314238617e-01 -4.847530667705822471e-02
4.597311277851265743e+01 5.977969728827114970e-01 2.487920620830263163e-01 -2.659807453590428139e-01 -6.652159372018785766e-02
4.607311277851265885e+01 5.685513946597965385e-01 2.411963077855772131e-01 -3.132780146095417995e-01 -8.556469559087317989e-02
4.617311277851266027e+01 5.371198251961044612e-01 2.316505183512675425e-01 -3.046527564393571863e-01 -1.054359194692535140e-01
4.627311277851266169e+01 5.087068071032634364e-01 2.201125189675744165e-01 -2.607575153810013924e-01 -1.251905498820711782e-01
4.637311277851266311e+01 4.855060444482967585e-01 2.066647437230952067e-01 -2.035834047859588769e-01 -1.433694415293808588e-01
4.647311277851266453e+01 4.676984725576340263e-01 1.915432719466518552e-01 -1.511121266112855910e-01 -1.584173883498762592e-01
4.657311277851266595e+01 4.558371341755202422e-01 1.751330754687640268e-01 -8.472045382418845472e-02 -1.689091504930761156e-01
4.667311277851266738e+01 4.508033492639305639e-01 1.579595340860664998e-01 -1.809792579781399624e-02 -1.734659172438163255e-01
4.677311277851266880e+01 4.508328531906880543e-01 1.406749289682049930e-01 8.726345329601772893e-03 -1.710019146319723127e-01
4.687311277851267022e+01 4.502164454566702223e-01 1.240019804650716595e-01 -3.363898340769175960e-02 -1.612966494669510753e-01
4.697311277851267164e+01 4.432204272701741332e-01 1.086242217252640363e-01 -9.881116462554159763e-02 -1.453527049718111863e-01
4.707311277851267306e+01 4.320449398118409445e-01 9.508831810627388359e-02 -1.239799127175395949e-01 -1.246869814375750757e-01
4.717311277851267448e+01 4.180688897584524111e-01 8.380077536436357499e-02 -1.573032831080126426e-01 -1.006131679315746680e-01
4.727311277851267590e+01 3.998202301182149365e-01 7.502899304865726093e-02 -2.090240959326742365e-01 -7.465384089550354541e-02
4.737311277851267732e+01 3.772302751204320570e-01 6.887331728850697166e-02 -2.398074485681407908e-01 -4.858130478320250856e-02
4.747311277851267874e+01 3.514305598653373330e-01 6.526320471904650811e-02 -2.732748744528171181e-01 -2.399908686423547766e-02
4.757311277851268017e+01 3.246343929151646601e-01 6.397587480286029415e-02 -2.551637856629717649e-01 -2.311482260389963184e-03
4.767311277851268159e+01 3.010861970950447497e-01 6.468072260845353361e-02 -2.079722783277207776e-01 1.578523390407626445e-02
4.777311277851268301e+01 2.849928243139127071e-01 6.701205398138943004e-02 -1.107052814082082615e-01 3.028896385905850350e-02
4.787311277851268443e+01 2.786476250519859810e-01 7.064259946179737848e-02 -1.530693686093090311e-02 4.191495983040676582e-02
4.797311277851268585e+01 2.827426846213744738e-01 7.533006403460638933e-02 1.003254878588311499e-01 5.160643514737564552e-02
4.807311277851268727e+01 2.987725244813163039e-01 8.094064073897690170e-02 2.201296869321834881e-01 6.060241691370857331e-02
4.817311277851268869e+01 3.270277846823717027e-01 8.747277568041254836e-02 3.443201159987829829e-01 7.026828923955924511e-02
4.827311277851269011e+01 3.660310866837990784e-01 9.506116538292318230e-02 4.230744156535240497e-01 8.191360061678228111e-02
4.837311277851269153e+01 4.099336871639421842e-01 1.039430638421686426e-01 4.524714493951194072e-01 9.615899655374997301e-02
4.847311277851269296e+01 4.564428778124844932e-01 1.143756577161044591e-01 4.742092064185611244e-01 1.128801891027138293e-01
4.857311277851269438e+01 5.021724662576851905e-01 1.265862630007667800e-01 4.212474294360062932e-01 1.315747240406373031e-01
4.867311277851269580e+01 5.384082929432200126e-01 1.407049521993885555e-01 3.019962530967659764e-01 1.506676629849472704e-01
4.877311277851269722e+01 5.621170287553943767e-01 1.566509245108190784e-01 1.655342732097759562e-01 1.676898189597731126e-01
4.887311277851269864e+01 5.707132552340664633e-01 1.740836270249385975e-01 8.336310726720003172e-03 1.799288040596720428e-01
4.897311277851270006e+01 5.650831963308101669e-01 1.923863268824794470e-01 -1.115604901851110220e-01 1.846861968693023492e-01
4.907311277851270148e+01 5.501494412734776462e-01 2.107072701836971429e-01 -1.800071438636079990e-01 1.800734646892577784e-01
4.917311277851270290e+01 5.307894801619414960e-01 2.280618554429413303e-01 -1.973548963821653568e-01 1.653246086336074838e-01
4.927311277851270432e+01 5.124174216608965438e-01 2.434464637600742831e-01 -1.591358102467650137e-01 1.408428006144096523e-01
4.937311277851270575e+01 5.020823165835335278e-01 2.559601250414030860e-01 -3.482725923687138292e-02 1.083089056609155137e-01
4.947311277851270717e+01 5.062326966134111927e-01 2.649428284620168883e-01 1.189157788149685924e-01 7.082999082479912722e-02
4.957311277851270859e+01 5.256793219849379417e-01 2.700874952795783712e-01 2.613322703574803563e-01 3.219135086011493813e-02
4.967311277851271001e+01 5.563375815764142196e-01 2.714633030142631354e-01 3.457985382549632059e-01 -4.015026163049467689e-03
4.977311277851271143e+01 5.934522091305574065e-01 2.694585355671396121e-01 3.844493555548706976e-01 -3.502720677312252950e-02
4.987311277851271285e+01 6.311640737736925466e-01 2.646925733413612591e-01 3.629357571895672208e-01 -5.903695373900069016e-02
4.997311277851271427e+01 6.644318997312771424e-01 2.579086642609409452e-01 2.944274165543027122e-01 -7.535526020297894645e-02
5.007311277851271569e+01 6.883815689508938629e-01 2.498681533910764030e-01 1.704212112934892498e-01 -8.430954188825430518e-02
5.017311277851271711e+01 6.955798561602186680e-01 2.412435836472294759e-01 -3.141647955120732694e-02 -8.740923282858839571e-02
5.027311277851271853e+01 6.826888032984070875e-01 2.324924728901230642e-01 -2.238656887749934654e-01 -8.731976232497581925e-02
5.037311277851271996e+01 6.514334498187618339e-01 2.237926299182459722e-01 -3.931848553536640978e-01 -8.683224598738405187e-02
5.047311277851272138e+01 6.061992437948980905e-01 2.150583957741931673e-01 -4.992910107417442567e-01 -8.833996942185154411e-02
5.057311277851272280e+01 5.543747967804234511e-01 2.060094594226345721e-01 -5.245641638938571827e-01 -9.325818636761742941e-02
5.067311277851272422e+01 5.034460480425828610e-01 1.962867067091895734e-01 -4.809746163415333786e-01 -1.017420127925286327e-01
5.077311277851272564e+01 4.606637303350759605e-01 1.855754676055859920e-01 -3.678834423845353530e-01 -1.127543383212214756e-01
5.087311277851272706e+01 4.307383237096182316e-01 1.737196125764753074e-01 -2.265879773201137926e-01 -1.242402510699324308e-01
5.097311277851272848e+01 4.152038317533496281e-01 1.607949822713475585e-01 -8.769391603142695502e-02 -1.337041011266274781e-01
5.107311277851272990e+01 4.130763455110743609e-01 1.471266110030141627e-01 4.264845711434070430e-02 -1.387407550175651649e-01
5.117311277851273132e+01 4.217906230383738908e-01 1.332625000339755783e-01 1.216357045396625480e-01 -1.373447280833886841e-01
5.127311277851273275e+01 4.359674660767289267e-01 1.199092353690280471e-01 1.501194646048202574e-01 -1.284324947656600158e-01
5.137311277851273417e+01 4.489583705981612383e-01 1.078261537917362123e-01 1.030362925626338855e-01 -1.120669537963609602e-01
5.147311277851273559e+01 4.568152258983972369e-01 9.770213102696478913e-02 5.466389946168652425e-02 -8.951753751582700036e-02
5.157311277851273701e+01 4.591251873072431655e-01 9.007257650267486149e-02 -1.347208564436452871e-02 -6.248848357041332513e-02
5.167311277851273843e+01 4.536181147117289703e-01 8.528317322525352795e-02 -9.470120163174169936e-02 -3.310742855848737565e-02
5.177311277851273985e+01 4.410083868006434149e-01 8.345046901048430721e-02 -1.566854645552133718e-01 -3.733678645864720036e-03
5.187311277851274127e+01 4.219134775459217890e-01 8.446352797338566032e-02 -2.237781594054627232e-01 2.345016627951490920e-02
5.197311277851274269e+01 3.970815077170857799e-01 8.799828684743463136e-02 -2.696427145500307487e-01 4.638551215435919584e-02
5.207311277851274411e+01 3.695194697334038825e-01 9.354488000317914831e-02 -2.653056858800648676e-01 6.347943171741246560e-02
5.217311277851274554e+01 3.471905747600868564e-01 1.004792272055197166e-01 -1.733848966128287428e-01 7.417887118349836273e-02
5.227311277851274696e+01 3.358360157359413511e-01 1.081940692810859223e-01 -4.615491976735633384e-02 7.930308031332389263e-02
5.237311277851274838e+01 3.391705313857995008e-01 1.162085210598583496e-01 1.135639530498825933e-01 8.051048182244262275e-02
5.247311277851274980e+01 3.584691958519540811e-01 1.242393964710093723e-01 2.741709909703664572e-01 8.001666025384257530e-02
5.257311277851275122e+01 3.939869788800912653e-01 1.322335861703503590e-01 4.308879955298581255e-01 8.017364147805176866e-02
5.267311277851275264e+01 4.432572230572575656e-01 1.403697343685728904e-01 5.490751266776120465e-01 8.317537992930890134e-02
5.277311277851275406e+01 5.021190016893698482e-01 1.490164250156913173e-01 6.126001607964148832e-01 9.057910660319927476e-02
5.287311277851275548e+01 5.623224634642901565e-01 1.586507676391183397e-01 5.794789152889568973e-01 1.028830730737865379e-01
5.297311277851275690e+01 6.166289008762381174e-01 1.697256912671026574e-01 4.986285749616489182e-01 1.191412201243155222e-01
5.307311277851275833e+01 6.596965029961562310e-01 1.825480196917249887e-01 3.528116792681339486e-01 1.374323692511777162e-01
5.317311277851275975e+01 6.869625584451017897e-01 1.971861682020511208e-01 1.970247672216521584e-01 1.549420818721133908e-01
5.327311277851276117e+01 6.990339555252300663e-01 2.134109183520087882e-01 3.833994976134816324e-02 1.686889565730728402e-01
5.337311277851276259e+01 6.939642580448557307e-01 2.307019488892635417e-01 -1.379294283491896700e-01 1.757754553743385573e-01
5.347311277851276401e+01 6.722778260425459340e-01 2.482505071493992521e-01 -2.884343495250284994e-01 1.734219332598274654e-01
5.357311277851276543e+01 6.384757101335085672e-01 2.650037106655943608e-01 -3.790561662446465530e-01 1.596368955848170013e-01
5.367311277851276685e+01 5.969739136091639642e-01 2.797704453437566130e-01 -4.461778081457145051e-01 1.336524700902899099e-01
5.377311277851276827e+01 5.521007469999243966e-01 2.913340544748181382e-01 -4.344361927550575708e-01 9.572254061597648689e-02
5.387311277851276969e+01 5.120467458123577620e-01 2.985745199614589507e-01 -3.604687399387835889e-01 4.762119562333559653e-02
5.397311277851277111e+01 4.818791295376736450e-01 3.006222750791333054e-01 -2.313158040032205487e-01 -7.522702576853966538e-03
5.407311277851277254e+01 4.678411977087332807e-01 2.969750516367656856e-01 -4.143952412174636835e-02 -6.548062699564968780e-02
5.417311277851277396e+01 4.743409480608128947e-01 2.876040634702925480e-01 1.695428566421508243e-01 -1.210936322623611394e-01
5.427311277851277538e+01 5.002339687958919923e-01 2.730122693085745289e-01 3.365424463767675567e-01 -1.690607415648825995e-01
5.437311277851277680e+01 5.392317783076975291e-01 2.541941011883785961e-01 4.315690753207624408e-01 -2.050132611332903254e-01
5.447311277851277822e+01 5.833868779979343167e-01 2.325061927614987534e-01 4.318709972237825823e-01 -2.261349889173183136e-01
5.457311277851277964e+01 6.225545686778770627e-01 2.094916089890582478e-01 3.423823944441086731e-01 -2.315865522885746652e-01
5.467311277851278106e+01 6.497237172997810672e-01 1.866771016479734924e-01 1.870329102110276365e-01 -2.224435706717928507e-01
5.477311277851278248e+01 6.579327265964519666e-01 1.654017760047876984e-01 -2.789326286436688562e-02 -2.013798867353398525e-01
5.487311277851278390e+01 6.432817465772756593e-01 1.466665571706605720e-01 -2.682798453088199864e-01 -1.723775243881013608e-01
5.497311277851278533e+01 6.045331849116815093e-01 1.310352549522486310e-01 -5.013114934412976620e-01 -1.401066309543364252e-01
5.507311277851278675e+01 5.449585734996814645e-01 1.185978324017371993e-01 -6.751673644654366813e-01 -1.092279989134308793e-01
5.517311277851278817e+01 4.730113264345172652e-01 1.090172677545817315e-01 -7.458093660878448716e-01 -8.346364175123427431e-02
5.527311277851278959e+01 3.993034441271857138e-01 1.016639431599763443e-01 -7.142241847491566098e-01 -6.487432537047729819e-02
5.537311277851279101e+01 3.317492962371105802e-01 9.579003032929322980e-02 -6.303702671115164469e-01 -5.382338375173910394e-02
5.547311277851279243e+01 2.752162450433859320e-01 9.067320238905617058e-02 -4.906059683789399384e-01 -4.951555906998463680e-02
5.557311277851279385e+01 2.351391750244872514e-01 8.572266627879061851e-02 -3.021592465690024487e-01 -5.010645810936543987e-02
5.567311277851279527e+01 2.161622674164679903e-01 8.058030283997082155e-02 -7.730354704887179573e-02 -5.282269016699368130e-02
5.577311277851279669e+01 2.191070377607445552e-01 7.519736643578785185e-02 1.337435602371584986e-01 -5.437123965277113752e-02
5.587311277851279812e+01 2.414118869875604145e-01 6.984837980980079797e-02 2.981677871747890896e-01 -5.167779990411511953e-02
5.597311277851279954e+01 2.756420514385025111e-01 6.507734483572114037e-02 3.701060178163715353e-01 -4.257141752659513584e-02
5.607311277851280096e+01 3.122753934207199156e-01 6.156987401430989021e-02 3.535064166887249004e-01 -2.644619074777140172e-02
5.617311277851280238e+01 3.460348862168695638e-01 5.999466765453741884e-02 3.192973242179278914e-01 -4.136741660823985145e-03
5.627311277851280380e+01 3.748425436368487684e-01 6.089966053853314992e-02 2.511301576770971211e-01 2.286067187731388728e-02
5.637311277851280522e+01 3.945862296492738119e-01 6.465228658968108499e-02 1.304483341337940305e-01 5.239431971506668118e-02
5.647311277851280664e+01 3.998791738803221807e-01 7.136369096589550987e-02 -1.690484775385001082e-02 8.146967615168206056e-02
5.657311277851280806e+01 3.928367374246637400e-01 8.082194936512876460e-02 -1.204079494250592797e-01 1.068446629539645254e-01
5.667311277851280948e+01 3.774472247267439129e-01 9.252321861306427031e-02 -1.734395805902076704e-01 1.259704291404591947e-01
5.677311277851281091e+01 3.598974982860628780e-01 1.057553560455181674e-01 -1.751897857610779374e-01 1.373105953857412798e-01
5.687311277851281233e+01 3.430675843779212864e-01 1.197076788649737433e-01 -1.553311095344036552e-01 1.403426768321340834e-01
5.697311277851281375e+01 3.305912595601344095e-01 1.335532233976391703e-01 -8.347229529561769890e-02 1.352917406619300600e-01
5.707311277851281517e+01 3.280026755962170415e-01 1.465381056478012034e-01 3.644695121496002721e-02 1.234359863829330578e-01
5.717311277851281659e+01 3.386884587043608175e-01 1.580871614506375034e-01 1.790601747710391101e-01 1.070007314069813809e-01
5.727311277851281801e+01 3.634527064629168303e-01 1.678762257922695733e-01 3.145517019217399235e-01 8.870223854508156591e-02
5.737311277851281943e+01 4.008627594965325502e-01 1.758565952951756661e-01 4.217496304792726081e-01 7.126136983859161778e-02
5.747311277851282085e+01 4.451344813056086203e-01 1.822311700859808037e-01 4.580773095096507541e-01 5.685873700864593761e-02
5.757311277851282227e+01 4.916321604242032128e-01 1.873698890687367780e-01 4.603895076563092048e-01 4.668423859530171360e-02
5.767311277851282370e+01 5.349550648380185791e-01 1.917227114587949366e-01 4.022341169040907771e-01 4.111212601942131062e-02
5.777311277851282512e+01 5.718163663020547904e-01 1.957279007053789877e-01 3.325263319204019297e-01 3.959812276043514490e-02
5.787311277851282654e+01 6.009470916424084486e-01 1.997459193378676168e-01 2.442578124343122992e-01 4.117923214606269977e-02
5.797311277851282796e+01 6.184725344664531166e-01 2.040204406800034398e-01 9.737262727066597900e-02 4.442655357965003687e-02
5.807311277851282938e+01 6.202737252506465016e-01 2.086136341455023246e-01 -5.720462211411689313e-02 4.714549062024638026e-02
5.817311277851283080e+01 6.086038698660424240e-01 2.133550024977166615e-01 -1.635098209802548774e-01 4.705485487450394855e-02
5.827311277851283222e+01 5.897078071703094615e-01 2.178803937190820772e-01 -2.104411976450617228e-01 4.267356382914414686e-02
5.837311277851283364e+01 5.666540224564515782e-01 2.217279270782872014e-01 -2.492894284022311446e-01 3.344712254366634385e-02
5.847311277851283506e+01 5.407554530472042931e-01 2.244032612831786122e-01 -2.608031894716774102e-01 1.924447086900025333e-02
5.857311277851283648e+01 5.160102126624781516e-01 2.254258999069490010e-01 -2.277973060287328821e-01 5.423601459554616699e-04
5.867311277851283791e+01 4.970121397045217382e-01 2.244040475429119330e-01 -1.434192250927094903e-01 -2.135955387962305482e-02
5.877311277851283933e+01 4.865846987555269010e-01 2.211163302493903415e-01 -7.701836662766198272e-02 -4.440157591147765592e-02
5.887311277851284075e+01 4.812434522766610989e-01 2.155504458508669674e-01 -2.292927468261701796e-02 -6.664649460667353142e-02
5.897311277851284217e+01 4.818184159910909869e-01 2.078713558883840407e-01 2.662065982894339100e-02 -8.636890656132031885e-02
5.907311277851284359e+01 4.863412238424532630e-01 1.984122202164420590e-01 6.832595271927294212e-02 -1.020321324600686197e-01
5.917311277851284501e+01 4.951818951258072921e-01 1.876424886009823156e-01 1.002046921034354943e-01 -1.123814833962311494e-01
5.927311277851284643e+01 5.050072701257187768e-01 1.761418433808055461e-01 9.405174515632767906e-02 -1.165808077431902262e-01
5.937311277851284785e+01 5.138989126576184452e-01 1.645357844158727989e-01 8.117929528893171043e-02 -1.145066686034009740e-01
5.947311277851284927e+01 5.206304479817499553e-01 1.534397832363701142e-01 5.509751719326974606e-02 -1.064712592581252837e-01
5.957311277851285070e+01 5.255329530864520926e-01 1.434179308463654490e-01 3.900252344553777756e-02 -9.314305579510046007e-02
5.967311277851285212e+01 5.265164074682177064e-01 1.349583271276487695e-01 -2.676086776889729374e-02 -7.543454242326647075e-02
5.977311277851285354e+01 5.192870494070072063e-01 1.284217685549567112e-01 -1.208264046694461913e-01 -5.501990299721869204e-02
5.987311277851285496e+01 5.032223772828953168e-01 1.239720398358925973e-01 -1.895465691069764813e-01 -3.406210099247648782e-02
5.997311277851285638e+01 4.824152872713873830e-01 1.215650596814576573e-01 -2.274643219711218745e-01 -1.441747886986007032e-02
6.000000000000000000e+01 4.761751311076934945e-01 1.212434010887504382e-01 -2.361896556079965681e-01 -9.543971102529517914e-03
