time[s] x1[m] x2[m] x1_dot[m/s] x2_dot[m/s]
0.000000000000000000e+00 0.000000000000000000e+00 0.000000000000000000e+00 0.000000000000000000e+00 0.000000000000000000e+00
9.999999999999999124e-05 5.632495467244788457e-08 6.769234078777823919e-15 1.126469286468216287e-03 2.037555014196386865e-10
1.100000000000000066e-03 6.811707305123818500e-06 9.912608923851933785e-12 1.238130460093939643e-02 2.793684898762759038e-08
1.110000000000000049e-02 6.898718933153764193e-04 1.942727372748389517e-08 1.239221664695236286e-01 6.171678175756833100e-06
5.767185979980104377e-02 1.811941343667849980e-02 8.638414237418651153e-06 6.169204338855357461e-01 5.740886727867020511e-04
1.543064865983301837e-01 1.210920855852707506e-01 3.860333378357860205e-04 1.474798633575020723e+00 9.676899017732169123e-03
2.543064865983302170e-01 3.011919820911224677e-01 2.641479267791746206e-03 2.065732528498328779e+00 3.967657677679281569e-02
3.543064865983301948e-01 5.218192032584244577e-01 9.255941090656489428e-03 2.298122631889501832e+00 9.749824886427463366e-02
4.543064865983301726e-01 7.533690546505427132e-01 2.310589521284278636e-02 2.295249495049496602e+00 1.841158551465125470e-01
5.543064865983301504e-01 9.718182526756979911e-01 4.691507275526963366e-02 2.022210762275646445e+00 2.956441358114177964e-01
6.543064865983301281e-01 1.148409941219444175e+00 8.277681128930333698e-02 1.482692232492234696e+00 4.232771576029071281e-01
7.543064865983301059e-01 1.268201732182006936e+00 1.316777410889760636e-01 9.221042010527703559e-01 5.541205759112781681e-01
8.543064865983300837e-01 1.333895963129785089e+00 1.932542384453564688e-01 4.034145285575885254e-01 6.745900501503447888e-01
9.543064865983300615e-01 1.352639555147959749e+00 2.658331938304054898e-01 -1.256857554959001089e-02 7.722675849974918183e-01
1.054306486598330039e+00 1.335475163847153368e+00 3.466093049025408268e-01 -2.972991665841547282e-01 8.370962224983975464e-01
1.154306486598330128e+00 1.300236190888797383e+00 4.319316418815081771e-01 -3.747739139489166260e-01 8.624575592313125094e-01
1.254306486598330217e+00 1.268203032077286796e+00 5.177119211688352429e-01 -2.306296242224673554e-01 8.463213341986898230e-01
1.354306486598330306e+00 1.256338878063798514e+00 5.998989463546479106e-01 -1.003998334819766747e-02 7.913604741016260213e-01
1.454306486598330395e+00 1.266722937322291909e+00 6.748718827245370200e-01 2.199886536624940103e-01 7.030923967633516680e-01
1.554306486598330483e+00 1.298907071400029478e+00 7.396402135365530706e-01 4.153772452663554438e-01 5.885241566276746550e-01
1.654306486598330572e+00 1.348789575884333791e+00 7.919562810771697547e-01 5.744731369771662877e-01 4.553561948327120579e-01
1.754306486598330661e+00 1.411977718203369703e+00 8.303545881484902802e-01 6.833671994542036554e-01 3.114720780374014009e-01
1.854306486598330750e+00 1.484151683004062861e+00 8.541493086199296592e-01 7.497462777524228628e-01 1.645322799704627692e-01
1.954306486598330839e+00 1.559299321210469547e+00 8.633967972682696779e-01 7.361073561228117512e-01 2.162167972091480483e-02
2.054306486598330928e+00 1.627319194605792330e+00 8.588012276859696703e-01 6.060996934255701296e-01 -1.115334450367995167e-01
2.154306486598331016e+00 1.677524447363773374e+00 8.415415209601777580e-01 3.822742335430877603e-01 -2.312081190069016912e-01
2.254306486598331105e+00 1.701031550749911636e+00 8.130696322982821078e-01 8.113425506646454455e-02 -3.356427998867614892e-01
2.354306486598331194e+00 1.693517513516463291e+00 7.749253918311371780e-01 -2.301836396041469501e-01 -4.247295861760894131e-01
2.454306486598331283e+00 1.655372391853329406e+00 7.286109951606810631e-01 -5.301874781652037294e-01 -4.992136698195543953e-01
2.554306486598331372e+00 1.589560746284176762e+00 6.755306625054985359e-01 -7.621051039534959548e-01 -5.602454791505024900e-01
2.654306486598331460e+00 1.507897440619595963e+00 6.169873321321853732e-01 -8.611331168638611810e-01 -6.084625919214440293e-01
2.754306486598331549e+00 1.417536129184756355e+00 5.542796567041061717e-01 -9.394003380992788088e-01 -6.434504155377356316e-01
2.854306486598331638e+00 1.322179074448452063e+00 4.887519937263117287e-01 -9.615401794786341272e-01 -6.647836850964230493e-01
2.954306486598331727e+00 1.226392492565848036e+00 4.217957864229240350e-01 -9.427419644990086001e-01 -6.719335552349435803e-01
3.054306486598331816e+00 1.136303353715305997e+00 3.548586731264481431e-01 -8.483659392830080748e-01 -6.642638488300834920e-01
3.154306486598331905e+00 1.057402378541241861e+00 2.894696410512703211e-01 -7.354923455611476202e-01 -6.408086154530684420e-01
3.254306486598331993e+00 9.879251868942697801e-01 2.272423085799880338e-01 -6.525217292168908889e-01 -6.010330703157811261e-01
3.354306486598332082e+00 9.274275582706927867e-01 1.697934433462199855e-01 -5.637779920437385739e-01 -5.453601667249832197e-01
3.454306486598332171e+00 8.734984268236367644e-01 1.186620054393675017e-01 -5.143283485109945152e-01 -4.749795305129103640e-01
3.554306486598332260e+00 8.255396011245774712e-01 7.521581190462039990e-02 -4.461468686541932294e-01 -3.920544940231883713e-01
3.654306486598332349e+00 7.826898909773608581e-01 4.058262300905205594e-02 -4.159946566510682731e-01 -2.992210904410205208e-01
3.754306486598332437e+00 7.437729837364698282e-01 1.558886329620976646e-02 -3.462004488629145116e-01 -1.998566035133919061e-01
3.854306486598332526e+00 7.152777944531520937e-01 7.234208752527442055e-04 -2.275919414167031918e-01 -9.710895896440439878e-02
3.954306486598332615e+00 6.964878156652903884e-01 -3.811320110008343566e-03 -1.552199776278726517e-01 6.260508100768391593e-03
4.054306486598332704e+00 6.837194804403203818e-01 1.887175512387396017e-03 -9.698225532451415498e-02 1.069765836340861587e-01
4.154306486598332349e+00 6.783722956513892344e-01 1.738393841954323504e-02 -8.217578933784372430e-03 2.017173420149735996e-01
4.254306486598331993e+00 6.808084154373765795e-01 4.193826113382349841e-02 5.076395899811449175e-02 2.876798438840701966e-01
4.354306486598331638e+00 6.888026577200213607e-01 7.453654796688080619e-02 1.150716456156722634e-01 3.621628796580742549e-01
4.454306486598331283e+00 7.046662450708162106e-01 1.139150552858455151e-01 2.006103316225376632e-01 4.230027400885161826e-01
4.554306486598330928e+00 7.270573239860754766e-01 1.586352230134174257e-01 2.391039107162806210e-01 4.687804662528300970e-01
4.654306486598330572e+00 7.540962294277133715e-01 2.071267080182750131e-01 3.203362593366967381e-01 4.982733340645110198e-01
4.754306486598330217e+00 7.923852390319212624e-01 2.577445663223383310e-01 4.366227880973658770e-01 5.114451815611714691e-01
4.854306486598329862e+00 8.401234050958410471e-01 3.089063392595610136e-01 5.211780350699654063e-01 5.093394303027221071e-01
4.954306486598329506e+00 8.973560679636246595e-01 3.591494531410885926e-01 6.186983815746522897e-01 4.933731990957260782e-01
5.054306486598329151e+00 9.617793884142089578e-01 4.071853365775992550e-01 6.642842483674782361e-01 4.655247180613920621e-01
5.154306486598328796e+00 1.030762196728440161e+00 4.519225477101280752e-01 7.162010919544988807e-01 4.277434515299662343e-01
5.254306486598328441e+00 1.103405646760538650e+00 4.924787922507316007e-01 7.269775882506833709e-01 3.822917567429471863e-01
5.354306486598328085e+00 1.174512311021084221e+00 5.281948019018638529e-01 6.832194061087898396e-01 3.312416182201062820e-01
5.454306486598327730e+00 1.237993749165261503e+00 5.585906176909458676e-01 5.851521876646190723e-01 2.760733464368639312e-01
5.554306486598327375e+00 1.291584716339303718e+00 5.833051196625411716e-01 4.809745568231810209e-01 2.177791307225952488e-01
5.654306486598327020e+00 1.333512518188161966e+00 6.020728988737130694e-01 3.620158470880733281e-01 1.572724767341295293e-01
5.754306486598326664e+00 1.364546898881632941e+00 6.147151880155984349e-01 2.550001252382863015e-01 9.544202812783142420e-02
5.854306486598326309e+00 1.384244961509065508e+00 6.211513295237558463e-01 1.455721127694487860e-01 3.330986620559053119e-02
5.954306486598325954e+00 1.395773005015234158e+00 6.214042539333820558e-01 9.148782137931052438e-02 -2.798060855170293043e-02
6.054306486598325598e+00 1.401865981923247295e+00 6.156403617417807173e-01 2.431906003835340724e-02 -8.673066716930910580e-02
6.154306486598325243e+00 1.401117695680474284e+00 6.041943261107241003e-01 -3.554818051955534186e-02 -1.413925179784981112e-01
6.254306486598324888e+00 1.393416575404283986e+00 5.875441748448942958e-01 -1.249524681529905895e-01 -1.906128526586395033e-01
6.354306486598324533e+00 1.377146672063788824e+00 5.662820201315357238e-01 -1.996639624670661917e-01 -2.335188194291895059e-01
6.454306486598324177e+00 1.350132463878123357e+00 5.410704825399614837e-01 -3.554400083446544456e-01 -2.695825211826230472e-01
6.554306486598323822e+00 1.306927569138980560e+00 5.125739829332472963e-01 -5.008200210212463421e-01 -2.993866456648963670e-01
6.654306486598323467e+00 1.249268054456273314e+00 4.813716020404442686e-01 -6.544471162029131817e-01 -3.238566701005202164e-01
6.754306486598323112e+00 1.178267433436202882e+00 4.479438391264882746e-01 -7.499449505947206607e-01 -3.440632689643886022e-01
6.854306486598322756e+00 1.101352988405124966e+00 4.126828501144095829e-01 -7.801274869139334101e-01 -3.605292489754434171e-01
6.954306486598322401e+00 1.024215770551975657e+00 3.759709709005450984e-01 -7.518808166369836954e-01 -3.729824055159984275e-01
7.054306486598322046e+00 9.526917996010412226e-01 3.382509046454294510e-01 -6.759434016972907244e-01 -3.804822347200702004e-01
7.154306486598321690e+00 8.883099927030281284e-01 3.000841317008258180e-01 -6.136805751533653819e-01 -3.817127760866492192e-01
7.254306486598321335e+00 8.315486006236612049e-01 2.621514521630783356e-01 -5.108699045899167679e-01 -3.756362034689464946e-01
7.354306486598320980e+00 7.857227073152539543e-01 2.252394686519564315e-01 -4.162976836819696214e-01 -3.611016582685339649e-01
7.454306486598320625e+00 7.478195168690248140e-01 1.902381047468910680e-01 -3.377982119568107011e-01 -3.373755548921680836e-01
7.554306486598320269e+00 7.174579410997197204e-01 1.580750992007290689e-01 -2.757062999019036509e-01 -3.043512192908393588e-01
7.654306486598319914e+00 6.935432224141272473e-01 1.296629401452984998e-01 -1.968953476355902454e-01 -2.624733678376768298e-01
7.754306486598319559e+00 6.765168240426318036e-01 1.058520270932099272e-01 -1.517721573335847618e-01 -2.124827539588641789e-01
7.854306486598319204e+00 6.646932247718836395e-01 8.739165633655890386e-02 -7.626150799908583411e-02 -1.557203418432959174e-01
7.954306486598318848e+00 6.595486858791482776e-01 7.488680863341530547e-02 -4.048608218405120446e-02 -9.362717596183706137e-02
8.054306486598319381e+00 6.553944871543581074e-01 6.877471957298590677e-02 -4.456314987379177833e-02 -2.829932732978411580e-02
8.154306486598319026e+00 6.517365676851045730e-01 6.924286661563049117e-02 -1.323917606894229465e-02 3.752200435602486006e-02
8.254306486598318671e+00 6.538887726398644462e-01 7.621859903043085027e-02 4.454226006502923219e-02 1.015444906427609290e-01
8.354306486598318315e+00 6.588137935943081391e-01 8.942613737196425383e-02 5.536881972048623285e-02 1.617783011893941802e-01
8.454306486598317960e+00 6.649007261288443216e-01 1.083706918169007882e-01 6.246224765615484426e-02 2.159120359084551743e-01
8.554306486598317605e+00 6.718312057270519055e-01 1.323328804915079870e-01 8.427792077988724428e-02 2.617960645295017708e-01
8.654306486598317250e+00 6.831986743018926278e-01 1.604016905044867436e-01 1.502611879188794908e-01 2.978678131831236087e-01
8.754306486598316894e+00 7.028496494279861118e-01 1.915600330192311351e-01 2.417661452608843853e-01 3.235755076700044808e-01
8.854306486598316539e+00 7.312008607254689707e-01 2.247777551269078689e-01 3.261922011682625855e-01 3.391216901278961693e-01
8.954306486598316184e+00 7.681475105821328198e-01 2.590650497141155917e-01 4.123712111053845497e-01 3.451026691967304383e-01
9.054306486598315828e+00 8.134794361766517490e-01 2.935125548374965532e-01 4.863229941228695008e-01 3.425204101732587936e-01
9.154306486598315473e+00 8.623007708169985186e-01 3.273200311539130047e-01 4.761864922527683786e-01 3.324302725414829407e-01
9.254306486598315118e+00 9.070137983242977375e-01 3.597595726999400223e-01 4.111549169631647516e-01 3.151554241592021133e-01
9.354306486598314763e+00 9.442829051896336479e-01 3.901058555407233008e-01 3.403967875761951256e-01 2.905300953554493248e-01
9.454306486598314407e+00 9.756350716108409538e-01 4.176220909471736187e-01 2.842408853585153272e-01 2.586170502801239390e-01
9.554306486598314052e+00 1.001867178969548133e+00 4.416040713455039457e-01 2.492766238415424218e-01 2.199692499778291566e-01
9.654306486598313697e+00 1.026241946791092596e+00 4.614289140691634761e-01 2.397562468675066283e-01 1.757285926789881325e-01
9.754306486598313342e+00 1.050561725561184101e+00 4.766211113873943250e-01 2.454021258530074967e-01 1.276438731743029797e-01
9.854306486598312986e+00 1.074193348265848780e+00 4.868976417856168415e-01 2.286629993058297283e-01 7.774424705766957988e-02
9.954306486598312631e+00 1.097746764803009922e+00 4.921746847366266220e-01 2.413482291564583992e-01 2.800709289695561127e-02
1.005430648659831228e+01 1.119944560778555198e+00 4.925762158698486770e-01 1.909646471465907269e-01 -1.945574855374958972e-02
1.015430648659831192e+01 1.135660307432064142e+00 4.884044158598770391e-01 1.258641962315703577e-01 -6.330006286935010995e-02
1.025430648659831157e+01 1.143992560847367113e+00 4.800663643048705964e-01 2.878778710120075135e-02 -1.026635919004707936e-01
1.035430648659831121e+01 1.140270082751616565e+00 4.680295556192827222e-01 -1.022555591202317649e-01 -1.373136800113392009e-01
1.045430648659831085e+01 1.123023396387052841e+00 4.527470684121893130e-01 -2.460291702316112494e-01 -1.676747980277908945e-01
1.055430648659831050e+01 1.092666812079890137e+00 4.346129052096560086e-01 -3.472031521380100072e-01 -1.944674240059049153e-01
1.065430648659831014e+01 1.054934134876670537e+00 4.139608641630294072e-01 -4.007439097148615126e-01 -2.180277657485579224e-01
1.075430648659830979e+01 1.015232709972585301e+00 3.911238575368161663e-01 -3.849295362697406353e-01 -2.380583040146164175e-01
1.085430648659830943e+01 9.774048721713737287e-01 3.664988971424756325e-01 -3.740505065459364120e-01 -2.536133701382428107e-01
1.095430648659830908e+01 9.402925488175492008e-01 3.405783230276197560e-01 -3.719254396215777025e-01 -2.638629042054476126e-01
1.105430648659830872e+01 9.039650036204597283e-01 3.139192147059971516e-01 -3.403168169567764023e-01 -2.683188918971111669e-01
1.115430648659830837e+01 8.719454777137838342e-01 2.871284252556350891e-01 -3.184171148367442306e-01 -2.663739389373943611e-01
1.125430648659830801e+01 8.394753452061533006e-01 2.608645757788753405e-01 -3.172201494131548505e-01 -2.578422656504434363e-01
1.135430648659830766e+01 8.094761573517527120e-01 2.357703539007319216e-01 -2.905940462206767494e-01 -2.429961558767235186e-01
1.145430648659830730e+01 7.807232174324618690e-01 2.124658493566289885e-01 -2.807640746861822523e-01 -2.221509047001850590e-01
1.155430648659830695e+01 7.545741475608017668e-01 1.915173307370396372e-01 -2.311111090453414341e-01 -1.959800548064973003e-01
1.165430648659830659e+01 7.365506532872828638e-01 1.734354708866056860e-01 -1.297482333764644613e-01 -1.648183963053234391e-01
1.175430648659830624e+01 7.269009909248381751e-01 1.587209144237695380e-01 -6.988827027063827801e-02 -1.286709947901342743e-01
1.185430648659830588e+01 7.227474461393417204e-01 1.478476399663228302e-01 -8.957599226716149443e-03 -8.813519627546477497e-02
1.195430648659830553e+01 7.244368658814184236e-01 1.412119093043763263e-01 2.903180298115385499e-02 -4.407453875212039018e-02
1.205430648659830517e+01 7.263846701784431037e-01 1.391048504895496529e-01 9.614945635880875474e-03 2.116366676161114679e-03
1.215430648659830482e+01 7.261885787724210450e-01 1.416344414748225422e-01 -2.146059246107263896e-02 4.828176052072753049e-02
1.225430648659830446e+01 7.216949839346179507e-01 1.486797926846315232e-01 -6.038490247462596078e-02 9.200343858881296355e-02
1.235430648659830410e+01 7.145159440472765855e-01 1.598745970866665977e-01 -8.995982462144343217e-02 1.309201834097541428e-01
1.245430648659830375e+01 7.041119503763044740e-01 1.746341946446612614e-01 -1.033535370467549563e-01 1.629652732790877467e-01
1.255430648659830339e+01 6.963308124755374084e-01 1.921894120690416097e-01 -5.101655328196987027e-02 1.867090627963783056e-01
1.265430648659830304e+01 6.926101543919668257e-01 2.116869634837124925e-01 -2.700733355535928082e-02 2.017751353627407207e-01
1.275430648659830268e+01 6.931258789586883795e-01 2.322490670835721527e-01 5.632380481273449591e-02 2.080259885438639489e-01
1.285430648659830233e+01 7.052794644972828486e-01 2.530288717091785933e-01 1.829393541739004481e-01 2.064077028198624819e-01
1.295430648659830197e+01 7.296448939019972713e-01 2.733300520265020128e-01 3.051397820741399980e-01 1.987814156936588417e-01
1.305430648659830162e+01 7.650792361518928830e-01 2.926534512596967730e-01 3.947795888698903966e-01 1.871911626077388258e-01
1.315430648659830126e+01 8.067381070297596768e-01 3.106954424269913750e-01 4.260060899342630880e-01 1.733923797667770716e-01
1.325430648659830091e+01 8.492146252876188184e-01 3.272933800518997849e-01 4.285756839759668479e-01 1.584246315177150477e-01
1.335430648659830055e+01 8.915849794185227717e-01 3.423645237481810488e-01 4.006062078939851556e-01 1.429679579131576395e-01
1.345430648659830020e+01 9.272602752254688330e-01 3.558774805213445469e-01 3.118853575439828330e-01 1.271984019237778762e-01
1.355430648659829984e+01 9.518379023696857955e-01 3.677735373055112111e-01 1.653984559628796924e-01 1.104779814575676533e-01
1.365430648659829949e+01 9.611468521216751659e-01 3.778971249961421974e-01 3.661137994133689677e-02 9.149617800002754486e-02
1.375430648659829913e+01 9.610282969819639032e-01 3.859627712622558660e-01 -3.042863500692888357e-02 6.924436400963157601e-02
1.385430648659829878e+01 9.577457099117288042e-01 3.916368184002709807e-01 -2.713981901967778623e-02 4.376084396789940711e-02
1.395430648659829842e+01 9.559323156375673092e-01 3.946417187175919050e-01 -4.735314503467067532e-03 1.608804369015674057e-02
1.405430648659829806e+01 9.573507906094969044e-01 3.948318119774814061e-01 2.730174229204759481e-02 -1.225461548090168648e-02
1.415430648659829771e+01 9.597367211136598186e-01 3.922214122518783430e-01 1.249004623368986898e-02 -3.970404350629486850e-02
1.425430648659829735e+01 9.575931305222105117e-01 3.869519106271946951e-01 -6.553877694612031402e-02 -6.536148799318569624e-02
1.435430648659829700e+01 9.466090345577937715e-01 3.792096395722123203e-01 -1.477858128168787755e-01 -8.920466873460458634e-02
1.445430648659829664e+01 9.290547010696540431e-01 3.691662546910064457e-01 -1.991062760598200643e-01 -1.113778813726205019e-01
1.455430648659829629e+01 9.072488091670973809e-01 3.569956263363238125e-01 -2.383101989719786928e-01 -1.317005039096247332e-01
1.465430648659829593e+01 8.811512016502960343e-01 3.428966652124436076e-01 -2.823726754720529142e-01 -1.499141007512204971e-01
1.475430648659829558e+01 8.510817876709912966e-01 3.270881001426361179e-01 -3.181043959582348646e-01 -1.658677963723489412e-01
1.485430648659829522e+01 8.178381155106085876e-01 3.098035202372306229e-01 -3.426824719252317131e-01 -1.794075950308074985e-01
1.495430648659829487e+01 7.847492076116490134e-01 2.912959113925819299e-01 -3.039894280735375709e-01 -1.902387920194205106e-01
1.505430648659829451e+01 7.577819324910597398e-01 2.718785898353513475e-01 -2.444128866304431380e-01 -1.973813670431800171e-01
1.515430648659829416e+01 7.352540567074115074e-01 2.519795987551382566e-01 -1.977298218718075151e-01 -1.997387154043310520e-01
1.525430648659829380e+01 7.195577456215738188e-01 2.321184423123112406e-01 -1.171975157094801573e-01 -1.964578052405474562e-01
1.535430648659829345e+01 7.112088189463507959e-01 2.129080652841363885e-01 -5.298059005198232918e-02 -1.865937956621739613e-01
1.545430648659829309e+01 7.081273182074766526e-01 1.950360928666538540e-01 -1.289880709680988474e-02 -1.696595361491760323e-01
1.555430648659829274e+01 7.072881585412414962e-01 1.792070763585727200e-01 -1.351356528691093940e-02 -1.458269317684870725e-01
1.565430648659829238e+01 7.046895435146953712e-01 1.660673237137980374e-01 -3.429765777231934959e-02 -1.161137793198400714e-01
1.575430648659829203e+01 7.004818844822352508e-01 1.561295932288548627e-01 -5.520293932874076326e-02 -8.204876705903556278e-02
1.585430648659829167e+01 6.941523975356405085e-01 1.497447378358272296e-01 -5.921684055880964415e-02 -4.536380188814177761e-02
1.595430648659829131e+01 6.902539317057657664e-01 1.470919105506228453e-01 -1.889036360497260703e-02 -7.606072413600416249e-03
1.605430648659829274e+01 6.899149950205943904e-01 1.482233515590914152e-01 9.927307590209152183e-03 3.013997634484842647e-02
1.615430648659829416e+01 6.922291249760081921e-01 1.530807311285004857e-01 4.048636815907766251e-02 6.671263869924434764e-02
1.625430648659829558e+01 6.986936662016544064e-01 1.614909418205026648e-01 8.703814791390973582e-02 1.010497512152369604e-01
1.635430648659829700e+01 7.096390637548299907e-01 1.731892600983424846e-01 1.393806626805018656e-01 1.323492907413767461e-01
1.645430648659829842e+01 7.277644699050755950e-01 1.878423433204670367e-01 2.189411815453632948e-01 1.601163476850832601e-01
1.655430648659829984e+01 7.516589756274241196e-01 2.050908094715187813e-01 2.539295018862913755e-01 1.842115851222698442e-01
1.665430648659830126e+01 7.786718836577940506e-01 2.245473743867425487e-01 2.904294329318328760e-01 2.041967037421778541e-01
1.675430648659830268e+01 8.106807643253920448e-01 2.457834965769150615e-01 3.495445892383530762e-01 2.198012925842177112e-01
1.685430648659830410e+01 8.467080304731203766e-01 2.683653003973481277e-01 3.604940821787179783e-01 2.311142210471949232e-01
1.695430648659830553e+01 8.825765935116071104e-01 2.918545719372102054e-01 3.589494016236774443e-01 2.378786323121470092e-01
1.705430648659830695e+01 9.173019494345977520e-01 3.157781333368108734e-01 3.282804611817601859e-01 2.397448367284824022e-01
1.715430648659830837e+01 9.487338460319250100e-01 3.396246829220844754e-01 3.064528029294689149e-01 2.362612952304256886e-01
1.725430648659830979e+01 9.786602203266846489e-01 3.628458394330497105e-01 2.919824308931993073e-01 2.272490065086565925e-01
1.735430648659831121e+01 1.008066995920876785e+00 3.848968516730755240e-01 3.008885224725945662e-01 2.129294368959471495e-01
1.745430648659831263e+01 1.039680911973786426e+00 4.052788517126886814e-01 3.380026027179539039e-01 1.940421483792111323e-01
1.755430648659831405e+01 1.075767547187552964e+00 4.235970651472736881e-01 3.736543596177028248e-01 1.719134299227758345e-01
1.765430648659831547e+01 1.112898194139859465e+00 4.395998990074211354e-01 3.692926580475974219e-01 1.479172990284322031e-01
1.775430648659831689e+01 1.148735027994526758e+00 4.531510823329904514e-01 3.347745406683902414e-01 1.230252031873201868e-01
1.785430648659831832e+01 1.178459913542549087e+00 4.641927248835479025e-01 2.618734618219570320e-01 9.774836781997099655e-02
1.795430648659831974e+01 1.201715913500824406e+00 4.726904791869493971e-01 2.065160648142388145e-01 7.217204040737398851e-02
1.805430648659832116e+01 1.220055148633438780e+00 4.786263650991256502e-01 1.505078916724720828e-01 4.657575085484122468e-02
1.815430648659832258e+01 1.228396689962969246e+00 4.820098172740101550e-01 1.069018756707590390e-02 2.105585760132935164e-02
1.825430648659832400e+01 1.224317967607019053e+00 4.828147755530668994e-01 -8.400026474639621377e-02 -5.114439032225484572e-03
1.835430648659832542e+01 1.210909811632127520e+00 4.809529402990526115e-01 -1.848597880061678134e-01 -3.231438936522935262e-02
1.845430648659832684e+01 1.188889145569347106e+00 4.763098288569587724e-01 -2.503855457014402264e-01 -6.075172787867463148e-02
1.855430648659832826e+01 1.161143953071869017e+00 4.687679857011904927e-01 -2.986923865555651258e-01 -9.022185307435238999e-02
1.865430648659832968e+01 1.130546377603762975e+00 4.582504680553284859e-01 -3.093874122520875458e-01 -1.201208017413115670e-01
1.875430648659833111e+01 1.100492846004192060e+00 4.447659578319326790e-01 -2.851799022774205716e-01 -1.493389253898551594e-01
1.885430648659833253e+01 1.072757360507916147e+00 4.284561683046241298e-01 -2.766930550722723758e-01 -1.763672722008093607e-01
1.895430648659833395e+01 1.046015115503283743e+00 4.096093169608660545e-01 -2.520171619327298829e-01 -1.998823329626009393e-01
1.905430648659833537e+01 1.020473818595410531e+00 3.886389585620338982e-01 -2.723738713163764147e-01 -2.186552593869786898e-01
1.915430648659833679e+01 9.916147526525185274e-01 3.660551212883818017e-01 -2.987650481705789729e-01 -2.321268120152935321e-01
1.925430648659833821e+01 9.604619791855958377e-01 3.423960549954450094e-01 -3.276361081890454829e-01 -2.401374185128222205e-01
1.935430648659833963e+01 9.260351640899531223e-01 3.182073602589167716e-01 -3.604488541883543729e-01 -2.427639509504818660e-01
1.945430648659834105e+01 8.893706235492473411e-01 2.940113622959643624e-01 -3.618308627986548953e-01 -2.403396489070547259e-01
1.955430648659834247e+01 8.551972420147999632e-01 2.703043004442367003e-01 -3.196213224914495887e-01 -2.329548561616427149e-01
1.965430648659834389e+01 8.257852664056923864e-01 2.475943922109623274e-01 -2.694069083517779961e-01 -2.203524388213599638e-01
1.975430648659834532e+01 8.003828291039214449e-01 2.264127982233824499e-01 -2.397248881794908915e-01 -2.024014138291430065e-01
1.985430648659834674e+01 7.787384792960920787e-01 2.072835519134012261e-01 -1.901639543330130022e-01 -1.793606298832464419e-01
1.995430648659834816e+01 7.627909229858809148e-01 1.907010354422373766e-01 -1.246565397296036520e-01 -1.515096367644204467e-01
2.005430648659834958e+01 7.529854947536090970e-01 1.771334613674064584e-01 -8.436904853371507418e-02 -1.191227888928572953e-01
2.015430648659835100e+01 7.452588702908354845e-01 1.670014395179557909e-01 -6.193291487519281269e-02 -8.299998614170739364e-02
2.025430648659835242e+01 7.412621076741626736e-01 1.606195656189854937e-01 -2.023313595436447565e-02 -4.428935333283331305e-02
2.035430648659835384e+01 7.415833109316433136e-01 1.581951304248821466e-01 2.836801794785302061e-02 -4.028075099428866934e-03
2.045430648659835526e+01 7.466084643922019648e-01 1.598314586802517534e-01 7.630893627599905082e-02 3.675294289001480863e-02
2.055430648659835668e+01 7.583621416918709945e-01 1.655311290443594319e-01 1.562169987154505280e-01 7.711846492393800712e-02
2.065430648659835811e+01 7.759906111185729261e-01 1.752191337520764003e-01 1.936062372500255702e-01 1.163779182039066940e-01
2.075430648659835953e+01 7.972236835244405073e-01 1.887352756560771450e-01 2.267643121264087680e-01 1.534994557417765082e-01
2.085430648659836095e+01 8.214939934283770340e-01 2.058109163532526598e-01 2.740018156175581532e-01 1.873861033163567447e-01
2.095430648659836237e+01 8.557550623652897537e-01 2.260837774332594419e-01 4.170794112247890872e-01 2.174694188527913907e-01
2.105430648659836379e+01 9.026020812253546799e-01 2.491983020742026267e-01 5.019923815460014538e-01 2.443274244545706186e-01
2.115430648659836521e+01 9.539944872013456090e-01 2.748454494698897577e-01 5.202002995447536637e-01 2.680456798584727185e-01
2.125430648659836663e+01 1.005230640476429516e+00 3.026790908976303984e-01 4.995725103588768423e-01 2.878983648943631568e-01
2.135430648659836805e+01 1.053901586006501967e+00 3.322601336889912660e-01 4.694775272792980902e-01 3.028079746646238912e-01
2.145430648659836947e+01 1.096274761396468511e+00 3.630374721166803043e-01 3.651984276630631521e-01 3.115874117752660544e-01
2.155430648659837090e+01 1.126095309077845830e+00 3.943132012975529843e-01 2.267060247200565481e-01 3.124338624159438416e-01
2.165430648659837232e+01 1.140716366428516704e+00 4.251913612725863323e-01 7.267315881539868072e-02 3.032950215012906736e-01
2.175430648659837374e+01 1.143693535632208880e+00 4.545823257297189612e-01 -4.969068006153515293e-03 2.825199765388306528e-01
2.185430648659837516e+01 1.139271581353003437e+00 4.812950985524999115e-01 -8.284754925927177716e-02 2.497465895456162932e-01
2.195430648659837658e+01 1.129524599393691098e+00 5.041432271016333955e-01 -9.674430476538549428e-02 2.053729377467314876e-01
2.205430648659837800e+01 1.121019937100569797e+00 5.220372537125635981e-01 -7.634662995371475913e-02 1.510546079765935912e-01
2.215430648659837942e+01 1.114536247966439353e+00 5.341077868453366628e-01 -4.448329168114002752e-02 8.936140523102301114e-02
2.225430648659838084e+01 1.113380150334538854e+00 5.397670102003415682e-01 2.066433623696298238e-02 2.341614275394324207e-02
2.235430648659838226e+01 1.118181679735870127e+00 5.387715491832102410e-01 7.154571205882534479e-02 -4.311907420482409548e-02
2.245430648659838369e+01 1.125768915073388943e+00 5.312403487526848878e-01 7.065474549878572597e-02 -1.067713681279763988e-01
2.255430648659838511e+01 1.132822266862377303e+00 5.176049568124291289e-01 7.938688573306598717e-02 -1.647919925659584450e-01
2.265430648659838653e+01 1.141354025258993987e+00 4.985547761809230316e-01 8.109719986714261641e-02 -2.146451849688204294e-01
2.275430648659838795e+01 1.147608998331671071e+00 4.750180688922083783e-01 3.709441095019121865e-02 -2.542683681958686770e-01
2.285430648659838937e+01 1.145816664718667388e+00 4.480752937110371037e-01 -8.861817810593200506e-02 -2.827250266287923419e-01
2.295430648659839079e+01 1.130159277975167242e+00 4.188277793006586203e-01 -2.058343243593643568e-01 -3.005484377996085477e-01
2.305430648659839221e+01 1.108099284822556818e+00 3.882919082106783826e-01 -2.289628980103646239e-01 -3.085484751414529492e-01
2.315430648659839363e+01 1.084964274213044533e+00 3.574421290095141091e-01 -2.266433278503949822e-01 -3.068320259487296031e-01
2.325430648659839505e+01 1.064255304051559214e+00 3.272491374835193589e-01 -1.839323992032097788e-01 -2.953988336221440303e-01
2.335430648659839648e+01 1.049630988017164146e+00 2.986902229134041908e-01 -9.405942012072426861e-02 -2.741216785495103059e-01
2.345430648659839790e+01 1.046936661387458667e+00 2.727667565327425159e-01 3.129593032367553040e-02 -2.425804914221718345e-01
2.355430648659839932e+01 1.052917738794074465e+00 2.505275417430727347e-01 7.743638532137744890e-02 -2.004943666056760720e-01
2.365430648659840074e+01 1.060174481115883305e+00 2.329838721554292058e-01 5.137439778390741341e-02 -1.489747573092474742e-01
2.375430648659840216e+01 1.060966166482767425e+00 2.209618335983234982e-01 -3.399295350250261527e-02 -9.061846066233404662e-02
2.385430648659840358e+01 1.054849682356042706e+00 2.149688784535810360e-01 -8.294842995164024291e-02 -2.898491512164422940e-02
2.395430648659840500e+01 1.045055624066081768e+00 2.151626955189742396e-01 -1.099355296892365191e-01 3.259301096414108506e-02
2.405430648659840642e+01 1.032881635839128620e+00 2.213853822455995879e-01 -1.349444730105732737e-01 9.111185370871321965e-02
2.415430648659840784e+01 1.018572614526416675e+00 2.331891685844059425e-01 -1.466976725669298376e-01 1.437695103978917088e-01
2.425430648659840926e+01 1.003622863390759345e+00 2.498637515768118156e-01 -1.542569303498706468e-01 1.881730539961687654e-01
2.435430648659841069e+01 9.878188174320312598e-01 2.704825808976696888e-01 -1.605369913604131615e-01 2.223566028412494733e-01
2.445430648659841211e+01 9.714661091180100128e-01 2.939430841962368812e-01 -1.653487723407122134e-01 2.447960842995957342e-01
2.455430648659841353e+01 9.560947727869559820e-01 3.190177358685606368e-01 -1.306715235721931656e-01 2.545519062621949824e-01
2.465430648659841495e+01 9.474580294137001646e-01 3.444343873875716500e-01 -3.614095875576112116e-02 2.517832467368481542e-01
2.475430648659841637e+01 9.494071540911872553e-01 3.690044539866639273e-01 8.026316657740364957e-02 2.379404886051683932e-01
2.485430648659841779e+01 9.650972911721136249e-01 3.917301433025205393e-01 2.371546009752468209e-01 2.153630913846570905e-01
2.495430648659841921e+01 9.959654739330086048e-01 4.118907177364177774e-01 3.724401756050189083e-01 1.871898270600750314e-01
2.505430648659842063e+01 1.037802389987015905e+00 4.290858431504145365e-01 4.538390737956224941e-01 1.565270096931158927e-01
2.515430648659842205e+01 1.085539796576813654e+00 4.431961246719775538e-01 4.999906210691095199e-01 1.258481345065067258e-01
2.525430648659842348e+01 1.136154504991016001e+00 4.543203778957403682e-01 4.938261637659608905e-01 9.708880766988611799e-02
2.535430648659842490e+01 1.181349169094385143e+00 4.627139490255082199e-01 4.048058010234835691e-01 7.128581955468379916e-02
2.545430648659842632e+01 1.216703640213868454e+00 4.686723702623357690e-01 3.004601358776803899e-01 4.831758655966786331e-02
2.555430648659842774e+01 1.241162294985473924e+00 4.724541253915484629e-01 1.850089124028505005e-01 2.764138818008122708e-02
2.565430648659842916e+01 1.252548811151651620e+00 4.742494859292435971e-01 4.016905186413535778e-02 8.411162992265141386e-03
2.575430648659843058e+01 1.249166093739483951e+00 4.741431709154577123e-01 -1.101534720944689349e-01 -1.061564463083464541e-02
2.585430648659843200e+01 1.230508203240147092e+00 4.720871330208645800e-01 -2.569098368634342711e-01 -3.081758298829806106e-02
2.595430648659843342e+01 1.199096493790392515e+00 4.678994577891509299e-01 -3.630444588091490399e-01 -5.340305794313128518e-02
2.605430648659843484e+01 1.162320115670973708e+00 4.613102324522230790e-01 -3.423837380581632450e-01 -7.880799284153366946e-02
2.615430648659843627e+01 1.133122163413973871e+00 4.520875487029134554e-01 -2.455361748943188094e-01 -1.056867406940993209e-01
2.625430648659843769e+01 1.113189290930161945e+00 4.402055384739956834e-01 -1.532644590734277279e-01 -1.315863310680468745e-01
2.635430648659843911e+01 1.099954990672087352e+00 4.258813593081747229e-01 -1.235504885191163332e-01 -1.541952329349881023e-01
2.645430648659844053e+01 1.089705514050386626e+00 4.095262888868801410e-01 -6.839927876310916699e-02 -1.719965681645239941e-01
2.655430648659844195e+01 1.086925590279647302e+00 3.916930517736630923e-01 1.243416944259674584e-02 -1.834687167826175025e-01
2.665430648659844337e+01 1.091358941060557308e+00 3.730976916740754712e-01 5.815537039391018709e-02 -1.870102833149816235e-01
2.675430648659844479e+01 1.094395483698696436e+00 3.545786375053456840e-01 -4.597971047960412727e-03 -1.819939081169418271e-01
2.685430648659844621e+01 1.090180576372635546e+00 3.369516981846339410e-01 -8.787655659576817935e-02 -1.694083958007905899e-01
2.695430648659844763e+01 1.076275608465493194e+00 3.208903807093342886e-01 -1.767943779388093106e-01 -1.510350315803806742e-01
2.705430648659844906e+01 1.057001030240994899e+00 3.068723323571880268e-01 -2.152196080577559734e-01 -1.288085154414337907e-01
2.715430648659845048e+01 1.031152145350244131e+00 2.952023268694237146e-01 -3.014471625856386949e-01 -1.044050770871329109e-01
2.725430648659845190e+01 9.985208717419495894e-01 2.859922580413734594e-01 -3.413240114153557325e-01 -7.994697571668135661e-02
2.735430648659845332e+01 9.645372064608876972e-01 2.791605801786839480e-01 -3.303803225770150509e-01 -5.703389501520490790e-02
2.745430648659845474e+01 9.336497501675417032e-01 2.745065394939738557e-01 -2.850776995716635120e-01 -3.646875190539258793e-02
2.755430648659845616e+01 9.077422474857529400e-01 2.717802728129514178e-01 -2.291884141235785988e-01 -1.849316109951920986e-02
2.765430648659845758e+01 8.888149928664277333e-01 2.707241912401143202e-01 -1.483357600427002154e-01 -3.011115663530341754e-03
2.775430648659845900e+01 8.778876726614810444e-01 2.711106459306042993e-01 -6.714519873074645262e-02 1.044926092679896411e-02
2.785430648659846042e+01 8.756860973322669883e-01 2.727678308567642040e-01 1.344187130204911595e-02 2.252875487864335752e-02
2.795430648659846185e+01 8.773363738960930913e-01 2.755884494135185103e-01 8.482932359970541542e-03 3.372439633330984177e-02
2.805430648659846327e+01 8.771022951193714334e-01 2.794684395101090790e-01 -8.403154818442198914e-03 4.359122179161916549e-02
2.815430648659846469e+01 8.773883593829718830e-01 2.842422205574444138e-01 2.410988516830721989e-02 5.155161334934756784e-02
2.825430648659846611e+01 8.827656881526984023e-01 2.897187438322920694e-01 8.213276773720754043e-02 5.772524510314535479e-02
2.835430648659846753e+01 8.936664311316722120e-01 2.957459488034697159e-01 1.354915799187768610e-01 6.265922136063477310e-02
2.845430648659846895e+01 9.090120266179261277e-01 3.022274845224076634e-01 1.641537820720846974e-01 6.688826874371141262e-02
2.855430648659847037e+01 9.253993549524028861e-01 3.091077978918107538e-01 1.605353621817888765e-01 7.062853098647152439e-02
2.865430648659847179e+01 9.402560180891023078e-01 3.163303472805943373e-01 1.298424250399985991e-01 7.367161929037036039e-02
2.875430648659847321e+01 9.509216630468946274e-01 3.238000126273626322e-01 9.046685084372355079e-02 7.544774895015605998e-02
2.885430648659847463e+01 9.598547366251680701e-01 3.313584959688836151e-01 8.604689682071477164e-02 7.540510756516671798e-02
2.895430648659847606e+01 9.665496050849102794e-01 3.388148498647520213e-01 4.386138075936073244e-02 7.335662760455455289e-02
2.905430648659847748e+01 9.685204917055720841e-01 3.459473707785404861e-01 -6.079219695677033630e-03 6.883678529738794516e-02
2.915430648659847890e+01 9.658213526494617840e-01 3.524823818470152470e-01 -3.893055291599994971e-02 6.133392709703117812e-02
2.925430648659848032e+01 9.618404015569433918e-01 3.581102220023057447e-01 -4.150504860300165827e-02 5.073251362340809589e-02
2.935430648659848174e+01 9.581871914490127651e-01 3.625384534123157199e-01 -2.192552081563376928e-02 3.743258303474517046e-02
2.945430648659848316e+01 9.583287112476623903e-01 3.655353688090120512e-01 1.982962473387515565e-02 2.230547535563961320e-02
2.955430648659848458e+01 9.606577119044796831e-01 3.669775581879422544e-01 2.041010692685664776e-02 6.498255698380903111e-03
2.965430648659848600e+01 9.615620297460030219e-01 3.668356464122887184e-01 -3.183514315875948797e-03 -9.302018235784383776e-03
2.975430648659848742e+01 9.601418454845102035e-01 3.651293957843071425e-01 -2.811313990805697563e-02 -2.473410590569152107e-02
2.985430648659848885e+01 9.546035414369039573e-01 3.619091727270178360e-01 -8.609141054647617697e-02 -3.957590962904553034e-02
2.995430648659849027e+01 9.441383970832170069e-01 3.572294289791947408e-01 -1.125005573537236209e-01 -5.394334877595759192e-02
3.005430648659849169e+01 9.329170855092491221e-01 3.511433540886352844e-01 -1.149346347975634258e-01 -6.761577457911319144e-02
3.015430648659849311e+01 9.214616439637819401e-01 3.437465953595394419e-01 -1.021189325825088146e-01 -8.007415085750829720e-02
3.025430648659849453e+01 9.152861122465610899e-01 3.351954225589059977e-01 -1.663805286218092427e-02 -9.048872207684223457e-02
3.035430648659849595e+01 9.172314991287754404e-01 3.257687366296266318e-01 4.994724961303828592e-02 -9.732542648700950871e-02
3.045430648659849737e+01 9.239731928323976495e-01 3.158914074920543547e-01 7.262238994796071934e-02 -9.935567160210928561e-02
3.055430648659849879e+01 9.295058458129101808e-01 3.060705369591942282e-01 3.347492488803940902e-02 -9.623707886060779704e-02
3.065430648659850021e+01 9.298381970680960062e-01 2.967941324450714680e-01 -3.045361094014485681e-02 -8.863233298361873624e-02
3.075430648659850164e+01 9.256600699344396110e-01 2.884548188504704180e-01 -3.244730299405323287e-02 -7.767604036426485614e-02
3.085430648659850306e+01 9.232183846927185522e-01 2.813521399214097829e-01 -3.446993406824158668e-02 -6.393227372505905226e-02
3.095430648659850448e+01 9.187169624118637357e-01 2.757406877409122603e-01 -4.077928601538694658e-02 -4.801953631071900763e-02
3.105430648659850590e+01 9.146198958334997853e-01 2.717950240557981956e-01 -5.515919502409198649e-02 -3.071435606865170406e-02
3.115430648659850732e+01 9.075901426897996505e-01 2.696133196898221063e-01 -8.082137328378383168e-02 -1.294409436757242363e-02
3.125430648659850874e+01 8.973075592139848622e-01 2.691830589043404665e-01 -1.278080045470113557e-01 4.114818022868518832e-03
3.135430648659851016e+01 8.836095596734768742e-01 2.703691144554836168e-01 -1.422432035279712070e-01 1.918517834323101023e-02
3.145430648659851158e+01 8.681664744450818816e-01 2.729227975514824101e-01 -1.657368561682633357e-01 3.132977967576306561e-02
3.155430648659851300e+01 8.510832326215390653e-01 2.765108780094364116e-01 -1.764349629643549577e-01 3.976297562934641427e-02
3.165430648659851443e+01 8.335719121045609414e-01 2.807343671916209815e-01 -1.655207062466946544e-01 4.398184382255242858e-02
3.175430648659851585e+01 8.188606248463626835e-01 2.851662401593301754e-01 -1.250259254332119763e-01 4.398870626504635534e-02
3.185430648659851727e+01 8.095799443168604226e-01 2.894115528345546640e-01 -6.314565134108729438e-02 4.039859610542101409e-02
3.195430648659851869e+01 8.054619435229705138e-01 2.931584913303687534e-01 -9.207313420968532558e-03 3.417805199184138082e-02
3.205430648659852011e+01 8.101952151355764631e-01 2.961983047273493708e-01 9.839161416998261356e-02 2.652850503451373299e-02
3.215430648659852153e+01 8.225950625340747724e-01 2.984733637662352890e-01 1.461785534982054102e-01 1.911732997718754851e-02
3.225430648659852295e+01 8.388493178548899198e-01 3.000659888353849891e-01 1.684349847705948755e-01 1.302235717555703595e-02
3.235430648659852437e+01 8.550438331075712606e-01 3.011400523034483689e-01 1.565280125562879265e-01 8.774474613184722604e-03
3.245430648659852579e+01 8.700648864736634236e-01 3.018839733482414078e-01 1.446759772466293392e-01 6.415123487790360193e-03
3.255430648659852721e+01 8.852115276738263816e-01 3.024850934348533027e-01 1.602959602133102179e-01 5.931660875112884992e-03
3.265430648659852864e+01 9.009705578120849045e-01 3.031382761943468007e-01 1.529163344907494004e-01 7.467310412567410363e-03
3.275430648659853006e+01 9.169071196145851532e-01 3.040428030624571232e-01 1.684687489348063449e-01 1.094426734712745930e-02
3.285430648659853148e+01 9.334618207821302471e-01 3.053919410043646754e-01 1.537428439365415012e-01 1.634432391887238184e-02
3.295430648659853290e+01 9.473068000618468654e-01 3.073618624626237583e-01 1.321459371408312544e-01 2.324466210602623220e-02
3.305430648659853432e+01 9.619098837351723885e-01 3.100734937669991642e-01 1.582405617028182498e-01 3.115014406201661173e-02
3.315430648659853574e+01 9.768365228675065515e-01 3.136222118216993038e-01 1.347757535570558163e-01 3.993300012865323018e-02
3.325430648659853716e+01 9.890680023757950634e-01 3.180685791098180060e-01 1.073071275830149718e-01 4.897329000780666075e-02
3.335430648659853858e+01 9.968591503481925020e-01 3.233976243154426666e-01 4.248267388620800833e-02 5.741556734435805665e-02
3.345430648659854000e+01 9.968792080337822714e-01 3.294895641065965775e-01 -4.181434123342914200e-02 6.398716350323732649e-02
3.355430648659854143e+01 9.898963869627405154e-01 3.360848212703306248e-01 -8.767569658838778035e-02 6.727704114321809981e-02
3.365430648659854285e+01 9.809303605161951989e-01 3.428087763373405816e-01 -8.422573056932398938e-02 6.650906586933821862e-02
3.375430648659854427e+01 9.740007385033079279e-01 3.492535669079755434e-01 -5.677919051331146300e-02 6.176781472883983992e-02
3.385430648659854569e+01 9.687146127829886488e-01 3.550477216085362597e-01 -4.926254401230153318e-02 5.358070520993577640e-02
3.395430648659854711e+01 9.641695299722796708e-01 3.598711273157007562e-01 -4.313207742355155278e-02 4.244077489519139379e-02
3.405430648659854853e+01 9.605415344393956056e-01 3.634563573876231080e-01 -2.459361843930970085e-02 2.892569804113724261e-02
3.415430648659854995e+01 9.593213332894732215e-01 3.656046522111333075e-01 -1.363658903668237693e-03 1.386485036647784261e-02
3.425430648659855137e+01 9.601766811059161411e-01 3.662102312511428814e-01 1.301280075760472173e-02 -1.769356162801660748e-03
3.435282203258804401e+01 9.605093899087420173e-01 3.652842029506406241e-01 -2.646946572000543133e-03 -1.695607594225771383e-02
3.444801146878934617e+01 9.617600706556256318e-01 3.629972857986124013e-01 3.113799016701039590e-02 -3.090687417459416289e-02
3.454801146878934759e+01 9.649149960281065974e-01 3.592403253586956002e-01 2.775170402244622053e-02 -4.388635481072167971e-02
3.464801146878934901e+01 9.687743606052593437e-01 3.542971750722980762e-01 5.515011223592385103e-02 -5.453187747648270689e-02
3.474801146878935043e+01 9.756287103511243064e-01 3.484377340985428395e-01 8.023068567127235318e-02 -6.207367378654111284e-02
3.484801146878935185e+01 9.844909892451952915e-01 3.420088674158910935e-01 9.306771110115857892e-02 -6.583241750573023965e-02
3.494801146878935327e+01 9.939588374461244547e-01 3.354088018241407898e-01 9.616099506742911696e-02 -6.547426863497922411e-02
3.504801146878935469e+01 1.002717417632011720e+00 3.290514981741889944e-01 7.607860448972462997e-02 -6.101201364714320396e-02
3.514801146878935612e+01 1.010885537147522717e+00 3.233301101395227861e-01 9.579732189753656368e-02 -5.281812096434872206e-02
3.524801146878935754e+01 1.020609803358701884e+00 3.186070118025705056e-01 8.939922045696289954e-02 -4.107506195614547828e-02
3.534801146878935896e+01 1.029355803151059678e+00 3.152159309760286243e-01 9.091197920794862053e-02 -2.630119145695596072e-02
3.544801146878936038e+01 1.037546339484906044e+00 3.134258331000957520e-01 6.178795991114895136e-02 -9.178702272883313557e-03
3.554801146878936180e+01 1.040922771581438866e+00 3.134209207168103251e-01 8.206247048842027492e-03 9.153847308362071666e-03
3.564801146878936322e+01 1.039577962595549687e+00 3.152466535965375294e-01 -3.777849337521617390e-02 2.719292300478774044e-02
3.574801146878936464e+01 1.032373506764800108e+00 3.188005760414336920e-01 -1.062227117243034202e-01 4.345232237621810684e-02
3.584801146878936606e+01 1.019680640405567162e+00 3.238244682196123603e-01 -1.411335489941380750e-01 5.635675700568991420e-02
3.594801146878936748e+01 1.005347862758759092e+00 3.299245161722131892e-01 -1.353161020590209485e-01 6.486220023959295145e-02
3.604801146878936891e+01 9.939270239671018636e-01 3.366414783011947853e-01 -9.605892136974558682e-02 6.872940956612137720e-02
3.614801146878937033e+01 9.862334070843624678e-01 3.435275212635976461e-01 -4.743190610846924338e-02 6.831894534834476174e-02
3.624801146878937175e+01 9.853870049216270077e-01 3.501880589167337132e-01 2.150058858031418663e-02 6.440929887275777255e-02
3.634801146878937317e+01 9.881697896334147302e-01 3.563279109369964504e-01 2.596444284783622908e-02 5.802543308693343393e-02
3.644801146878937459e+01 9.896275882212043351e-01 3.617234357584721560e-01 3.583210106789185001e-03 4.954017100672492013e-02
3.654801146878937601e+01 9.894861464572225485e-01 3.661688388449609866e-01 -8.327138717582779209e-03 3.905296762428083629e-02
3.664331834941748411e+01 9.871531806820398325e-01 3.693473155967208488e-01 -4.070326685510061715e-02 2.738004846598507055e-02
3.674331834941748554e+01 9.820369055954253357e-01 3.714030607621762736e-01 -6.100478470062183078e-02 1.346809616320214162e-02
3.684331834941748696e+01 9.756781330638120142e-01 3.719934229294239447e-01 -5.324963694872579534e-02 -1.855847406739817920e-03
3.694331834941748838e+01 9.742530811552906345e-01 3.710123747848597664e-01 3.395777847107460390e-02 -1.772320012558606384e-02
3.704331834941748980e+01 9.837794932106133095e-01 3.684931365378830703e-01 1.594446410788387669e-01 -3.224310869360342419e-02
3.714331834941749122e+01 1.004806508138915921e+00 3.646870276537071964e-01 2.494288371354014267e-01 -4.308992780818918927e-02
3.724331834941749264e+01 1.031794025887494248e+00 3.600560879033401496e-01 2.773437015557507213e-01 -4.854292628807928278e-02
3.734331834941749406e+01 1.056435890769961361e+00 3.551774388721409270e-01 2.011233282446404647e-01 -4.809007701245369970e-02
3.744331834941749548e+01 1.071244527610483388e+00 3.506012187904810062e-01 9.066692748347050801e-02 -4.276030016358351588e-02
3.754331834941749690e+01 1.072673846185181024e+00 3.467257716815310697e-01 -6.514771396580344709e-02 -3.445097561804846831e-02
3.764331834941749833e+01 1.059720514051386120e+00 3.437273076408585704e-01 -1.875921494300995529e-01 -2.563185801490401941e-02
3.774331834941749975e+01 1.034900131947618540e+00 3.415427764324809878e-01 -3.090995179367713730e-01 -1.851415589850994442e-02
3.784331834941750117e+01 9.990703154962424781e-01 3.399007224611489963e-01 -4.004065638457350307e-01 -1.508657230649322438e-02
3.794331834941750259e+01 9.561429143785780127e-01 3.383534178190690800e-01 -4.488222539253329257e-01 -1.679424658511113888e-02
3.804331834941750401e+01 9.116630618262269170e-01 3.363506711897620294e-01 -4.295683292324445346e-01 -2.419587305723052556e-02
3.814331834941750543e+01 8.718190250457359403e-01 3.333431042022240165e-01 -3.610038017590228021e-01 -3.670162560887695047e-02
3.824331834941750685e+01 8.419429862263587694e-01 3.288913439906536729e-01 -2.176133508261788030e-01 -5.273525109422937118e-02
3.834331834941750827e+01 8.298850655695524381e-01 3.227695970340133114e-01 -3.582892927721242904e-02 -6.954054952304947190e-02
3.844331834941750969e+01 8.311041985821367994e-01 3.150631850569882708e-01 4.772445400078842437e-02 -8.400279942143415446e-02
3.854331834941751112e+01 8.378361416624416913e-01 3.061104098388965911e-01 8.179284957653863708e-02 -9.425172988366310733e-02
3.864331834941751254e+01 8.480766964230042060e-01 2.963862555726267667e-01 1.307223651340475024e-01 -9.929555712358524577e-02
3.874331834941751396e+01 8.641884283563725511e-01 2.864550798727066305e-01 1.878431631174093674e-01 -9.823251880247807488e-02
3.884331834941751538e+01 8.846568921710918909e-01 2.769684593918321225e-01 2.089037172043843038e-01 -9.033253590771318786e-02
3.894331834941751680e+01 9.021856964760709419e-01 2.686126615177921173e-01 1.276289582946658341e-01 -7.577423105480217413e-02
3.904331834941751822e+01 9.090238072319364315e-01 2.619790585189962773e-01 5.845309741190227171e-03 -5.627547643240760067e-02
3.914331834941751964e+01 9.031822723074944825e-01 2.574369411661556195e-01 -1.199525403521451289e-01 -3.440165464076751917e-02
3.924331834941752106e+01 8.854905302744239259e-01 2.550870867339194437e-01 -2.298650906214456668e-01 -1.287034441957097750e-02
3.934331834941752248e+01 8.595900529653166533e-01 2.547698863790759938e-01 -2.721185218582671261e-01 5.910313648650911134e-03
3.944331834941752390e+01 8.340229725908191449e-01 2.561308087438717296e-01 -2.236710132848049037e-01 2.058865424723723553e-02
3.954331834941752533e+01 8.169129263283276821e-01 2.587527545112682237e-01 -1.193944951422419021e-01 3.125562016932151993e-02
3.964331834941752675e+01 8.100283630315079364e-01 2.622807667975793899e-01 -1.043274575195797527e-02 3.889126730915818536e-02
3.974331834941752817e+01 8.157158713985107612e-01 2.664732736644102040e-01 1.170456018043567609e-01 4.480927944335845459e-02
3.984331834941752959e+01 8.312740945875499721e-01 2.712352470125563020e-01 1.853208567618198910e-01 5.047559093497411969e-02
3.994331834941753101e+01 8.519058740697554866e-01 2.765863632058265242e-01 2.303943989149550009e-01 5.666883047018989039e-02
4.004331834941753243e+01 8.781159522810321194e-01 2.826016778323241496e-01 2.864790958177060309e-01 6.385082005636645575e-02
4.014331834941753385e+01 9.059698029406132447e-01 2.894021141791467966e-01 2.589557242874576115e-01 7.235152294112862092e-02
4.024331834941753527e+01 9.296288616193502108e-01 2.970940914540337041e-01 2.183488439229925304e-01 8.151193525448748034e-02
4.034331834941753669e+01 9.507905259930257147e-01 3.056953676840025169e-01 2.087643764151556058e-01 9.041471780085133525e-02
4.044331834941753812e+01 9.706364587188922588e-01 3.151494176735776809e-01 1.795878233701682369e-01 9.847821589884273030e-02
4.054331834941753954e+01 9.856545903134882325e-01 3.253373141019163528e-01 1.216675608267114572e-01 1.049189250359297970e-01
4.064331834941754096e+01 9.964285520725683076e-01 3.360447172853577302e-01 1.003079186272869266e-01 1.087296258696612977e-01
4.074331834941754238e+01 1.004106600442800090e+00 3.469768943104383219e-01 3.722176649492289768e-02 1.093293513147425289e-01
4.084331834941754380e+01 1.003173952360540522e+00 3.577732191510760718e-01 -4.975591289709041520e-02 1.058056135642319456e-01
4.094331834941754522e+01 9.941816431360045447e-01 3.679643759434459427e-01 -1.326251319947074070e-01 9.707883141837690688e-02
4.104331834941754664e+01 9.770309662616072366e-01 3.769883248349363281e-01 -2.091833646956917647e-01 8.234670150174816516e-02
4.114331834941754806e+01 9.533234701010944168e-01 3.842173421822801527e-01 -2.466973961458484577e-01 6.114754830644031358e-02
4.124331834941754948e+01 9.318633146504068376e-01 3.890174962171841777e-01 -1.729238539679450737e-01 3.400640395077850209e-02
4.134331834941755091e+01 9.197174536024106395e-01 3.908903537468443323e-01 -6.373058706035499010e-02 3.036516181949222570e-03
4.144331834941755233e+01 9.185067614216066989e-01 3.895921373174653923e-01 2.818881499649664168e-02 -2.892137708780134764e-02
4.154331834941755375e+01 9.244025100626315217e-01 3.851620882317338124e-01 8.792572978280330243e-02 -5.921356286748800241e-02
4.164331834941755517e+01 9.343762739176566523e-01 3.778756067817883313e-01 1.047738605161373515e-01 -8.575070179252189395e-02
4.174331834941755659e+01 9.457451009105751760e-01 3.681850219544664515e-01 1.235923329819054173e-01 -1.070961249860419989e-01
4.184331834941755801e+01 9.584799299451208787e-01 3.566671955036972430e-01 1.310491687030112262e-01 -1.221353613345500660e-01
4.194331834941755943e+01 9.714788007380735779e-01 3.439935049838429015e-01 1.192420867810514984e-01 -1.301250805924847598e-01
4.204331834941756085e+01 9.814708968399964428e-01 3.308819812698724494e-01 8.573599886996133290e-02 -1.309421144489891498e-01
4.214331834941756227e+01 9.884464785155959721e-01 3.180302887655961919e-01 4.345047344139774809e-02 -1.250165114869300209e-01
4.224331834941756370e+01 9.889320751726915493e-01 3.060734276607204318e-01 -3.234651135414046835e-02 -1.132732773804224630e-01
4.234331834941756512e+01 9.829943138832917260e-01 2.955187312563905544e-01 -7.733647895487094637e-02 -9.722846157807873979e-02
4.244331834941756654e+01 9.747355897057322638e-01 2.867273495385083693e-01 -9.385232194052156585e-02 -7.818258030622594890e-02
4.254331834941756796e+01 9.616058868611673249e-01 2.799432182899114219e-01 -1.759062335356494922e-01 -5.734718815223040222e-02
4.264331834941756938e+01 9.396944539966329835e-01 2.752519472290542724e-01 -2.613245849128395526e-01 -3.668796463582257861e-02
4.274331834941757080e+01 9.099893709957728172e-01 2.725295484556121695e-01 -3.208294498948153772e-01 -1.829814553380619893e-02
4.284331834941757222e+01 8.784112080749099105e-01 2.714645453996741287e-01 -3.039164608489395847e-01 -3.695215526588892241e-03
4.294331834941757364e+01 8.495550407576104579e-01 2.716487227625193346e-01 -2.657495119817733786e-01 6.665424510962749197e-03
4.304331834941757506e+01 8.282091967287645851e-01 2.726628087298151870e-01 -1.488098575234498844e-01 1.303027351830151476e-02
4.314331834941757648e+01 8.204811187216785040e-01 2.741664220186897927e-01 -7.666931884060479430e-03 1.675712436739790201e-02
4.324331834941757791e+01 8.251780822848433505e-01 2.759872360378951006e-01 8.741650860631021425e-02 1.965344070980681868e-02
4.334331834941757933e+01 8.361153718999483342e-01 2.781106760947886780e-01 1.337050458940622077e-01 2.293119886342605274e-02
4.344331834941758075e+01 8.526900961984800187e-01 2.806069664038762790e-01 1.962596609081718180e-01 2.722333179730628688e-02
4.354331834941758217e+01 8.762157124394072127e-01 2.836128109248561291e-01 2.878174175518375399e-01 3.325058803065240182e-02
4.364331834941758359e+01 9.101819668567848742e-01 2.873503868015124252e-01 3.678156512186692151e-01 4.206924539181205319e-02
4.374331834941758501e+01 9.458019249580991161e-01 2.921413124483730472e-01 3.457790496367278976e-01 5.426801211705820083e-02
4.384331834941758643e+01 9.808160518778422654e-01 2.982953168422043944e-01 3.499930451596706682e-01 6.922320105272695978e-02
4.394331834941758785e+01 1.013091144542741961e+00 3.060541893911220557e-01 2.834926788493263849e-01 8.618269411243617562e-02
4.404331834941758927e+01 1.035970328990590605e+00 3.155443066842198441e-01 1.711328858063047020e-01 1.034935796893347998e-01
4.414331834941759070e+01 1.048355684954634048e+00 3.266886778494094146e-01 8.427502212855766950e-02 1.188954806681878779e-01
4.424331834941759212e+01 1.052571447700448637e+00 3.391948726657519342e-01 -5.631659099237656951e-03 1.304416760457938196e-01
4.434331834941759354e+01 1.047652353184951979e+00 3.525895287067178918e-01 -8.538551377925901464e-02 1.363783935394075886e-01
4.444331834941759496e+01 1.036615368529627546e+00 3.662372690468962411e-01 -1.280299487189934249e-01 1.353421636078820101e-01
4.454331834941759638e+01 1.024370714163928220e+00 3.794075834664626390e-01 -1.074562617123018399e-01 1.268389136630746483e-01
4.464331834941759780e+01 1.015514755332198149e+00 3.913758448122856004e-01 -7.115298187348861880e-02 1.114738030314833261e-01
4.474331834941759922e+01 1.009986735395465240e+00 4.015122444350844866e-01 -3.946051521952709945e-02 9.041212001455753433e-02
4.484331834941760064e+01 1.007920570696307472e+00 4.093137445796153906e-01 -1.069506756728039187e-03 6.502523120259116884e-02
4.494331834941760206e+01 1.008608055713675178e+00 4.144259705801847105e-01 5.406142598949128207e-03 3.688529137712125844e-02
4.504331834941760349e+01 1.008780197263268619e+00 4.166426017379298297e-01 4.935387055543502370e-03 7.299748723940818751e-03
4.514331834941760491e+01 1.009497608413196357e+00 4.158796026609124508e-01 -2.645504920697699415e-03 -2.247806916485192708e-02
4.524184051005772034e+01 1.006758924640439368e+00 4.122525242941723067e-01 -4.658795567257378173e-02 -5.096244517889912673e-02
4.534184051005772176e+01 1.003013123129631312e+00 4.057727938893098130e-01 -1.784731225225790960e-02 -7.825985681986835640e-02
4.544184051005772318e+01 1.003938159569243815e+00 3.967043503247127956e-01 3.741643322488420742e-02 -1.024376708791968904e-01
4.554184051005772460e+01 1.010014095216531294e+00 3.854488538273431186e-01 7.704625839068052207e-02 -1.217217428638666110e-01
4.564184051005772602e+01 1.017939555924783246e+00 3.725684400563620269e-01 7.639557684809950011e-02 -1.347813731648460911e-01
4.574184051005772744e+01 1.024649589404274197e+00 3.587189764378031498e-01 5.728738028321910675e-02 -1.410676491051655324e-01
4.584184051005772886e+01 1.028980621524794747e+00 3.445808373862966900e-01 2.030923206320778968e-02 -1.405924175468442894e-01
4.594184051005773028e+01 1.026811217282331823e+00 3.308056311565608087e-01 -6.487218693477855846e-02 -1.339987413674268157e-01
4.604184051005773171e+01 1.016612181159175954e+00 3.179375903008623272e-01 -1.380064884258000446e-01 -1.227079189972048040e-01
4.614184051005773313e+01 1.000342816718636563e+00 3.063695347881723041e-01 -1.745059771511348612e-01 -1.082401127853477169e-01
4.624184051005773455e+01 9.833229847804236812e-01 2.963581265993526226e-01 -1.655145855299632041e-01 -9.169637241595850197e-02
4.634184051005773597e+01 9.674509021269213083e-01 2.880789076770094992e-01 -1.508749039739400999e-01 -7.369194808984935730e-02
4.644184051005773739e+01 9.525391167144506843e-01 2.816492791357362302e-01 -1.485041285562314350e-01 -5.481157987206676518e-02
4.654184051005773881e+01 9.389080617406887486e-01 2.771222455918042615e-01 -1.167853893916184077e-01 -3.574422011096052565e-02
4.664184051005774023e+01 9.302601290525018829e-01 2.744948273607222267e-01 -5.203537475134545343e-02 -1.682988434588781820e-02
4.674184051005774165e+01 9.281086152962296776e-01 2.737544743491454602e-01 1.162619100315773202e-04 2.024154972241603428e-03
4.684184051005774307e+01 9.280034128318809250e-01 2.748945820788747940e-01 -1.632246100116277118e-02 2.069307319314518320e-02
4.694184051005774450e+01 9.229461112620716001e-01 2.778528976940883299e-01 -7.764009715664980937e-02 3.813226744256524581e-02
4.704184051005774592e+01 9.164026025548240861e-01 2.824322276187822833e-01 -4.005271324825093737e-02 5.296780328383748904e-02
4.714184051005774734e+01 9.149432426360504245e-01 2.883523477230597876e-01 7.626476866822176626e-03 6.498228487691980193e-02
4.724184051005774876e+01 9.166692830335633202e-01 2.953398918296645248e-01 1.686306858559633720e-02 7.431878289475919719e-02
4.734184051005775018e+01 9.181784660760204941e-01 3.031191450575063673e-01 1.945554585814207593e-02 8.074968502664679748e-02
4.744184051005775160e+01 9.194484824588553540e-01 3.113843964470946468e-01 -5.037756144444471146e-03 8.400450826826638684e-02
4.754184051005775302e+01 9.180869437959487955e-01 3.197997773371528685e-01 -9.854100910681470524e-03 8.367168774017232080e-02
4.764184051005775444e+01 9.176466745514978429e-01 3.279963734843746037e-01 -8.750517686888590468e-04 7.967404843200873166e-02
4.774184051005775586e+01 9.196158344636270465e-01 3.356240459823059963e-01 4.818578001809002004e-02 7.239069378332291249e-02
4.784184051005775729e+01 9.262946829509089985e-01 3.423959418793456888e-01 7.737844528499128460e-02 6.273770809729220521e-02
4.794184051005775871e+01 9.353136557303631804e-01 3.481216243519380527e-01 1.090851149015435451e-01 5.159277298653955346e-02
4.804184051005776013e+01 9.486309923628577501e-01 3.526959694775794185e-01 1.571970056306594699e-01 3.989975043470301436e-02
4.814184051005776155e+01 9.674052713740776133e-01 3.561229412466044297e-01 2.244019190101298189e-01 2.885703778522743373e-02
4.824184051005776297e+01 9.931500921199658549e-01 3.585362566136567342e-01 2.776140378960030297e-01 1.987127631885484899e-02
4.834184051005776439e+01 1.020558305488337147e+00 3.602018370135510184e-01 2.682740843831845079e-01 1.398744561779842119e-02
4.844184051005776581e+01 1.048007862868450379e+00 3.614447635981899998e-01 2.880384561858325143e-01 1.144726830611002971e-02
4.854184051005776723e+01 1.077184043263944124e+00 3.626139401053670719e-01 2.743530061949628895e-01 1.256474595018256327e-02
4.864184051005776865e+01 1.098850296290428297e+00 3.640681144720683826e-01 1.545003988200548961e-01 1.693295491022193261e-02
4.874184051005777008e+01 1.108879002752477305e+00 3.660505764664973571e-01 4.390425814338450028e-02 2.281147407193959836e-02
4.884184051005777150e+01 1.106221791770581220e+00 3.686164642143289205e-01 -9.875367108549343298e-02 2.825132439813667073e-02
4.894184051005777292e+01 1.090429611086890960e+00 3.716126283270383412e-01 -2.054433124113551334e-01 3.106803664729702180e-02
4.904184051005777434e+01 1.067476077764084375e+00 3.746881109737180138e-01 -2.459519503496000181e-01 2.966497696462198561e-02
4.914184051005777576e+01 1.042373620653357813e+00 3.773857914254861723e-01 -2.481417075012421203e-01 2.348987462519473712e-02
4.924184051005777718e+01 1.019223567888721371e+00 3.792348980069284448e-01 -2.095378888564410069e-01 1.280559494246205632e-02
4.934184051005777860e+01 1.003217661997460430e+00 3.798311889632169924e-01 -9.106756852446643014e-02 -1.304469857059840573e-03
4.944184051005778002e+01 1.002343386358270250e+00 3.789353797214453090e-01 6.866240213915655866e-02 -1.655402072236810199e-02
4.954184051005778144e+01 1.016306792464337416e+00 3.765789533144444090e-01 2.033447926482947477e-01 -3.005752227590137438e-02
4.964184051005778286e+01 1.039678505345060344e+00 3.730632783785975959e-01 2.509809401428437781e-01 -3.943323380722084381e-02
4.974184051005778429e+01 1.065693928741381802e+00 3.688692768797505184e-01 2.623695401759842949e-01 -4.351785570897608035e-02
4.984184051005778571e+01 1.090128452025366235e+00 3.645457783355600667e-01 2.226043365084709458e-01 -4.205763379106117195e-02
4.994184051005778713e+01 1.110023850679285218e+00 3.606236509690217140e-01 1.721852080030054355e-01 -3.562999370153231010e-02
5.004184051005778855e+01 1.124219374714685582e+00 3.575518519204690104e-01 1.063111935604480890e-01 -2.525147686614560155e-02
5.014184051005778997e+01 1.128064372477170618e+00 3.556557937924628154e-01 -4.240559460237784684e-02 -1.245081447566991420e-02
5.024184051005779139e+01 1.116802520634779361e+00 3.550573249662009601e-01 -1.707577825326320742e-01 2.362742581192914249e-04
5.034184051005779281e+01 1.095003317946511734e+00 3.556191271738280979e-01 -2.589018166163610246e-01 1.042339780949417746e-02
5.044184051005779423e+01 1.067356536984846116e+00 3.570030795893838760e-01 -2.820262261457749386e-01 1.648300921298746780e-02
5.054184051005779565e+01 1.041128033549750365e+00 3.587582402672843673e-01 -2.301404537301477982e-01 1.786085809908090349e-02
5.064184051005779708e+01 1.022537427622030926e+00 3.604407492830857263e-01 -1.377708201658144338e-01 1.522644912474321009e-02
5.074184051005779850e+01 1.015135083504446145e+00 3.617184235372658541e-01 -6.280790379302625404e-03 1.006561740572231578e-02
5.084184051005779992e+01 1.020474076976204847e+00 3.624376831790487863e-01 1.087301628858217961e-01 4.407565398319410015e-03
5.094184051005780134e+01 1.035743077658336508e+00 3.626469356234291452e-01 1.850585782235787402e-01 1.413633491532369571e-04
5.104184051005780276e+01 1.055989460116721457e+00 3.625546198833827782e-01 2.193215847447521072e-01 -1.489325327285014088e-03
5.114184051005780418e+01 1.077934695005849264e+00 3.624560537078309608e-01 2.039833922099954511e-01 5.969658931496307254e-05
5.124184051005780560e+01 1.095358834529400749e+00 3.626633057531422066e-01 1.411356864869699468e-01 4.487367902227621524e-03
5.134184051005780702e+01 1.103607761862405168e+00 3.634119089600905128e-01 1.272488097473764568e-02 1.062593896219633793e-02
5.144184051005780844e+01 1.099355909623483951e+00 3.647791068770951384e-01 -8.135879247353691723e-02 1.650633840274410777e-02
5.154184051005780987e+01 1.088835830076158029e+00 3.666508027279057336e-01 -1.291569585140102672e-01 2.053741520125501596e-02
5.164184051005781129e+01 1.073500334893898289e+00 3.687945344981429785e-01 -1.742300603629832467e-01 2.181099240718654270e-02
5.174184051005781271e+01 1.055737162271749074e+00 3.708993420205917713e-01 -1.734017415157612096e-01 1.970473004711589468e-02
5.184184051005781413e+01 1.038270510725931128e+00 3.726237318432814027e-01 -1.821101542575770671e-01 1.424160293919478695e-02
5.194184051005781555e+01 1.019384621985733208e+00 3.736400470035570742e-01 -1.943967452484616221e-01 5.556546289945183195e-03
5.204184051005781697e+01 9.994358972714969536e-01 3.736334938843566267e-01 -1.947300770951564952e-01 -6.169424542672047665e-03
5.214184051005781839e+01 9.842656774209359583e-01 3.723251785238054778e-01 -9.610552352353954331e-02 -2.026582686721844009e-02
5.224184051005781981e+01 9.801245267087318469e-01 3.695641376414813273e-01 1.193998651779823450e-02 -3.484949065691462372e-02
5.234184051005782123e+01 9.873230966409175524e-01 3.654127715729123538e-01 1.316902731285425898e-01 -4.770029089239955639e-02
5.244184051005782266e+01 1.005273790724193761e+00 3.601555295771124432e-01 2.239025151762583099e-01 -5.663022619562600724e-02
5.254184051005782408e+01 1.032275890659438700e+00 3.542761704437140668e-01 3.139509612691978035e-01 -5.988179550763818304e-02
5.264184051005782550e+01 1.066556828991170436e+00 3.484145987984605397e-01 3.657106731615399342e-01 -5.610225840895975008e-02
5.274184051005782692e+01 1.104805619940631534e+00 3.433110896709469229e-01 3.905259451270943760e-01 -4.468127967620355578e-02
5.284184051005782834e+01 1.141215852581268120e+00 3.397260762172049087e-01 3.225327936176554111e-01 -2.588908166546709244e-02
5.294184051005782976e+01 1.168771604627286687e+00 3.383230242530524956e-01 2.317798240927574083e-01 -1.418921809533457701e-03
5.304184051005783118e+01 1.186720367091289807e+00 3.395531713222855741e-01 1.174321642155544132e-01 2.635890621683564805e-02
5.314184051005783260e+01 1.192152856515367843e+00 3.436113403234484220e-01 3.433096019478582006e-03 5.463205136545448704e-02
5.324184051005783402e+01 1.189420673966727904e+00 3.504038425177032345e-01 -6.075963182304433552e-02 8.066329519567909390e-02
5.334184051005783544e+01 1.178346688760436800e+00 3.595975633508772251e-01 -1.641314735700695193e-01 1.022834197181343718e-01
5.344184051005783687e+01 1.156854310491566729e+00 3.706354743718866529e-01 -2.628106240240882796e-01 1.171654590999566675e-01
5.354184051005783829e+01 1.127454856682884143e+00 3.827386959392571897e-01 -3.142523914381219474e-01 1.233250225068252270e-01
5.364184051005783971e+01 1.093822054585605441e+00 3.949744916990504118e-01 -3.676171037718883872e-01 1.197143581073265850e-01
5.374184051005784113e+01 1.054856990536388484e+00 4.063359601059295390e-01 -3.922604494418588938e-01 1.057659126904562930e-01
5.384184051005784255e+01 1.017985714040877010e+00 4.157926832757544711e-01 -3.434399496577290045e-01 8.181784614215947826e-02
5.394184051005784397e+01 9.869821111585962425e-01 4.224210688499400179e-01 -2.651864898577127039e-01 4.954100423216872828e-02
5.404184051005784539e+01 9.676697757524418408e-01 4.255082559841345535e-01 -1.085898021227216514e-01 1.153304803576729598e-02
5.414184051005784681e+01 9.670332743218865712e-01 4.246644648612676320e-01 9.869795124340607906e-02 -2.834316856329231749e-02
5.424184051005784823e+01 9.864278991620881731e-01 4.199306749226718316e-01 2.776201074219100118e-01 -6.550609248805056017e-02
5.434184051005784966e+01 1.019993031313134457e+00 4.117907849794692487e-01 3.834531272988607187e-01 -9.588853217043456778e-02
5.444184051005785108e+01 1.060917006386667527e+00 4.010736834501257841e-01 4.176970190687379625e-01 -1.166948995996125171e-01
5.454184051005785250e+01 1.100139664127336658e+00 3.888154888759451921e-01 3.595793748148763402e-01 -1.266540001625999501e-01
5.464184051005785392e+01 1.132261948020220510e+00 3.760939500925198908e-01 2.739237627508538386e-01 -1.261044202583520291e-01
5.474184051005785534e+01 1.152698488232138274e+00 3.639008750542553905e-01 1.297965797296855295e-01 -1.164119640983211357e-01
5.484184051005785676e+01 1.157760277434434215e+00 3.530354053486887689e-01 -3.306078144624238768e-02 -1.000205898510565239e-01
5.494184051005785818e+01 1.145585996026741160e+00 3.440182330185581616e-01 -2.083297470600179446e-01 -7.999742541543367058e-02
5.504184051005785960e+01 1.117180066002548822e+00 3.370457992154202165e-01 -3.494167922026635287e-01 -5.966278457427473536e-02
5.514184051005786102e+01 1.078733015776943471e+00 3.320011845505268511e-01 -4.040849341711353349e-01 -4.181565550320640035e-02
5.524184051005786245e+01 1.039043642485637076e+00 3.285475349260425504e-01 -3.790223571402862590e-01 -2.797902946278546521e-02
5.534184051005786387e+01 1.003106050249197523e+00 3.262618421366990651e-01 -3.473038477910363464e-01 -1.844111982729982474e-02
5.544184051005786529e+01 9.691934446424098626e-01 3.247171517096179016e-01 -3.259372869176884180e-01 -1.316631668413313638e-02
5.554184051005786671e+01 9.385698506343437275e-01 3.234904266240610782e-01 -2.826466096617841761e-01 -1.202102029706068539e-02
5.564184051005786813e+01 9.144473233798554590e-01 3.221957167255187771e-01 -1.940675361930174758e-01 -1.436154402473255320e-02
5.574184051005786955e+01 8.993334912915845747e-01 3.205453794664959166e-01 -1.093474164090842277e-01 -1.888784610313606893e-02
5.584184051005787097e+01 8.925596690950999834e-01 3.183933890207081840e-01 -3.403487965847193375e-02 -2.415607280452708103e-02
5.594184051005787239e+01 8.899782109839494693e-01 3.157304901829530719e-01 -2.916004368536377275e-02 -2.897232879245727893e-02
5.604184051005787381e+01 8.843633157922471399e-01 3.126236406824237646e-01 -9.062374572948624085e-02 -3.308148008657343236e-02
5.614184051005787524e+01 8.736265237023518315e-01 3.091179928103495178e-01 -1.065051962574439376e-01 -3.704949637223988596e-02
5.624184051005787666e+01 8.644416494176546673e-01 3.052158124903148195e-01 -7.739063750592505009e-02 -4.093763519400906575e-02
5.634184051005787808e+01 8.578956742676746572e-01 3.009512977143133372e-01 -6.492757345262541169e-02 -4.420575465488983669e-02
5.644184051005787950e+01 8.486167364473967689e-01 2.964027940663660488e-01 -1.186937040833740131e-01 -4.667107546404436480e-02
5.654184051005788092e+01 8.369357460022582851e-01 2.916277793923711670e-01 -1.085976420743987592e-01 -4.877539636384057437e-02
5.664184051005788234e+01 8.271157198479907047e-01 2.866640839329406831e-01 -7.850244721638313661e-02 -5.038634248903607615e-02
5.674184051005788376e+01 8.229294129520392520e-01 2.815858070210354724e-01 -9.619257993597946088e-03 -5.091621956423229151e-02
5.684184051005788518e+01 8.231962542755328904e-01 2.765467236044201194e-01 8.246556270913557585e-03 -4.950099315716675191e-02
5.694184051005788660e+01 8.243685492517544011e-01 2.717590521952789606e-01 1.989151058918443155e-02 -4.588761622287796521e-02
5.704184051005788803e+01 8.283453267269101916e-01 2.674444776811200075e-01 6.155573693408833424e-02 -4.000231569232404194e-02
5.714184051005788945e+01 8.368020662929978037e-01 2.638448171789151142e-01 1.095234844229724530e-01 -3.153209375403769055e-02
5.724184051005789087e+01 8.498955487355853711e-01 2.612350935687964837e-01 1.487199824722777175e-01 -2.016016559555670190e-02
5.734184051005789229e+01 8.666777237918315002e-01 2.599130639360862638e-01 1.835729449077130593e-01 -5.782039835978679612e-03
5.744184051005789371e+01 8.838681693108328963e-01 2.601723763305195947e-01 1.517542832213872872e-01 1.136284262997848231e-02
5.754184051005789513e+01 8.982710279168300005e-01 2.622429706187259790e-01 1.403949970724732432e-01 3.024453113109724922e-02
5.764184051005789655e+01 9.106458387646981789e-01 2.662440198724900231e-01 1.057887201502530072e-01 4.978747058979939022e-02
5.774184051005789797e+01 9.213194626431205903e-01 2.721819317080859113e-01 1.170041543450345833e-01 6.880365243350926308e-02
5.784184051005789939e+01 9.351877757506892319e-01 2.799647131679782186e-01 1.631777883969187937e-01 8.663568765156537399e-02
5.794184051005790081e+01 9.522003276034577413e-01 2.894641506545167497e-01 1.601981051635768538e-01 1.030953977185711246e-01
5.804184051005790224e+01 9.657736297152095251e-01 3.005137394405880125e-01 1.144532285821159845e-01 1.174374030683024844e-01
5.814184051005790366e+01 9.763034493624681565e-01 3.128414276317849629e-01 1.067732783879785791e-01 1.284954921114425386e-01
5.824184051005790508e+01 9.895876788511039912e-01 3.260854584663266387e-01 1.626771959719702787e-01 1.357724785859246996e-01
5.834184051005790650e+01 1.007294036371209733e+00 3.398823506037642050e-01 1.799379553937504317e-01 1.396234570642266859e-01
5.844184051005790792e+01 1.024096741078653450e+00 3.538991213564848248e-01 1.548026449955162698e-01 1.401279988770049723e-01
5.854184051005790934e+01 1.038748486697881557e+00 3.677857220170659969e-01 1.397508456729065207e-01 1.369780935309524161e-01
5.864184051005791076e+01 1.052745087295251292e+00 3.811699222698168299e-01 1.500577885525221922e-01 1.300993196231158833e-01
5.874184051005791218e+01 1.068824628505766539e+00 3.936959470155033114e-01 1.522347853534346818e-01 1.199348186292114038e-01
5.884184051005791360e+01 1.080280094522700907e+00 4.050589653476319718e-01 8.407619776704165770e-02 1.067971203504861633e-01
5.894184051005791503e+01 1.087596800241263706e+00 4.149477118743756798e-01 5.787281737788411984e-02 9.046129510003934893e-02
5.904184051005791645e+01 1.091268989526654298e+00 4.230514806808995942e-01 2.684575829813894490e-02 7.113027274684685652e-02
5.914184051005791787e+01 1.095246352461213712e+00 4.290896057767707439e-01 5.213898142137869673e-02 4.930970964860110356e-02
5.924184051005791929e+01 1.100539131943235160e+00 4.328693499801479772e-01 5.252654070278985066e-02 2.615251642524480877e-02
5.934184051005792071e+01 1.106813548875955178e+00 4.343107806864490716e-01 7.842928289916699380e-02 2.731746137222816617e-03
5.944184051005792213e+01 1.116145663222984696e+00 4.334509792764795200e-01 1.081955922645683327e-01 -1.963343704833411807e-02
5.954184051005792355e+01 1.129883149755423366e+00 4.304667569224291390e-01 1.704236278062307708e-01 -3.950100221775137976e-02
5.964184051005792497e+01 1.147787684389224960e+00 4.256880443056391128e-01 1.691282636331278844e-01 -5.529345750242714574e-02
5.974184051005792639e+01 1.161334410244388105e+00 4.195660125894971060e-01 9.258878594953147412e-02 -6.638702984654368255e-02
5.984184051005792782e+01 1.165543453534679141e+00 4.125473066550303658e-01 6.383197920212801968e-04 -7.339649242053682132e-02
5.994184051005792924e+01 1.163309645770320699e+00 4.049915288118292045e-01 -4.908510312108197576e-02 -7.724045638591613139e-02
6.000000000000000000e+01 1.159156333351166746e+00 4.004655152094896975e-01 -9.366303180401075457e-02 -7.827515590119218936e-02
