time[s] x1[m] x2[m] x1_dot[m/s] x2_dot[m/s]
0.000000000000000000e+00 0.000000000000000000e+00 0.000000000000000000e+00 0.000000000000000000e+00 0.000000000000000000e+00
9.999999999999999124e-05 2.735932764407562631e-08 3.288054482660971243e-15 5.471848397456972792e-04 9.897234157597697182e-11
1.100000000000000066e-03 3.310267546704953017e-06 4.816549619243751389e-12 6.018453360231682155e-03 1.357617140195658025e-08
1.110000000000000049e-02 3.368152313609143337e-04 9.468879617752465534e-09 6.065800104071605164e-02 3.010862889652406164e-06
6.041044573595803074e-02 9.908326342308631379e-03 5.099482869518430385e-06 3.261192016261996174e-01 3.253014177197271432e-04
1.604104457359580294e-01 6.786263758864194418e-02 2.275061556956410721e-04 8.205906437143293264e-01 5.541915410983457892e-03
2.604104457359580627e-01 1.701367415672216388e-01 1.503808542266861330e-03 1.194837681225579651e+00 2.239620728970218022e-02
3.604104457359580405e-01 3.004366685678385163e-01 5.249213489187154295e-03 1.386404597257028470e+00 5.541133479271510148e-02
4.604104457359580183e-01 4.433581303308040678e-01 1.317403103542673024e-02 1.448070193462344779e+00 1.059825539056512556e-01
5.604104457359579960e-01 5.836777512379183186e-01 2.698782202577444320e-02 1.319653821593279819e+00 1.727007414328330381e-01
6.604104457359579738e-01 6.999617130819304478e-01 4.809615981188444800e-02 9.824397735665902909e-01 2.507576495853628407e-01
7.604104457359579516e-01 7.785770829904192780e-01 7.725141644975457023e-02 5.866933021266149684e-01 3.321492073836761483e-01
8.604104457359579294e-01 8.164592682959086467e-01 1.143323279793071884e-01 1.728756590706871377e-01 4.077249494555416631e-01
9.604104457359579072e-01 8.146445130356310127e-01 1.582992305346150874e-01 -2.016473474866599114e-01 4.684269240286590419e-01
1.060410445735957996e+00 7.788424662046453673e-01 2.072565114400133357e-01 -4.905172234696277278e-01 5.063636008037453173e-01
1.160410445735958085e+00 7.218874307509026700e-01 2.586227376538969835e-01 -6.206163392778987209e-01 5.159401280851760863e-01
1.260410445735958174e+00 6.614217490350470241e-01 3.094236669021119823e-01 -5.567582691726631339e-01 4.950296380100309146e-01
1.360410445735958263e+00 6.140588950570563531e-01 3.566688552059808504e-01 -3.806903751010107806e-01 4.454142210873649477e-01
1.460410445735958351e+00 5.877734523691764412e-01 3.977032062084652209e-01 -1.352811094787680635e-01 3.717704488510952809e-01
1.560410445735958440e+00 5.874573251520116557e-01 4.304416074997404196e-01 1.290013705519491849e-01 2.807176265173445540e-01
1.660410445735958529e+00 6.134367291533689981e-01 4.535215864352931114e-01 3.854528690318020923e-01 1.799232320145638941e-01
1.760410445735958618e+00 6.629851710633105633e-01 4.663655314694643561e-01 5.975778883947598930e-01 7.728812118851978441e-02
1.860410445735958707e+00 7.308303351292424477e-01 4.691643243264183027e-01 7.446601788866333838e-01 -1.983134028092861656e-02
1.960410445735958795e+00 8.083750155961846318e-01 4.627896038985995775e-01 7.847818421174271863e-01 -1.053076693309173417e-01
2.060410445735958884e+00 8.830276988787639780e-01 4.486296523590759810e-01 6.857492587907192405e-01 -1.750684470430231010e-01
2.160410445735958973e+00 9.414069432676616112e-01 4.283513860033949516e-01 4.612695154469447223e-01 -2.276483239275608750e-01
2.260410445735959062e+00 9.717431358148214127e-01 4.036392037357158791e-01 1.337291719037106974e-01 -2.641251713495735287e-01
2.360410445735959151e+00 9.668433463234836767e-01 3.759589876982757373e-01 -2.346103116767583874e-01 -2.876602282424978174e-01
2.460410445735959239e+00 9.248408627868258680e-01 3.463953295300797874e-01 -6.021738213484850721e-01 -3.025625942147714964e-01
2.560410445735959328e+00 8.486249561344532122e-01 3.155797144537815235e-01 -9.003560909455371464e-01 -3.134409724808400188e-01
2.660410445735959417e+00 7.494984313650965291e-01 2.837151788401937047e-01 -1.065560596130598725e+00 -3.240117750796655538e-01
2.760410445735959506e+00 6.382520818519198391e-01 2.507199847098566248e-01 -1.141049888585033312e+00 -3.362624818759288869e-01
2.860410445735959595e+00 5.253041581779130942e-01 2.163886672001700540e-01 -1.101122781648669058e+00 -3.506729449954310573e-01
2.960410445735959684e+00 4.212721394937733455e-01 1.805515185998921579e-01 -9.612167514441746219e-01 -3.660513398615760083e-01
3.060410445735959772e+00 3.365262340255302798e-01 1.432352036893138614e-01 -7.200740734562025569e-01 -3.796780435155403532e-01
3.160410445735959861e+00 2.786171111780410548e-01 1.048074820112655792e-01 -4.393826317757334454e-01 -3.875464133394589394e-01
3.260410445735959950e+00 2.478833168836126200e-01 6.606198551571912381e-02 -1.771566173749249962e-01 -3.853570951500340791e-01
3.360410445735960039e+00 2.422669535654776996e-01 2.819496256553642721e-02 5.241436569903304421e-02 -3.694332578087416996e-01
3.460410445735960128e+00 2.554274863847155186e-01 -7.280602150708012643e-03 1.998922271350342394e-01 -3.372518454947208144e-01
3.560410445735960216e+00 2.802370548992926813e-01 -3.868612696514921873e-02 2.817554882183791465e-01 -2.880448496833478700e-01
3.660410445735960305e+00 3.082199152354872518e-01 -6.435322445655083934e-02 2.627287684675039259e-01 -2.228211179007559828e-01
3.760410445735960394e+00 3.314157099422938013e-01 -8.281490032089092179e-02 2.007356960310626159e-01 -1.445709320758081229e-01
3.860410445735960483e+00 3.477824906194031396e-01 -9.297212607984282895e-02 1.183752036195519497e-01 -5.748432695403456194e-02
3.960410445735960572e+00 3.533955333897483286e-01 -9.418057057189228864e-02 -1.118718230641654876e-02 3.350796595361250907e-02
4.060410445735960216e+00 3.454951271081507236e-01 -8.632909888961769196e-02 -1.412937638465105450e-01 1.227451867554238546e-01
4.160410445735959861e+00 3.269742250867287425e-01 -6.987639745177162687e-02 -2.213464439538997963e-01 2.046725380457907195e-01
4.260410445735959506e+00 3.021619520955990956e-01 -4.579332333574621938e-02 -2.684397492087255976e-01 2.746674120061448066e-01
4.360410445735959151e+00 2.756055278720602741e-01 -1.546055830341467111e-02 -2.482653697914678215e-01 3.291885512818288895e-01
4.460410445735958795e+00 2.551286341743844166e-01 1.946173359126618721e-02 -1.525149341531180647e-01 3.662914424067806873e-01
4.560410445735958440e+00 2.457497995544659364e-01 5.720885610592148229e-02 -3.148547240267585146e-02 3.857621273202009315e-01
4.660410445735958085e+00 2.512403891228105479e-01 9.605904057004753527e-02 1.572113821810267043e-01 3.886386602288370851e-01
4.760410445735957730e+00 2.783842129772378104e-01 1.344691593517282624e-01 3.810483051223843010e-01 3.775278685940755552e-01
4.860410445735957374e+00 3.265638920439272730e-01 1.712197005545102457e-01 5.818174742419923717e-01 3.560727714291274659e-01
4.960410445735957019e+00 3.941673528225521639e-01 2.054665839001483252e-01 7.601801315257324942e-01 3.281044367346047097e-01
5.060410445735956664e+00 4.757431750012419691e-01 2.367465455508448169e-01 8.595132664897653374e-01 2.972783224696898818e-01
5.160410445735956309e+00 5.644715199848386877e-01 2.649200174066141944e-01 9.047541930059866955e-01 2.663630082197221971e-01
5.260410445735955953e+00 6.536283928540953525e-01 2.900801189450160633e-01 8.629306973966408556e-01 2.372298366601549302e-01
5.360410445735955598e+00 7.341967054611708843e-01 3.124469325709782752e-01 7.325259387446628745e-01 2.104806698101412965e-01
5.460410445735955243e+00 7.975503360586927437e-01 3.322307881753749359e-01 5.288309298550741833e-01 1.853285048136938673e-01
5.560410445735954887e+00 8.392160856890337195e-01 3.495052410037717827e-01 2.990147735064924150e-01 1.599436555672804905e-01
5.660410445735954532e+00 8.570875603471644899e-01 3.641369106493760888e-01 6.380174377581349088e-02 1.320803494163353964e-01
5.760410445735954177e+00 8.530910984797740459e-01 3.757659339871432524e-01 -1.402911172890092539e-01 9.957744090734643727e-02
5.860410445735953822e+00 8.303928377432575614e-01 3.838449157322438854e-01 -3.006246981261920803e-01 6.087874514339988719e-02
5.960410445735953466e+00 7.961391860127515763e-01 3.877139627817957623e-01 -3.710750070680981505e-01 1.540313294636260627e-02
6.060410445735953111e+00 7.576611737960274873e-01 3.867275505235928112e-01 -3.923465045291251174e-01 -3.598317519653157492e-02
6.160410445735952756e+00 7.197562557178743825e-01 3.803828535714432468e-01 -3.566049045656817240e-01 -9.136765165389823529e-02
6.260410445735952401e+00 6.866387207610933352e-01 3.684137880104644269e-01 -3.045455844643118470e-01 -1.479535162052171005e-01
6.360410445735952045e+00 6.600336147050800406e-01 3.508579470607550155e-01 -2.275944090666722208e-01 -2.025508354852531556e-01
6.460410445735951690e+00 6.387746992886504938e-01 3.280799846931687358e-01 -2.082437572914691282e-01 -2.518990269958515937e-01
6.560410445735951335e+00 6.180821052377761804e-01 3.007344036727891412e-01 -2.078015095691246872e-01 -2.935732609785251523e-01
6.660410445735950979e+00 5.953880330079212024e-01 2.696782527829547638e-01 -2.538547573594348017e-01 -3.258998993725598647e-01
6.760410445735950624e+00 5.671618443593190451e-01 2.358912292465429328e-01 -3.094326557465719718e-01 -3.481377495252396259e-01
6.860410445735950269e+00 5.333029432354813304e-01 2.003913118128856363e-01 -3.688308213047906126e-01 -3.601750057866496824e-01
6.960410445735949914e+00 4.935730065166368252e-01 1.641849131219673685e-01 -4.232470427929749812e-01 -3.623627432137924709e-01
7.060410445735949558e+00 4.491433669081708047e-01 1.282242389200139998e-01 -4.652288580042429067e-01 -3.553924919916799929e-01
7.160410445735949203e+00 4.001349290527389524e-01 9.338059354652968047e-02 -5.141971319427655063e-01 -3.402140872225671298e-01
7.260410445735948848e+00 3.478080176026275838e-01 6.041197045932658605e-02 -5.229349246497889681e-01 -3.181068183821064155e-01
7.360410445735948493e+00 2.960943645291541082e-01 2.995377198714231637e-02 -5.121137437228905354e-01 -2.901646238330850003e-01
7.460410445735948137e+00 2.463415239360492726e-01 2.539764947324545108e-03 -4.749678342785063068e-01 -2.573931255210278879e-01
7.560410445735947782e+00 2.017746311100827583e-01 -2.139247602366515025e-02 -4.138551413042987903e-01 -2.206467021663601757e-01
7.660410445735947427e+00 1.652406537357639094e-01 -4.147830549312519349e-02 -3.093165575502986320e-01 -1.805423482897879073e-01
7.760410445735947071e+00 1.397186899528558013e-01 -5.739716308440553222e-02 -2.017258143194674835e-01 -1.373322437334728308e-01
7.860410445735946716e+00 1.263699951509318353e-01 -6.884823478070338509e-02 -5.978393997559977580e-02 -9.120855833625884923e-02
7.960410445735946361e+00 1.266798584049235732e-01 -7.554095307390618075e-02 5.743230646994676447e-02 -4.216813583133482979e-02
8.060410445735946894e+00 1.368135088346555395e-01 -7.719674826948740021e-02 1.411536395117196641e-01 9.408154923825816363e-03
8.160410445735946539e+00 1.549389506655990123e-01 -7.360602143330563507e-02 2.265339479458214345e-01 6.258220334009116648e-02
8.260410445735946183e+00 1.817525260610377003e-01 -6.466071723027570772e-02 2.977446119257357582e-01 1.163365734935681850e-01
8.360410445735945828e+00 2.125783551364311408e-01 -5.036229698660989185e-02 3.150829193470615630e-01 1.693575626527352440e-01
8.460410445735945473e+00 2.437535225721184917e-01 -3.087865702458009523e-02 3.020521518295891661e-01 2.196837364197192222e-01
8.560410445735945117e+00 2.726561017895423045e-01 -6.591746886807064304e-03 2.779541585534293646e-01 2.650267935900587069e-01
8.660410445735944762e+00 2.998063859482907878e-01 2.188594845811357367e-02 2.684965184156718476e-01 3.031636966812799039e-01
8.760410445735944407e+00 3.268926123085743041e-01 5.374272161993212671e-02 2.732573893369091289e-01 3.323723915719383193e-01
8.860410445735944052e+00 3.545939699650336729e-01 8.802348717480225349e-02 2.836193515450960434e-01 3.514891114440695796e-01
8.960410445735943696e+00 3.841634784847045569e-01 1.236826717149145660e-01 3.106741441146040339e-01 3.598925507285599679e-01
9.060410445735943341e+00 4.172038792951360819e-01 1.596461413529195461e-01 3.476587046338616149e-01 3.576417184965688389e-01
9.160410445735942986e+00 4.522966810720495667e-01 1.948748962409716790e-01 3.482918356105428326e-01 3.453010417871415494e-01
9.260410445735942631e+00 4.861577974128117319e-01 2.283886567139382651e-01 3.257209342943782615e-01 3.234333356867626907e-01
9.360410445735942275e+00 5.174598989498450097e-01 2.592644911571226896e-01 3.041704237047113679e-01 2.926666882708103823e-01
9.460410445735941920e+00 5.471681209032577264e-01 2.866585039394118906e-01 2.878740815053291713e-01 2.540085278321133622e-01
9.560410445735941565e+00 5.753507465199618753e-01 3.098497118523276805e-01 2.796278210494780869e-01 2.088700859157053003e-01
9.660410445735941209e+00 6.031861041885687724e-01 3.282757586570633213e-01 2.765860253668327440e-01 1.590363364847865724e-01
9.760410445735940854e+00 6.307384934894955109e-01 3.415692315892980280e-01 2.711347369821937026e-01 1.065749436740154876e-01
9.860410445735940499e+00 6.563357216688500140e-01 3.495729502064783278e-01 2.403184687362645289e-01 5.356520925955258333e-02
9.960410445735940144e+00 6.792515941833251469e-01 3.523256102635733966e-01 2.144748469258784263e-01 1.860094013322273476e-03
1.006041044573593979e+01 6.972854741982349447e-01 3.500461223865551919e-01 1.379765791107255279e-01 -4.684302477102531004e-02
1.016041044573593943e+01 7.064310908026009139e-01 3.430904922401107338e-01 4.479130019049726297e-02 -9.155247626063481303e-02
1.026041044573593908e+01 7.052618655880315002e-01 3.318861873606336332e-01 -7.603759874080999459e-02 -1.317664353304907332e-01
1.036041044573593872e+01 6.905545982941142524e-01 3.168856836427065837e-01 -2.174912674449357430e-01 -1.675414239555254037e-01
1.046041044573593837e+01 6.615130451208826035e-01 2.985084111996703649e-01 -3.637952108969326748e-01 -1.994106342439492252e-01
1.056041044573593801e+01 6.191889541080553006e-01 2.771095891061027272e-01 -4.725068365654851443e-01 -2.280827227037330041e-01
1.066041044573593766e+01 5.683426890255832697e-01 2.529859621689252158e-01 -5.363678100866533516e-01 -2.539173596831719171e-01
1.076041044573593730e+01 5.143251569142669455e-01 2.264273351696603487e-01 -5.357170805655219192e-01 -2.766850118767240074e-01
1.086041044573593695e+01 4.616576780359837873e-01 1.977811472490923206e-01 -5.147588876568633953e-01 -2.954866830359252905e-01
1.096041044573593659e+01 4.119519630750763106e-01 1.674990338977452864e-01 -4.787039849025263583e-01 -3.092157479782653429e-01
1.106041044573593624e+01 3.670732994601515475e-01 1.361440582626818330e-01 -4.087443017777561138e-01 -3.167543483409757110e-01
1.116041044573593588e+01 3.300457082824379551e-01 1.043977153903806326e-01 -3.421617951416675574e-01 -3.168205264794575760e-01
1.126041044573593553e+01 2.983253004591179258e-01 7.306086966116612236e-02 -2.850390083593651314e-01 -3.084736701525985225e-01
1.136041044573593517e+01 2.731551915300390876e-01 4.299986254851687756e-02 -2.249170081288004441e-01 -2.912323569835111314e-01
1.146041044573593481e+01 2.526161004203802407e-01 1.511469973835925101e-02 -1.860602161777509811e-01 -2.650040870542235139e-01
1.156041044573593446e+01 2.362244332285896031e-01 -9.718592889615434993e-03 -1.371298289910909685e-01 -2.303125219291139447e-01
1.166041044573593410e+01 2.259669670472695402e-01 -3.069022646789268741e-02 -7.049640885998080531e-02 -1.878938216637410230e-01
1.176041044573593375e+01 2.208278113636592821e-01 -4.706958410632451628e-02 -3.684975265587782378e-02 -1.386702924917403990e-01
1.186041044573593339e+01 2.186076573705168502e-01 -5.824898187310018072e-02 -5.560731932864160232e-03 -8.419441209055840425e-02
1.196041044573593304e+01 2.191896180123186488e-01 -6.379532292247908076e-02 8.836444563068672139e-03 -2.633753060343384245e-02
1.206041044573593268e+01 2.192458293577970452e-01 -6.347894852462900028e-02 -6.883686266011027413e-03 3.262829728263794832e-02
1.216041044573593233e+01 2.177967292798657362e-01 -5.732180476863353580e-02 -2.594610381065774740e-02 9.003130645169124535e-02
1.226041044573593197e+01 2.141964295390138273e-01 -4.561478728015700562e-02 -3.959873930115992424e-02 1.431798310542159447e-01
1.236041044573593162e+01 2.103421690495900498e-01 -2.890852659478122463e-02 -3.962349742318254514e-02 1.896628413428789461e-01
1.246041044573593126e+01 2.070391054995537050e-01 -7.969756269131069576e-03 -1.546387959177763366e-02 2.275439456820153583e-01
1.256041044573593091e+01 2.090167541524957651e-01 1.627299478273410913e-02 5.697940401859748899e-02 2.556451664803394142e-01
1.266041044573593055e+01 2.179633961137175668e-01 4.282619201847293056e-02 1.216511938479362120e-01 2.737612481608557302e-01
1.276041044573593020e+01 2.349061447883857290e-01 7.070016300235976159e-02 2.284222445335223894e-01 2.821620646648591024e-01
1.286041044573592984e+01 2.643276888650125112e-01 9.897348615879740519e-02 3.573310654488092153e-01 2.820301380496836874e-01
1.296041044573592949e+01 3.061852109601107541e-01 1.268832745748285362e-01 4.783058834779179147e-01 2.752181062238329701e-01
1.306041044573592913e+01 3.587432099794091167e-01 1.538613549888789844e-01 5.648174535429326681e-01 2.637217935616802400e-01
1.316041044573592877e+01 4.172999958871623227e-01 1.795291073591543662e-01 5.948003024960185625e-01 2.492476000868857899e-01
1.326041044573592842e+01 4.763285895552425986e-01 2.036469044598020472e-01 5.845669158676989330e-01 2.328380122630940574e-01
1.336041044573592806e+01 5.326552084123462594e-01 2.260505867952055103e-01 5.266352074412509188e-01 2.150232172920990004e-01
1.346041044573592771e+01 5.797592923597602033e-01 2.466015223011549795e-01 4.109980759976065157e-01 1.956832826904804645e-01
1.356041044573592735e+01 6.128393859445356862e-01 2.651079439828792905e-01 2.403259013472757999e-01 1.739378834158487319e-01
1.366041044573592700e+01 6.281470011994728653e-01 2.812596269019612127e-01 7.416806508291046152e-02 1.483197042546954281e-01
1.376041044573592664e+01 6.288022919452702642e-01 2.945992577862994732e-01 -5.385871933328562067e-02 1.175453529804784403e-01
1.386041044573592629e+01 6.195156575777772678e-01 3.045794022885637831e-01 -1.240919699350415684e-01 8.113086774805619572e-02
1.396041044573592593e+01 6.050360171800905906e-01 3.106532379522384812e-01 -1.578054733027378920e-01 3.957258381887245741e-02
1.406041044573592558e+01 5.891788101699694247e-01 3.123649624396319657e-01 -1.585593269995831112e-01 -5.831755065202587351e-03
1.416041044573592522e+01 5.731797775634668302e-01 3.094206441317126632e-01 -1.627419811726191490e-01 -5.322272568227121720e-02
1.426041044573592487e+01 5.557952062569518903e-01 3.017181920086082214e-01 -1.886929787302129569e-01 -1.006923580509598848e-01
1.436041044573592451e+01 5.357290370358109843e-01 2.893349797442570370e-01 -2.086120446385600069e-01 -1.465749682805612131e-01
1.446041044573592416e+01 5.145983250684987853e-01 2.725111737689513980e-01 -2.123343151921723293e-01 -1.892155959664443554e-01
1.456041044573592380e+01 4.932442601249375502e-01 2.516576042258275026e-01 -2.174134208064461837e-01 -2.268912919031403352e-01
1.466041044573592345e+01 4.705710724608653805e-01 2.273483874180814435e-01 -2.376738687177931963e-01 -2.581195200750152074e-01
1.476041044573592309e+01 4.453590891638946059e-01 2.002830442615643469e-01 -2.686871052490096834e-01 -2.818829644936019507e-01
1.486041044573592274e+01 4.165263446179082729e-01 1.712391076492090491e-01 -3.075602059216306916e-01 -2.976423513593559611e-01
1.496041044573592238e+01 3.848495388143146623e-01 1.410260265458708195e-01 -3.184978801333093745e-01 -3.052547818271854063e-01
1.506041044573592202e+01 3.530175736575982826e-01 1.104643796896604829e-01 -3.234678190017634125e-01 -3.045902739431871065e-01
1.516041044573592167e+01 3.200489231397671275e-01 8.038002449633888102e-02 -3.295061549320268401e-01 -2.957760711523630959e-01
1.526041044573592131e+01 2.881574100908841363e-01 5.156677001651135961e-02 -3.069506175474137066e-01 -2.792301543123321683e-01
1.536041044573592096e+01 2.588247733073043566e-01 2.477829563156904932e-02 -2.787879237503393948e-01 -2.553630175403263092e-01
1.546041044573592060e+01 2.324846943925749088e-01 7.181201267224129881e-04 -2.476314391935160730e-01 -2.247856037210584634e-01
1.556041044573592025e+01 2.090175752419080601e-01 -1.998342464693908527e-02 -2.248823851896364912e-01 -1.883586143308522975e-01
1.566041044573591989e+01 1.876214473563293239e-01 -3.679859531325062327e-02 -1.984172447518588178e-01 -1.472857683111014893e-01
1.576041044573591954e+01 1.696379437301965276e-01 -4.933044941348325996e-02 -1.629044421057165570e-01 -1.029098668627624891e-01
1.586041044573591918e+01 1.556976440509979520e-01 -5.731559869451661321e-02 -1.075854948396604699e-01 -5.657730818642035808e-02
1.596041044573591883e+01 1.491404817993170207e-01 -6.061876922777322679e-02 -2.342857191067783396e-02 -9.417779812188595279e-03
1.606041044573591847e+01 1.507565979479831841e-01 -5.919869869079899538e-02 5.414761998399719722e-02 3.775183378070205015e-02
1.616041044573591989e+01 1.598533426533332580e-01 -5.309687847915874753e-02 1.293551125928014134e-01 8.406698688939599762e-02
1.626041044573592131e+01 1.767176107124712736e-01 -4.244230885052816676e-02 2.050492681371172965e-01 1.286753900875874934e-01
1.636041044573592274e+01 2.005888499277130588e-01 -2.744546674818765242e-02 2.754213489135863280e-01 1.707739222223094988e-01
1.646041044573592416e+01 2.320735946000722638e-01 -8.395647796249520317e-03 3.493108469266653082e-01 2.096365896679733554e-01
1.656041044573592558e+01 2.690194005517852482e-01 1.435312772968944800e-02 3.849918109778995845e-01 2.446225271052290262e-01
1.666041044573592700e+01 3.087992234539100878e-01 4.036896836677342226e-02 4.114654618704867151e-01 2.748151100189195062e-01
1.676041044573592842e+01 3.515692952678410310e-01 6.912728743932694542e-02 4.420674949734091363e-01 2.993530586533283411e-01
1.686041044573592984e+01 3.958056439888093525e-01 1.000296389142671799e-01 4.358221824805678657e-01 3.175809811283790696e-01
1.696041044573593126e+01 4.385307584097289935e-01 1.324059205370108350e-01 4.188710655640141001e-01 3.286896410853101802e-01
1.706041044573593268e+01 4.786920837605282419e-01 1.655057258993296587e-01 3.801322778382928980e-01 3.319407555569079404e-01
1.716041044573593410e+01 5.149229623723752258e-01 1.985102874814123342e-01 3.479780736917699180e-01 3.266961734218671864e-01
1.726041044573593553e+01 5.483553453248846132e-01 2.305531991273473968e-01 3.215306103096150503e-01 3.127115066201651694e-01
1.736041044573593695e+01 5.799688082366807329e-01 2.607689109110163939e-01 3.142804906132725118e-01 2.902394647355411861e-01
1.746041044573593837e+01 6.119430737830364730e-01 2.883460734343507026e-01 3.303594625994941136e-01 2.601381026683751152e-01
1.756041044573593979e+01 6.461646058508292434e-01 3.125918778661516129e-01 3.480846643427651377e-01 2.239068682635055874e-01
1.766041044573594121e+01 6.807459764831957916e-01 3.329815364671327438e-01 3.436435899730794219e-01 1.832933993693162122e-01
1.776041044573594263e+01 7.140813235732214048e-01 3.491597648097509166e-01 3.138884865510095934e-01 1.399476733375573101e-01
1.786041044573594405e+01 7.424431541427986003e-01 3.609262901664473389e-01 2.529523389308572789e-01 9.524577802193749665e-02
1.796041044573594547e+01 7.646346853023560097e-01 3.681983354812967679e-01 1.911109340388307265e-01 5.022616218460165122e-02
1.806041044573594689e+01 7.804033412393288627e-01 3.709944436657883204e-01 1.154445907945786248e-01 5.888664957746335415e-03
1.816041044573594831e+01 7.852835129895534561e-01 3.694222391101289471e-01 -2.183228343573249963e-02 -3.710045752082232612e-02
1.826041044573594974e+01 7.770802100952344249e-01 3.636175245131624822e-01 -1.392629853872063839e-01 -7.878085182959275456e-02
1.836041044573595116e+01 7.568777286372008195e-01 3.537096639985509161e-01 -2.643153297770140520e-01 -1.191639037076346191e-01
1.846041044573595258e+01 7.253038454038578386e-01 3.398263781386879900e-01 -3.633389980245355089e-01 -1.582837850384100631e-01
1.856041044573595400e+01 6.847767043005540399e-01 3.221013884817455208e-01 -4.410215670518521924e-01 -1.959433071828028394e-01
1.866041044573595542e+01 6.384571462561462463e-01 3.007027312407015707e-01 -4.799989970946481610e-01 -2.316356057304724825e-01
1.876041044573595684e+01 5.902237216039215584e-01 2.758711118775950544e-01 -4.776845685589259927e-01 -2.644058357040918184e-01
1.886041044573595826e+01 5.430426323230105323e-01 2.479647114692379306e-01 -4.666104590525125828e-01 -2.928863677693540613e-01
1.896041044573595968e+01 4.980617168664835392e-01 2.174833281894609227e-01 -4.278068541038866912e-01 -3.156727988088000036e-01
1.906041044573596110e+01 4.565870415537723881e-01 1.850684822115476469e-01 -4.079095431345520217e-01 -3.313331298286021354e-01
1.916041044573596253e+01 4.167533507123765135e-01 1.514872168571892996e-01 -3.855578343317499490e-01 -3.388842830197525968e-01
1.926041044573596395e+01 3.791911105483297129e-01 1.175826384802138025e-01 -3.681298923217806163e-01 -3.377220411542030121e-01
1.936041044573596537e+01 3.429114692032694256e-01 8.424021068195919337e-02 -3.583948093464849327e-01 -3.276529226264403016e-01
1.946041044573596679e+01 3.079160381157526327e-01 5.233995918172226064e-02 -3.361130034106346587e-01 -3.089525577717976978e-01
1.956041044573596821e+01 2.763382986604885905e-01 2.272212324768118491e-02 -2.949774746802040215e-01 -2.820820458336159020e-01
1.966041044573596963e+01 2.490317129753037706e-01 -3.822631581636645043e-03 -2.522483751429919208e-01 -2.476061165465814340e-01
1.976041044573597105e+01 2.253075573374567486e-01 -2.657427984252586778e-02 -2.223475472956153998e-01 -2.064033621860766887e-01
1.986041044573597247e+01 2.051541868138296587e-01 -4.492127393067023994e-02 -1.786965119151142367e-01 -1.597385540572995588e-01
1.996041044573597389e+01 1.900159309610017500e-01 -5.838485546925199082e-02 -1.206217889551311206e-01 -1.089592148326500171e-01
2.006041044573597532e+01 1.806464656356134846e-01 -6.662006261395043982e-02 -7.329165864437012234e-02 -5.539834403120662970e-02
2.016041044573597674e+01 1.753171282495521455e-01 -6.942410187219322237e-02 -2.730621030513168818e-02 -6.260273025078186282e-04
2.026041044573597816e+01 1.756941672544783117e-01 -6.675914031179967789e-02 3.467622357339827932e-02 5.373734956031581828e-02
2.036041044573597958e+01 1.827026776725650392e-01 -5.873689324908916432e-02 1.069342141941890673e-01 1.063021938812512557e-01
2.046041044573598100e+01 1.970293986478325321e-01 -4.559846736276922108e-02 1.832288511670632503e-01 1.558775890802065467e-01
2.056041044573598242e+01 2.202701422286904021e-01 -2.769266920967544329e-02 2.791638002222407433e-01 2.015326763109688835e-01
2.066041044573598384e+01 2.516875494879114994e-01 -5.442980334994806241e-03 3.473410555309915382e-01 2.426458001169238821e-01
2.076041044573598526e+01 2.895387211034025632e-01 2.066151179313278213e-02 4.052178306244149653e-01 2.785141263873564532e-01
2.086041044573598668e+01 3.326027369656297528e-01 5.006222146391692274e-02 4.644718923379744790e-01 3.084613853991317045e-01
2.096041044573598811e+01 3.843533083224603963e-01 8.214521502054047963e-02 5.717760463534835580e-01 3.321871452120264689e-01
2.106041044573598953e+01 4.451329140837529952e-01 1.163067164085856420e-01 6.312805305487086960e-01 3.501058531961733777e-01
2.116041044573599095e+01 5.089158501768809018e-01 1.519767545069762860e-01 6.382428015339672855e-01 3.623200632882348504e-01
2.126041044573599237e+01 5.713519072652391007e-01 1.885671313180463660e-01 6.051007827421530649e-01 3.684143259708341778e-01
2.136041044573599379e+01 6.294172395452924951e-01 2.254322877799514180e-01 5.502559138499071301e-01 3.676905139702085767e-01
2.146041044573599521e+01 6.791175272049152500e-01 2.618507129568662939e-01 4.342749202601243752e-01 3.593082482814483614e-01
2.156041044573599663e+01 7.153862871106120291e-01 2.969963370701045324e-01 2.862078156707935639e-01 3.419979814333156121e-01
2.166041044573599805e+01 7.356443536059956712e-01 3.299055648021918530e-01 1.235627355874934774e-01 3.143498422317039243e-01
2.176041044573599947e+01 7.419923109866234379e-01 3.594850469394985093e-01 8.458230130957741788e-03 2.753068469827144038e-01
2.186041044573600090e+01 7.373780535790904755e-01 3.845842145800782985e-01 -9.740645620747190314e-02 2.247985125130323170e-01
2.196041044573600232e+01 7.245684868834686432e-01 4.040846243530435977e-01 -1.468896644024247911e-01 1.635317754882127661e-01
2.206041044573600374e+01 7.092042118697230446e-01 4.169932106859173260e-01 -1.588912419973850521e-01 9.337320674437570023e-02
2.216041044573600516e+01 6.936706827473059223e-01 4.225552214492986347e-01 -1.434595361456649787e-01 1.711545489270649423e-02
2.226041044573600658e+01 6.816876063753181114e-01 4.203280172480314270e-01 -9.489379246453585881e-02 -6.177049312848127693e-02
2.236041044573600800e+01 6.746670943452727220e-01 4.102465927389168376e-01 -4.752223442278159099e-02 -1.392944743702902999e-01
2.246041044573600942e+01 6.709233110095514929e-01 3.926452029227539553e-01 -3.365642779752253677e-02 -2.115613809341861939e-01
2.256041044573601084e+01 6.680207379028711978e-01 3.682193316069710676e-01 -2.142239601462121029e-02 -2.752874933401314728e-01
2.266041044573601226e+01 6.658558884357630436e-01 3.379671118652521344e-01 -3.065628914374281949e-02 -3.276594706568355941e-01
2.276041044573601368e+01 6.604790987784064926e-01 3.031346593786689025e-01 -8.455459271362184004e-02 -3.666535649122612539e-01
2.286041044573601511e+01 6.464577037092810174e-01 2.651102359089917426e-01 -2.078131138297089897e-01 -3.914886466201246140e-01
2.296041044573601653e+01 6.187418862917163365e-01 2.252867090422111807e-01 -3.368270977376908171e-01 -4.028501708394347514e-01
2.306041044573601795e+01 5.809155156341763160e-01 1.849451473746518415e-01 -4.159005607375715341e-01 -4.020552133784957016e-01
2.316041044573601937e+01 5.362761418714132589e-01 1.452401248334425354e-01 -4.696287594726833436e-01 -3.903315555428961137e-01
2.326041044573602079e+01 4.885604756295782169e-01 1.072015815292813590e-01 -4.782808313276056822e-01 -3.689167204869496230e-01
2.336041044573602221e+01 4.426008620184156417e-01 7.174552677922034494e-02 -4.261262459969444860e-01 -3.388226600350852102e-01
2.346041044573602363e+01 4.052963682809808676e-01 3.970924375670170647e-02 -3.204903092052585611e-01 -3.005472950514319064e-01
2.356041044573602505e+01 3.776980843786499342e-01 1.190281261211336220e-02 -2.337331731863491746e-01 -2.542923381858732124e-01
2.366041044573602647e+01 3.577081068158700083e-01 -1.090615612162755196e-02 -1.745299761639834690e-01 -2.007679959475763276e-01
2.376041044573602790e+01 3.416835818416252279e-01 -2.805561335284457655e-02 -1.444930892016696167e-01 -1.414117586344966204e-01
2.386041044573602932e+01 3.295668630166597168e-01 -3.906103796391226235e-02 -9.596567210634045220e-02 -7.822601546468800626e-02
2.396041044573603074e+01 3.225934783682485318e-01 -4.363942945658456224e-02 -4.359616614995447809e-02 -1.320008667219151055e-02
2.406041044573603216e+01 3.203987020257970109e-01 -4.170641244054981017e-02 -3.400175379863125402e-03 5.165861823358486316e-02
2.416041044573603358e+01 3.217632582195340540e-01 -3.338476694045522386e-02 3.079622763589236895e-02 1.142067445576522705e-01
2.426041044573603500e+01 3.260774224910116259e-01 -1.901386242999492104e-02 5.211207109486423739e-02 1.722897887990638699e-01
2.436041044573603642e+01 3.318474886221410847e-01 8.531732914819102620e-04 6.207176924271289031e-02 2.237768129933443984e-01
2.446041044573603784e+01 3.381502218318276354e-01 2.545400037850713282e-02 6.375581981290237565e-02 2.666459383674688599e-01
2.456041044573603926e+01 3.453230458357377519e-01 5.383664880892201354e-02 8.651007910188859840e-02 2.991691546985807970e-01
2.466041044573604069e+01 3.567791650046202578e-01 8.490875624170053648e-02 1.468134982340078554e-01 3.203548068175600116e-01
2.476041044573604211e+01 3.752896404676083209e-01 1.175280272752887711e-01 2.284747129199524163e-01 3.301778291153440459e-01
2.486041044573604353e+01 4.037844132034810740e-01 1.505919079544118522e-01 3.449639155085179043e-01 3.294621999769417608e-01
2.496041044573604495e+01 4.440251123370400066e-01 1.831246660007540272e-01 4.563792698730509412e-01 3.198809428607373162e-01
2.506041044573604637e+01 4.940801737255321457e-01 2.143392382161077581e-01 5.383198891978250300e-01 3.034298231153324532e-01
2.516041044573604779e+01 5.508976046317521913e-01 2.436445198400190859e-01 5.962175037381604037e-01 2.819915985582335249e-01
2.526041044573604921e+01 6.118166663225712565e-01 2.706289964413731708e-01 6.080244183532961255e-01 2.572786895036051069e-01
2.536041044573605063e+01 6.701521484517397598e-01 2.950307602992103262e-01 5.522100512177658960e-01 2.304508728187913413e-01
2.546041044573605205e+01 7.212364363746631701e-01 3.166611055200440061e-01 4.645315940677079980e-01 2.018688053357015899e-01
2.556041044573605348e+01 7.621419083377783954e-01 3.353442101325270208e-01 3.476078549176037091e-01 1.714664912505434180e-01
2.566041044573605490e+01 7.894459176305992365e-01 3.508797141794938179e-01 1.945809065409835892e-01 1.388075571925355411e-01
2.576041044573605632e+01 8.005978664488822005e-01 3.630037199048482544e-01 2.535989586169326571e-02 1.030860549380166885e-01
2.586041044573605774e+01 7.944081826207867181e-01 3.713636840760994873e-01 -1.453767454207282872e-01 6.337139069161110139e-02
2.596041044573605916e+01 7.724458928258798318e-01 3.755193993657814922e-01 -2.867803480586182951e-01 1.891876391574684457e-02
2.606041044573606058e+01 7.403592321921502739e-01 3.749858994128899004e-01 -3.336782130697174553e-01 -3.032487206451910805e-02
2.616041044573606200e+01 7.078957027363939059e-01 3.693400274737526079e-01 -3.131053790859479324e-01 -8.296583661803416665e-02
2.626041044573606342e+01 6.787407035769195129e-01 3.583621313426635369e-01 -2.664497389246056058e-01 -1.365086074237635283e-01
2.636041044573606484e+01 6.537124113811565440e-01 3.421039827238983033e-01 -2.377456935075800692e-01 -1.880969996888755824e-01
2.646041044573606626e+01 6.324798064932454222e-01 3.208966146288451671e-01 -1.781770738580043811e-01 -2.350552783393292933e-01
2.656041044573606769e+01 6.185530279959869926e-01 2.953409579564074128e-01 -1.001548937699998643e-01 -2.745769654230558743e-01
2.666041044573606911e+01 6.117088451590270148e-01 2.663214833990354968e-01 -5.031974591240276351e-02 -3.039162237297647340e-01
2.676041044573607053e+01 6.055136130913917336e-01 2.349599744113658462e-01 -8.045036049347173424e-02 -3.212466613030405815e-01
2.686041044573607195e+01 5.946327759790560608e-01 2.024849002963648725e-01 -1.466661374617979630e-01 -3.262262303259745866e-01
2.696041044573607337e+01 5.752149788057709934e-01 1.701011737002238733e-01 -2.363651021722903700e-01 -3.196416752862650812e-01
2.706041044573607479e+01 5.479779674080242913e-01 1.388915567491838532e-01 -3.151829551903350124e-01 -3.030139197670781437e-01
2.716041044573607621e+01 5.107500685774325477e-01 1.097693309154331998e-01 -4.288697881601811202e-01 -2.782894941579520665e-01
2.726041044573607763e+01 4.634101347478631894e-01 8.341678031430752038e-02 -5.106483464156553742e-01 -2.480616484532651433e-01
2.736041044573607905e+01 4.101366738825493186e-01 6.025852443531186375e-02 -5.463246424325463035e-01 -2.147709242226318038e-01
2.746041044573608048e+01 3.557360155072140095e-01 4.050061310886190341e-02 -5.354207644580054604e-01 -1.803188039923629971e-01
2.756041044573608190e+01 3.042940244790680038e-01 2.418966641063515985e-02 -4.852031205985052331e-01 -1.460014365472963316e-01
2.766041044573608332e+01 2.603972955140358980e-01 1.127220730044629221e-02 -3.870969153675969388e-01 -1.125020855297561850e-01
2.776041044573608474e+01 2.277647101610440483e-01 1.661056282926650154e-03 -2.590578846456346729e-01 -7.983432167510308430e-02
2.786041044573608616e+01 2.093822167120478195e-01 -4.706460964184669589e-03 -1.127821533065834769e-01 -4.750928949822353503e-02
2.796041044573608758e+01 2.034985798332196172e-01 -7.829847284903891300e-03 -1.099554962664341107e-02 -1.488046138335311769e-02
2.806041044573608900e+01 2.068572490279738663e-01 -7.667611579572045262e-03 7.909879565874115837e-02 1.819227189344019280e-02
2.816041044573609042e+01 2.198503326390690849e-01 -4.178847587513190298e-03 1.834873669978210331e-01 5.164865679282568123e-02
2.826041044573609184e+01 2.433133114503007732e-01 2.677449788091656319e-03 2.813025746374597791e-01 8.556040979677342895e-02
2.836041044573609327e+01 2.752707838234863535e-01 1.294736534414589642e-02 3.534908947220251063e-01 1.198836717155826737e-01
2.846041044573609469e+01 3.126531110993530094e-01 2.665407982434734452e-02 3.858080570079830407e-01 1.541840075655222797e-01
2.856041044573609611e+01 3.510375014419423456e-01 4.375085254582572469e-02 3.765435242447099373e-01 1.874665369763885980e-01
2.866041044573609753e+01 3.867827238859175565e-01 6.406259591067239856e-02 3.316324998635925003e-01 2.181917036910461238e-01
2.876041044573609895e+01 4.167818144727732932e-01 8.723960872383612619e-02 2.717432541654478118e-01 2.444278626043419056e-01
2.886041044573610037e+01 4.418843470142987395e-01 1.127343255644683573e-01 2.287072062016903551e-01 2.642678103087156005e-01
2.896041044573610179e+01 4.617777397137219908e-01 1.398295615935243874e-01 1.686543430831295431e-01 2.761996485008443858e-01
2.906041044573610321e+01 4.759072656634416587e-01 1.676661428149453237e-01 1.150157435454882415e-01 2.789053276520364610e-01
2.916041044573610463e+01 4.856188441205142592e-01 1.952737426631227513e-01 8.729144146594289277e-02 2.715310142820479000e-01
2.926041044573610606e+01 4.944854321980810541e-01 2.216336490702737472e-01 9.213604935975079624e-02 2.540256514669186894e-01
2.936041044573610748e+01 5.050119252690321581e-01 2.457677372722902320e-01 1.263480191054377477e-01 2.272137969491245801e-01
2.946041044573610890e+01 5.205195842813180596e-01 2.668202738984535305e-01 1.816223631812967643e-01 1.927389438412737965e-01
2.956041044573611032e+01 5.405061877530419334e-01 2.841335850472535562e-01 2.138010831582358995e-01 1.528018257188819562e-01
2.966041044573611174e+01 5.625046735324198410e-01 2.972704041485830229e-01 2.236010084174871460e-01 1.095515585910621648e-01
2.976041044573611316e+01 5.847003511943970055e-01 3.059994536123024078e-01 2.147634619030250880e-01 6.496221810998548118e-02
2.986041044573611458e+01 6.038912110475946893e-01 3.102756053866498331e-01 1.633672751986243454e-01 2.073270553438372188e-02
2.996041044573611600e+01 6.173206196963564318e-01 3.101970766501835897e-01 1.073351527056398969e-01 -2.196659159593738336e-02
3.006041044573611742e+01 6.250276549329378817e-01 3.059660947363531114e-01 4.181167334853010120e-02 -6.216060293698821154e-02
3.016041044573611885e+01 6.254611620831689311e-01 2.978733486109248485e-01 -2.726987291276843084e-02 -9.910962053062205568e-02
3.026041044573612027e+01 6.210152159407205108e-01 2.862728166567998778e-01 -5.945177492769013194e-02 -1.321844360167521437e-01
3.036041044573612169e+01 6.131498629812058843e-01 2.715944752339654045e-01 -9.962625574861705413e-02 -1.605319691327605769e-01
3.046041044573612311e+01 6.006035448638602503e-01 2.543446816470300575e-01 -1.570675881472124724e-01 -1.835464316678849794e-01
3.056041044573612453e+01 5.808559111442564982e-01 2.350671109196200703e-01 -2.381101956293129596e-01 -2.011232979461619608e-01
3.066041044573612595e+01 5.529390712316808454e-01 2.142878632340029510e-01 -3.193246628452197089e-01 -2.136724971983320898e-01
3.076041044573612737e+01 5.191212450671407463e-01 1.924806386454217255e-01 -3.416154026263200638e-01 -2.217557459854785085e-01
3.086041044573612879e+01 4.849582264898879003e-01 1.700843799196474493e-01 -3.489954061867966417e-01 -2.254122530116296486e-01
3.096041044573613021e+01 4.501560391477964496e-01 1.475476480342979291e-01 -3.356229120089771478e-01 -2.245775457516891171e-01
3.106041044573613163e+01 4.178298487365326719e-01 1.253230090477562009e-01 -3.169760961945267685e-01 -2.191268934538430635e-01
3.116041044573613306e+01 3.871259001015570633e-01 1.038779176692269240e-01 -2.941324090884675502e-01 -2.090069802467507398e-01
3.126041044573613448e+01 3.583258223604693371e-01 8.367274335274710317e-02 -2.827724868087699850e-01 -1.943698934341159257e-01
3.136041044573613590e+01 3.314723188506777385e-01 6.514132296176121384e-02 -2.534457763714202394e-01 -1.756036707589735957e-01
3.146041044573613732e+01 3.070504153958900084e-01 4.867554979435698842e-02 -2.349876998705823783e-01 -1.531452276291104531e-01
3.156041044573613874e+01 2.845905714332285230e-01 3.461363519079229539e-02 -2.157375256703678024e-01 -1.276485557182817088e-01
3.166041044573614016e+01 2.641755336209817839e-01 2.322053098125346007e-02 -1.886070664221735915e-01 -9.990995928977716711e-02
3.176041044573614158e+01 2.472381289450725494e-01 1.468048036953196675e-02 -1.479239675626651263e-01 -7.070327043179865101e-02
3.186041044573614300e+01 2.351579449187998216e-01 9.107711411614951430e-03 -9.565748180565475378e-02 -4.065468833082679784e-02
3.196041044573614442e+01 2.278278933291575381e-01 6.559268776358309280e-03 -4.328795794662605723e-02 -1.031805966663660798e-02
3.206041044573614585e+01 2.280480512096972334e-01 7.038600221793599870e-03 4.433741331530395569e-02 1.987541994383032126e-02
3.216041044573614727e+01 2.354538124053908443e-01 1.052607791379562945e-02 1.033639610391487718e-01 4.980338334596071115e-02
3.226041044573614869e+01 2.484473474522871095e-01 1.697821323163774265e-02 1.505333635497740907e-01 7.909620326766661491e-02
3.236041044573615011e+01 2.649722147961693919e-01 2.630524067002644462e-02 1.807745728175320643e-01 1.071805418159921669e-01
3.246041044573615153e+01 2.845155907154877650e-01 3.834965502412748112e-02 2.108746117109898954e-01 1.333262633839630007e-01
3.256041044573615295e+01 3.078644887129832752e-01 5.288456309755645152e-02 2.563740703513457397e-01 1.569080493645410024e-01
3.266041044573615437e+01 3.349991487012602964e-01 6.963281486571924750e-02 2.852902130830216043e-01 1.775288925264798534e-01
3.276041044573615579e+01 3.654730145325688628e-01 8.827821542492070295e-02 3.243643165789272254e-01 1.947988023357214160e-01
3.286041044573615721e+01 3.988794653664826662e-01 1.084737889085084367e-01 3.373184098566379130e-01 2.084952331854024732e-01
3.296041044573615864e+01 4.325420169854192198e-01 1.298457281388879503e-01 3.403481386782918894e-01 2.182465025706988027e-01
3.306041044573616006e+01 4.678086197626604159e-01 1.519808498481636794e-01 3.616702076253894838e-01 2.237481609990299436e-01
3.316041044573616148e+01 5.032999327691136671e-01 1.744535388274803256e-01 3.439320680323419421e-01 2.249783445576137852e-01
3.326041044573616290e+01 5.363833949046704630e-01 1.968256251998500295e-01 3.139598975703865036e-01 2.216851241353698376e-01
3.336041044573616432e+01 5.648634615396215253e-01 2.186288527522542990e-01 2.504343756019192790e-01 2.135293695152906124e-01
3.346041044573616574e+01 5.857396106783706591e-01 2.393508880822680374e-01 1.660137841848591811e-01 1.999526774370349869e-01
3.356041044573616716e+01 5.987123493716859368e-01 2.584184582057548196e-01 9.861618113042296130e-02 1.803661281268168770e-01
3.366041044573616858e+01 6.063397434213715353e-01 2.752189091718530434e-01 5.867733260362537062e-02 1.546443392554414098e-01
3.376041044573617000e+01 6.110813009493226700e-01 2.891595534512388377e-01 3.514346408348623108e-02 1.233059597745828906e-01
3.386041044573617143e+01 6.130593750414533583e-01 2.997244933046593340e-01 5.332887145337330409e-03 8.730158462538351039e-02
3.396041044573617285e+01 6.123021180999315138e-01 3.065011795434497976e-01 -2.056238162004738607e-02 4.774373865204373235e-02
3.406041044573617427e+01 6.094091259363031421e-01 3.091981691991608772e-01 -3.388910198358478787e-02 5.943859101261078637e-03
3.416041044573617569e+01 6.056402280025678930e-01 3.076671811138105284e-01 -4.174853140004353841e-02 -3.653677743498593561e-02
3.426041044573617711e+01 6.010402856533907379e-01 3.019240921182262394e-01 -5.401958517157945394e-02 -7.802076867615312383e-02
3.436041044573617853e+01 5.940065732551368383e-01 2.921475948305893300e-01 -8.363317564954406147e-02 -1.169826050102178161e-01
3.446041044573617995e+01 5.855777010411221672e-01 2.786546494735880342e-01 -8.586805805406234893e-02 -1.521194685100309418e-01
3.456041044573618137e+01 5.756323922296529005e-01 2.618966186303491872e-01 -1.136763096067753831e-01 -1.820933588428285399e-01
3.466041044573618279e+01 5.637592120002843377e-01 2.424393103580794739e-01 -1.218376448992869870e-01 -2.059622299279852409e-01
3.476041044573618422e+01 5.510271156138177862e-01 2.209358728938252692e-01 -1.332214123597906807e-01 -2.228936245396317961e-01
3.486041044573618564e+01 5.369265491047680028e-01 1.981103492456383341e-01 -1.507098299359018734e-01 -2.323452701757205419e-01
3.496041044573618706e+01 5.208968683580214032e-01 1.747211995416191044e-01 -1.699500463393564254e-01 -2.341759489498812519e-01
3.506041044573618848e+01 5.024366261559757296e-01 1.515218443661905667e-01 -1.983636323906574073e-01 -2.286236502643407276e-01
3.516041044573618990e+01 4.826735914218001078e-01 1.292231885242816625e-01 -1.922348155986087492e-01 -2.162582732430144983e-01
3.526041044573619132e+01 4.633066870660317860e-01 1.084803906804987228e-01 -1.974244087901587674e-01 -1.976063263539457326e-01
3.536041044573619274e+01 4.440859339238032444e-01 8.988457602002816738e-02 -1.835374936912933519e-01 -1.734689843855569402e-01
3.546041044573619416e+01 4.259207641505264874e-01 7.394042000893001620e-02 -1.845444834860995864e-01 -1.447340382793335378e-01
3.556041044573619558e+01 4.071068457945531405e-01 6.105082514604856514e-02 -1.889755011913923921e-01 -1.126124354999706867e-01
3.566041044573619700e+01 3.884393790193558793e-01 5.148394395588179462e-02 -1.860809458447746367e-01 -7.850940682847382113e-02
3.576041044573619843e+01 3.694591155465679067e-01 4.536751296238996506e-02 -1.917728279282992221e-01 -4.385611065400253639e-02
3.586041044573619985e+01 3.510317590490410478e-01 4.268108773808238637e-02 -1.729434648703600530e-01 -1.013675749019194577e-02
3.596041044573620127e+01 3.357822796344361316e-01 4.327036715064621480e-02 -1.248661424983522755e-01 2.150483916883653285e-02
3.606041044573620269e+01 3.267599763491690346e-01 4.689137661011433256e-02 -5.735777590299041828e-02 5.043941545807287957e-02
3.616041044573620411e+01 3.247063484267180278e-01 5.325931115235749830e-02 2.334805481242716030e-02 7.641647644908318437e-02
3.626041044573620553e+01 3.317059807964725660e-01 6.207857867108115130e-02 1.098357701450102253e-01 9.951766779543411157e-02
3.636041044573620695e+01 3.451881879822110144e-01 7.307438135272401047e-02 1.541862781964889462e-01 1.199477605808479952e-01
3.646041044573620837e+01 3.617669903535166154e-01 8.597256601135665199e-02 1.766440493837193038e-01 1.375041697575972999e-01
3.656041044573620979e+01 3.804322713034696823e-01 1.004664754452392894e-01 1.925202063186819967e-01 1.518015248262379879e-01
3.666041044573621122e+01 3.993544699033482193e-01 1.162107940320642324e-01 1.851623165643539182e-01 1.624287044187232576e-01
3.676041044573621264e+01 4.174505374968792148e-01 1.328125134489951675e-01 1.751597082285747675e-01 1.688704897338287325e-01
3.686041044573621406e+01 4.348783577257854804e-01 1.498317703553531666e-01 1.815728624932634594e-01 1.707328796256472880e-01
3.696041044573621548e+01 4.552960139950412710e-01 1.668079657434669016e-01 2.319532420115427707e-01 1.680896753084954454e-01
3.706041044573621690e+01 4.821361212187992851e-01 1.833267650028554685e-01 3.059083546323067004e-01 1.617756813697899532e-01
3.716041044573621832e+01 5.155802479836162355e-01 1.990834697955663757e-01 3.570990168121417896e-01 1.530627445562770805e-01
3.726041044573621974e+01 5.524004265401644131e-01 2.138963842178417396e-01 3.690090077439038274e-01 1.430470369069719305e-01
3.736041044573622116e+01 5.868596195069081256e-01 2.276678580232301963e-01 3.124984803940379363e-01 1.322457255303803869e-01
3.746041044573622258e+01 6.141569201327317096e-01 2.403095540291755317e-01 2.267913286009937690e-01 1.203560357357566363e-01
3.756041044573622401e+01 6.307095115467841184e-01 2.516771939370737177e-01 1.029755017610941015e-01 1.065912023846242451e-01
3.766041044573622543e+01 6.353492682113974777e-01 2.615273936481820050e-01 -1.001223260209817278e-02 8.982697783072261799e-02
3.776041044573622685e+01 6.282511587471630854e-01 2.695103765761187598e-01 -1.314011559383738148e-01 6.909494672058145992e-02
3.786041044573622827e+01 6.097952070181873463e-01 2.751860488401438043e-01 -2.337597146423975314e-01 4.357015077342032972e-02
3.796041044573622969e+01 5.824854532334839963e-01 2.780512155957213238e-01 -3.050384491056326586e-01 1.287109283035454271e-02
3.806041044573623111e+01 5.505240351346648575e-01 2.775972455652029880e-01 -3.260382542942346085e-01 -2.268687170260714342e-02
3.816041044573623253e+01 5.186091465314104365e-01 2.733911200472241010e-01 -3.052930795164517930e-01 -6.190208316717007303e-02
3.826041044573623395e+01 4.917604681160488989e-01 2.651608052822108097e-01 -2.179697702601039455e-01 -1.027619952035002393e-01
3.836041044573623537e+01 4.758230473043270625e-01 2.528820639524144154e-01 -1.086866128405397230e-01 -1.423132417507435576e-01
3.846041044573623680e+01 4.682185614183361766e-01 2.368473540707750624e-01 -4.915702009003473927e-02 -1.774199649452334326e-01
3.856041044573623822e+01 4.650343559724701148e-01 2.176253688024754884e-01 -1.740445087934875540e-02 -2.057304603229980766e-01
3.866041044573623964e+01 4.650626856448601965e-01 1.959842819057021623e-01 2.005995074581860826e-02 -2.255569762754512653e-01
3.876041044573624106e+01 4.685946229501343763e-01 1.728418776826328163e-01 4.669011065694222973e-02 -2.355671805911969952e-01
3.886041044573624248e+01 4.732029178293902238e-01 1.492245525036547393e-01 3.340342767965272935e-02 -2.349986940150302905e-01
3.896041044573624390e+01 4.725612893749038257e-01 1.261860005313377719e-01 -5.505859851868948746e-02 -2.241677176840973229e-01
3.906041044573624532e+01 4.611987340980655548e-01 1.046772805526077488e-01 -1.758883939932933127e-01 -2.047747035238769442e-01
3.916041044573624674e+01 4.371866343071508787e-01 8.543166894265986910e-02 -3.030338697555090555e-01 -1.793748269233310377e-01
3.926041044573624816e+01 4.009740737229350871e-01 6.890597699627815098e-02 -4.159601363653392392e-01 -1.508641427427745985e-01
3.936041044573624959e+01 3.561080848335413385e-01 5.526959932708689488e-02 -4.687107924665468439e-01 -1.220004712533398483e-01
3.946041044573625101e+01 3.098864231851123918e-01 4.445175761278385290e-02 -4.412065255370271055e-01 -9.472049635951743096e-02
3.956041044573625243e+01 2.698641336731298912e-01 3.624685373967027890e-02 -3.552422772823846664e-01 -6.976861045842550069e-02
3.966041044573625385e+01 2.401685401246698992e-01 3.042575113225814282e-02 -2.278585392806162790e-01 -4.696232216660750636e-02
3.976041044573625527e+01 2.253777309650447092e-01 2.681207611617310305e-02 -7.011264454436202942e-02 -2.540884550292476368e-02
3.986041044573625669e+01 2.253978281799103867e-01 2.534604069042857913e-02 6.714050170728941280e-02 -3.803909197302907802e-03
3.996041044573625811e+01 2.385684667023360295e-01 2.608931769409171195e-02 1.987180650089329925e-01 1.893749456201700154e-02
4.006041044573625953e+01 2.649700309271727505e-01 2.920329048938121244e-02 3.191796267886098382e-01 4.376535176761543744e-02
4.016041044573626095e+01 2.997232613148274050e-01 3.493246877600276329e-02 3.665737424196098826e-01 7.125365848972899097e-02
4.026041044573626237e+01 3.373514815494658703e-01 4.352900067174415161e-02 3.836203706348026432e-01 1.009754966173405377e-01
4.036041044573626380e+01 3.760956719588883779e-01 5.516911602208481730e-02 3.874221546125482529e-01 1.319366473353295599e-01
4.046041044573626522e+01 4.132547542629245174e-01 6.991476821663447638e-02 3.467023915560624725e-01 1.628276469971314533e-01
4.056041044573626664e+01 4.442964424352225938e-01 8.766977466065789537e-02 2.733090772101351984e-01 1.917595086327103238e-01
4.066041044573626806e+01 4.685046963839535339e-01 1.081271728738348314e-01 2.114525453673949951e-01 2.165202956649011912e-01
4.076041044573626948e+01 4.851527277888309508e-01 1.307680189208662858e-01 1.140078009160543221e-01 2.350936495990136599e-01
4.086041044573627090e+01 4.915628924004559197e-01 1.548684201757354051e-01 1.888284876834198101e-02 2.453586982578792319e-01
4.096041044573627232e+01 4.892292860077252503e-01 1.795023651482295091e-01 -6.314415379197213518e-02 2.455196055734594207e-01
4.106041044573627374e+01 4.798425862984707080e-01 2.035964510867990518e-01 -1.208997081224724574e-01 2.344328427376534407e-01
4.116041044573627516e+01 4.667450546962359503e-01 2.260020879742715705e-01 -1.243903114523811498e-01 2.117821564073582297e-01
4.126041044573627659e+01 4.578841405307392254e-01 2.455988622170494351e-01 -4.546157130319866679e-02 1.785671387254225140e-01
4.136041044573627801e+01 4.589412745269756400e-01 2.614461421906643102e-01 7.207806519599477268e-02 1.373009092308320467e-01
4.146041044573627943e+01 4.718892494462154641e-01 2.729037022767255571e-01 1.813802895256469427e-01 9.137467245526306736e-02
4.156041044573628085e+01 4.947163438849753181e-01 2.796831670737787712e-01 2.707262483989790192e-01 4.430637552133413065e-02
4.166041044573628227e+01 5.243482452439779395e-01 2.818349159483958810e-01 3.161021279696708541e-01 -6.908037911148232069e-04
4.176041044573628369e+01 5.573264117347435098e-01 2.797006955803187922e-01 3.374059135252140962e-01 -4.103209604905106583e-02
4.186041044573628511e+01 5.904269092509918382e-01 2.738498085380026148e-01 3.196452329348831722e-01 -7.476345781271329094e-02
4.196041044573628653e+01 6.196367029470644106e-01 2.650073340962363910e-01 2.533966301087779982e-01 -1.007493876760157114e-01
4.206041044573628795e+01 6.400218287772254655e-01 2.539632768270759788e-01 1.534405551198857742e-01 -1.188609041588027798e-01
4.216041044573628938e+01 6.492069767496829735e-01 2.414750540810141066e-01 2.162096419814490966e-02 -1.298026095334643415e-01
4.226041044573629080e+01 6.436205888237778172e-01 2.281939817856389330e-01 -1.320165622317671927e-01 -1.350253066887578957e-01
4.236041044573629222e+01 6.237382481910930254e-01 2.145954351632121948e-01 -2.573817999032816939e-01 -1.364767224948865154e-01
4.246041044573629364e+01 5.932060228208021480e-01 2.009661694747626182e-01 -3.554878410577587133e-01 -1.358910039108563450e-01
4.256041044573629506e+01 5.520562827672659267e-01 1.874350205324533669e-01 -4.647139361801506663e-01 -1.347807601046414061e-01
4.266041044573629648e+01 5.014468468637761633e-01 1.739751922435023024e-01 -5.420059186963559483e-01 -1.346968016936452017e-01
4.276041044573629790e+01 4.453803562817983952e-01 1.604241933234841766e-01 -5.652104264782144005e-01 -1.367286170712136428e-01
4.286041044573629932e+01 3.910074303776254201e-01 1.465514670742271153e-01 -5.150952335570084806e-01 -1.410604291965563695e-01
4.296041044573630074e+01 3.435739823150596450e-01 1.321638184577760555e-01 -4.231327260927277290e-01 -1.468209187995748732e-01
4.306041044573630217e+01 3.088134688190674604e-01 1.171933708313298017e-01 -2.640629686716430280e-01 -1.523638808457783433e-01
4.316041044573630359e+01 2.912416356750590629e-01 1.017805978543897261e-01 -8.878321137300052013e-02 -1.552174441651467673e-01
4.326041044573630501e+01 2.897190890687717513e-01 8.632643570272528766e-02 4.734174094064397265e-02 -1.528010525076905768e-01
4.336041044573630643e+01 2.993234316079929069e-01 7.145826091819920678e-02 1.434498547981816752e-01 -1.432771051105607985e-01
4.346041044573630785e+01 3.177659077981830338e-01 5.794188202149402889e-02 2.194601011424910930e-01 -1.256478027500495809e-01
4.356041044573630927e+01 3.431510954653918533e-01 4.661123155783727240e-02 2.916030005887725873e-01 -9.955459411287166660e-02
4.366041044573631069e+01 3.743465452322108922e-01 3.830988628896677545e-02 3.117325337770878169e-01 -6.513230802581729262e-02
4.376041044573631211e+01 4.029982366494047064e-01 3.382279194932232697e-02 2.623714045230960412e-01 -2.361331630086228178e-02
4.386041044573631353e+01 4.269831923138411867e-01 3.374477564423092324e-02 2.101921828958249194e-01 2.262680996931122623e-02
4.396041044573631495e+01 4.432192461000922790e-01 3.841316193853222538e-02 1.083300133655694941e-01 7.078804781186678885e-02
4.406041044573631638e+01 4.480453591582883033e-01 4.785092482538710890e-02 -1.022255848939362943e-02 1.173991664597147655e-01
4.416041044573631780e+01 4.425479884669792918e-01 6.172060643405881397e-02 -9.290164315149170016e-02 1.588654175972313842e-01
4.426041044573631922e+01 4.298949130031018417e-01 7.935313038538313601e-02 -1.577625823953959505e-01 1.922220112423074223e-01
4.436041044573632064e+01 4.124940926938037156e-01 9.981754658572447592e-02 -1.810831426807735234e-01 2.151913342569912180e-01
4.446041044573632206e+01 3.953559349211731022e-01 1.220014596663944878e-01 -1.512176710892933762e-01 2.265028921757482050e-01
4.456041044573632348e+01 3.845555097326283089e-01 1.447286039780982247e-01 -5.672706875281330330e-02 2.261782944904724146e-01
4.466041044573632490e+01 3.846945047373067084e-01 1.668933990690858460e-01 6.085240108009092042e-02 2.155660815351235493e-01
4.476041044573632632e+01 3.968366748992779858e-01 1.875699829961560983e-01 1.818930379172941092e-01 1.968121918212051846e-01
4.486041044573632774e+01 4.209520201969372821e-01 2.060690428733451540e-01 2.970545776800377902e-01 1.724607085634391745e-01
4.496041044573632917e+01 4.545761499255031035e-01 2.219638455922572917e-01 3.658185693858534981e-01 1.451409632704919461e-01
4.506041044573633059e+01 4.931633529706546115e-01 2.350707900759431701e-01 4.033269330200787706e-01 1.170161959071680385e-01
4.516041044573633201e+01 5.334277496349350001e-01 2.453972862168326829e-01 3.873625669431863261e-01 8.976931094822274138e-02
4.526041044573633343e+01 5.688279750269186197e-01 2.530845243175661174e-01 3.207802908705894018e-01 6.429154061867070613e-02
4.536041044573633485e+01 5.981172947598177858e-01 2.583209039208239077e-01 2.650724024221818853e-01 4.077775549409855260e-02
4.546041044573633627e+01 6.215237207586561397e-01 2.613107509725846600e-01 2.014009078506544814e-01 1.937632995948364301e-02
4.556041044573633769e+01 6.377444072993468938e-01 2.622657639656927331e-01 1.184764694132834084e-01 5.006041877159833620e-05
4.566041044573633911e+01 6.446364507774186015e-01 2.613772255026637903e-01 1.838358364299014225e-02 -1.759292291535710651e-02
4.576041044573634053e+01 6.416372515821705536e-01 2.587806019370843535e-01 -7.503191088095602368e-02 -3.423154865062616459e-02
4.586041044573634196e+01 6.298913464735160783e-01 2.545428891892108081e-01 -1.625472664952134494e-01 -5.050839975481521971e-02
4.596041044573634338e+01 6.090724609245140586e-01 2.486711242511923381e-01 -2.485492618484446969e-01 -6.701924866044350892e-02
4.606041044573634480e+01 5.813343388730475292e-01 2.411142545829197126e-01 -3.013941462115201642e-01 -8.425617245335553784e-02
4.616041044573634622e+01 5.505611715286848895e-01 2.317947840081317767e-01 -3.026371458854063556e-01 -1.022193981478330821e-01
4.626041044573634764e+01 5.221163903051528887e-01 2.206702487261127388e-01 -2.635347318159175778e-01 -1.201683511305926266e-01
4.636041044573634906e+01 4.984429329969360389e-01 2.078049320061896854e-01 -2.091664327122770839e-01 -1.367959623462658147e-01
4.646041044573635048e+01 4.799698398770935737e-01 1.934036406923806684e-01 -1.597598165802178449e-01 -1.506543194341257441e-01
4.656041044573635190e+01 4.670803972184569552e-01 1.778107260085173558e-01 -9.595505049181667079e-02 -1.604097243483249557e-01
4.666041044573635332e+01 4.609420962429225943e-01 1.615024308295952560e-01 -2.767359683714536167e-02 -1.647485072331189015e-01
4.676041044573635475e+01 4.604199545929596460e-01 1.450794447121548369e-01 7.823901127289784041e-03 -1.625605998476962188e-01
4.686041044573635617e+01 4.602871927513043082e-01 1.292210730855080925e-01 -2.331124461705816331e-02 -1.534914232017623725e-01
4.696041044573635759e+01 4.543784787547363591e-01 1.145834805115276134e-01 -8.977932497410387458e-02 -1.383796128263340419e-01
4.706041044573635901e+01 4.441345822968453261e-01 1.016968003971305268e-01 -1.122451162922987050e-01 -1.186992151338338436e-01
4.716041044573636043e+01 4.316126836452822690e-01 9.095491994309523598e-02 -1.397631631061171387e-01 -9.569040220071486913e-02
4.726041044573636185e+01 4.154336231293713766e-01 8.262375439645626429e-02 -1.871393904343173487e-01 -7.074415955150457902e-02
4.736041044573636327e+01 3.949189612015848727e-01 7.681427349279323913e-02 -2.184315659288413591e-01 -4.554176470532929344e-02
4.746041044573636469e+01 3.713402847388393990e-01 7.347203481003598824e-02 -2.533983145682222049e-01 -2.164515692629747148e-02
4.756041044573636611e+01 3.460571832190330599e-01 7.239362788678971317e-02 -2.428991499639611140e-01 -4.661619215226425750e-04
4.766041044573636754e+01 3.234316100016636497e-01 7.326189244854777738e-02 -2.040140091967762304e-01 1.721945086138558512e-02
4.776041044573636896e+01 3.072496168262972560e-01 7.571647111487973814e-02 -1.141297761273480232e-01 3.130767924047414552e-02
4.786041044573637038e+01 3.003594764312068066e-01 7.942443197144914702e-02 -2.427444328782960015e-02 4.242620966994905402e-02
4.796041044573637180e+01 3.031189809712491745e-01 8.413154212816405242e-02 8.343721943767469507e-02 5.145378349920644995e-02
4.806041044573637322e+01 3.172288040790909314e-01 8.968407873738377944e-02 1.983946136256208304e-01 5.955190618296790639e-02
4.816041044573637464e+01 3.430682505077360389e-01 9.605510258249769229e-02 3.193027292158870378e-01 6.804913142479507293e-02
4.826041044573637606e+01 3.798769656270057915e-01 1.033522443054889633e-01 4.045696568787637837e-01 7.827587801640396858e-02
4.836041044573637748e+01 4.220478159035794263e-01 1.117939655243631314e-01 4.352498101010627285e-01 9.098308490486985145e-02
4.846041044573637890e+01 4.668936763540013635e-01 1.216306224558771631e-01 4.602105432392487594e-01 1.061392172389630517e-01
4.856041044573638032e+01 5.119839212687669061e-01 1.330923261190226359e-01 4.226711596601608889e-01 1.233762130993739381e-01
4.866041044573638175e+01 5.486679857837243324e-01 1.463322129354299728e-01 3.078734461385027599e-01 1.413640819723262776e-01
4.876041044573638317e+01 5.732785728436693429e-01 1.613124816855551480e-01 1.784519443222334079e-01 1.577695936900290197e-01
4.886041044573638459e+01 5.833250761257149364e-01 1.777469256087178262e-01 2.280173559583120735e-02 1.699899672010823370e-01
4.896041044573638601e+01 5.789315360311538816e-01 1.950808965082867497e-01 -1.017742437424786206e-01 1.753484722144652286e-01
4.906041044573638743e+01 5.647645911542589214e-01 2.125208468545270457e-01 -1.743902860667356225e-01 1.718714754963995839e-01
4.916041044573638885e+01 5.456313064852195138e-01 2.291300279242113325e-01 -1.985498567560153860e-01 1.586758555044089913e-01
4.926041044573639027e+01 5.267746972452242993e-01 2.439389359108205813e-01 -1.692271582121566698e-01 1.360059542408824096e-01
4.936041044573639169e+01 5.147645281612275303e-01 2.560624745935243252e-01 -5.607658853856310743e-02 1.053284685223453143e-01
4.946041044573639311e+01 5.166681318302922543e-01 2.648332792922091228e-01 9.482887191357121381e-02 6.953273699535592045e-02
4.956041044573639454e+01 5.337468817842513369e-01 2.699206519765481871e-01 2.403217428714241044e-01 3.228848676852897476e-02
4.966041044573639596e+01 5.625058461266750909e-01 2.713628227106188451e-01 3.274473093451275019e-01 -2.835089957632097590e-03
4.976041044573639738e+01 5.980452057392704468e-01 2.695173423356473363e-01 3.725176851273613865e-01 -3.307103537429482987e-02
4.986041044573639880e+01 6.348269522556003741e-01 2.649747195054575899e-01 3.561367879078521370e-01 -5.656434535351835546e-02
4.996041044573640022e+01 6.677892937343345992e-01 2.584554132993764908e-01 2.949420282840730101e-01 -7.256138550759344552e-02
5.006041044573640164e+01 6.923245093822659735e-01 2.507055972533101529e-01 1.838587067908493133e-01 -8.129592248956481193e-02
5.016041044573640306e+01 7.014727852647997253e-01 2.423953416484821433e-01 -9.147919362682971345e-03 -8.410998458474031048e-02
5.026041044573640448e+01 6.909037854998125727e-01 2.339957659015466374e-01 -1.986279481601521124e-01 -8.355734586341972969e-02
5.036041044573640590e+01 6.622602135473253382e-01 2.257036675017741190e-01 -3.675615756249775989e-01 -8.240501173383087130e-02
5.046041044573640733e+01 6.194438975413006920e-01 2.174531694817261052e-01 -4.771543156379466355e-01 -8.306835971454705481e-02
5.056041044573640875e+01 5.695575889188891905e-01 2.089779082384495557e-01 -5.072268773800741037e-01 -8.705066711935093016e-02
5.066041044573641017e+01 5.201114263363658674e-01 1.999224905029918231e-01 -4.699374937747112790e-01 -9.461417709642061524e-02
5.076041044573641159e+01 4.781273007875949110e-01 1.899647231105947576e-01 -3.616801311071889957e-01 -1.048475719562358410e-01
5.086041044573641301e+01 4.486096336781971727e-01 1.789284742664454531e-01 -2.246574471874984991e-01 -1.158031629188864542e-01
5.096041044573641443e+01 4.332235274979300832e-01 1.668608471881305177e-01 -8.722986342129340764e-02 -1.250579994363197611e-01
5.106041044573641585e+01 4.308917929556411175e-01 1.540525285686351609e-01 3.972384310421284148e-02 -1.302521406311548391e-01
5.116041044573641727e+01 4.394601313506902307e-01 1.410129792804876436e-01 1.203271686773147026e-01 -1.294030934051121906e-01
5.126041044573641869e+01 4.535195874808020666e-01 1.284116764422395252e-01 1.513328011140751550e-01 -1.213912621129130537e-01
5.136041044573642012e+01 4.668289492273217656e-01 1.169756425709431169e-01 1.053320319520862913e-01 -1.062038785994953022e-01
5.146041044573642154e+01 4.746670013986754033e-01 1.073699267319111750e-01 5.374176576933756971e-02 -8.505198175185764431e-02
5.156041044573642296e+01 4.770542747476343437e-01 1.001087200475044986e-01 -1.086050924909528342e-02 -5.961061844993457981e-02
5.166041044573642438e+01 4.718906763419167816e-01 9.552379015328099632e-02 -9.145649827094709527e-02 -3.190116418821444672e-02
5.176041044573642580e+01 4.596375524558964920e-01 9.372783904057704896e-02 -1.510987069648917769e-01 -4.198871220246650632e-03
5.186041044573642722e+01 4.413360770694433333e-01 9.461462140812744448e-02 -2.149759811321004244e-01 2.141905510113253919e-02
5.196041044573642864e+01 4.174104798961459917e-01 9.787659561393230456e-02 -2.601443413970327967e-01 4.300227911095183542e-02
5.206041044573643006e+01 3.904777730199954777e-01 1.030284023812595012e-01 -2.643680765934641186e-01 5.901049783269385340e-02
5.216041044573643148e+01 3.678751548349379341e-01 1.094705847940866533e-01 -1.777124878305500200e-01 6.883177376003390968e-02
5.226041044573643291e+01 3.558728265684728553e-01 1.166135363596525476e-01 -5.599397480026858942e-02 7.323734681025749482e-02
5.236041044573643433e+01 3.579922220853418713e-01 1.239905852385100871e-01 1.001313803040281419e-01 7.384327680572222441e-02
5.246041044573643575e+01 3.757265560239265723e-01 1.313282188263371897e-01 2.554913213965210872e-01 7.283021790463958811e-02
5.256041044573643717e+01 4.092111280154701602e-01 1.385795463611866063e-01 4.101420194317874635e-01 7.250562499104629133e-02
5.266041044573643859e+01 4.563524990079909083e-01 1.459257163220511744e-01 5.268327656738074349e-01 7.504829400776272252e-02
5.276041044573644001e+01 5.131580666990049888e-01 1.537379093779521477e-01 5.957379912067798378e-01 8.202513337057543152e-02
5.286041044573644143e+01 5.720182604955409422e-01 1.624999377523871635e-01 5.676750150837261977e-01 9.402079280438267739e-02
5.296041044573644285e+01 6.252348207563023230e-01 1.726814605080605469e-01 4.902331372190533720e-01 1.101718699990592437e-01
5.306041044573644427e+01 6.678926346179498985e-01 1.846121431966717685e-01 3.517826770324515295e-01 1.286225921654320092e-01
5.316041044573644569e+01 6.950285739728496726e-01 1.983916017123017184e-01 1.956362800385708367e-01 1.466353435977351127e-01
5.326041044573644712e+01 7.073319113205298603e-01 2.138250617227617223e-01 4.536386981120982265e-02 1.612313311730373400e-01
5.336041044573644854e+01 7.032485905417140692e-01 2.304296092910633476e-01 -1.262128047774320749e-01 1.695760248697834038e-01
5.346041044573644996e+01 6.828161702694164337e-01 2.474390620628620918e-01 -2.763003915798225574e-01 1.689076381730793275e-01
5.356041044573645138e+01 6.500877131082279936e-01 2.638404957267471707e-01 -3.680476910538403867e-01 1.571655056741897982e-01
5.366041044573645280e+01 6.098373576717456279e-01 2.784735829192829804e-01 -4.346974007752708591e-01 1.334908913770039285e-01
5.376041044573645422e+01 5.655677059511549087e-01 2.901437097171793988e-01 -4.330816205016968512e-01 9.802006803835677795e-02
5.386041044573645564e+01 5.254500837934301671e-01 2.977346417808444112e-01 -3.635643913256445536e-01 5.230605705744449663e-02
5.396041044573645706e+01 4.945057682607377214e-01 3.003604291962037598e-01 -2.440839091471568578e-01 -7.075592629972385361e-04
5.406041044573645848e+01 4.787491533554990020e-01 2.974822908936108345e-01 -6.243875325724018710e-02 -5.701098241445706066e-02
5.416041044573645991e+01 4.829951690321129809e-01 2.890141295389850873e-01 1.469569204311945709e-01 -1.116257429213163010e-01
5.426041044573646133e+01 5.068793723896048986e-01 2.753890528592306541e-01 3.196048069343686571e-01 -1.593110374176831545e-01
5.436041044573646275e+01 5.444965496447105036e-01 2.575322596546021359e-01 4.212771745265146972e-01 -1.956362745728377761e-01
5.446041044573646417e+01 5.882377515830558012e-01 2.367405864444430685e-01 4.343942490952630853e-01 -2.176597678346395004e-01
5.456041044573646559e+01 6.280789154595380896e-01 2.145140518012300657e-01 3.526227131434117590e-01 -2.243390579040236144e-01
5.466041044573646701e+01 6.568431536771432988e-01 1.923561211020874406e-01 2.092708671165335321e-01 -2.165664424814124078e-01
5.476041044573646843e+01 6.677066755490957961e-01 1.716021107706380278e-01 2.320849970447791399e-03 -1.968022544227915060e-01
5.486041044573646985e+01 6.564622113133234960e-01 1.532694373626729278e-01 -2.309748442059979812e-01 -1.688493528075158401e-01
5.496041044573647127e+01 6.215529707958429295e-01 1.379541873042142153e-01 -4.627252026554181663e-01 -1.372427185694222451e-01
5.506041044573647270e+01 5.656035885377938000e-01 1.257878975124656629e-01 -6.426475453276822014e-01 -1.066005262663739378e-01
5.516041044573647412e+01 4.964303391870377169e-01 1.164735313935991029e-01 -7.230638037313136257e-01 -8.071938398603296927e-02
5.526041044573647554e+01 4.244966381002088784e-01 1.094098176714978360e-01 -7.003259667385496323e-01 -6.180481610054099073e-02
5.536041044573647696e+01 3.580978704955435910e-01 1.038626485997393573e-01 -6.223862965682821491e-01 -5.035318380189140325e-02
5.546041044573647838e+01 3.017871130809374192e-01 9.911176344174589536e-02 -4.937712888066070338e-01 -4.568831776430303665e-02
5.556041044573647980e+01 2.608246212111283158e-01 9.455366123314365434e-02 -3.176100759651740990e-01 -4.613455603402401989e-02
5.566041044573648122e+01 2.398104113042362762e-01 8.980019677950466794e-02 -1.008052403741209746e-01 -4.909443339469776735e-02
5.576041044573648264e+01 2.401285518416646503e-01 8.475736824211485554e-02 1.047866106126885688e-01 -5.138495266508810028e-02
5.586041044573648406e+01 2.596076877816737571e-01 7.964766572574209780e-02 2.719932385855770574e-01 -4.996363951580459067e-02
5.596041044573648549e+01 2.914974271897363134e-01 7.496527674535527486e-02 3.501990536104878649e-01 -4.257499596350886734e-02
5.606041044573648691e+01 3.264232358744976192e-01 7.135898355099477841e-02 3.370425445960165689e-01 -2.845201077537357071e-02
5.616041044573648833e+01 3.584787801527516415e-01 6.947628733766336717e-02 3.037932503063433543e-01 -8.300415171999576264e-03
5.626041044573648975e+01 3.860994201935551429e-01 6.985473454988092024e-02 2.427891677434194095e-01 1.650305361978832847e-02
5.636041044573649117e+01 4.056509524178170678e-01 7.286778921850588231e-02 1.356830639147432460e-01 4.400897022795177693e-02
5.646041044573649259e+01 4.116515754667393057e-01 7.865575542891234395e-02 -1.050058546589041630e-02 7.146988666016812486e-02
5.656041044573649401e+01 4.053514775368106671e-01 8.705492972205942925e-02 -1.112962121538522559e-01 9.575557374474914785e-02
5.666041044573649543e+01 3.907057686168632360e-01 9.761718682348627385e-02 -1.682963465330922226e-01 1.143777928968884722e-01
5.676041044573649685e+01 3.737225781542610759e-01 1.096888695674095304e-01 -1.684876060833976896e-01 1.257896579537730875e-01
5.686041044573649827e+01 3.574673053460660777e-01 1.225167248780282686e-01 -1.517300825117028629e-01 1.294674869877497081e-01
5.696041044573649970e+01 3.449167655173125402e-01 1.353284487166311612e-01 -8.907145355357717897e-02 1.255610265797899305e-01
5.706041044573650112e+01 3.413758331037995974e-01 1.474119323213723409e-01 2.320705284544016811e-02 1.151783957570824551e-01
5.716041044573650254e+01 3.503531010143596802e-01 1.582158962045730755e-01 1.589833796404898913e-01 1.003666328584277706e-01
5.726041044573650396e+01 3.728987586364128082e-01 1.674228261947451613e-01 2.896391135601125155e-01 8.368066161951215332e-02
5.736041044573650538e+01 4.077844916459372748e-01 1.749761234649782338e-01 3.987486655480357856e-01 6.770939251694213512e-02
5.746041044573650680e+01 4.498789992220273981e-01 1.810611531802756857e-01 4.353196219729224548e-01 5.458809094457997557e-02
5.756041044573650822e+01 4.942203095483371778e-01 1.860276348120493140e-01 4.426440826913394244e-01 4.546919583187028491e-02
5.766041044573650964e+01 5.360513225386464020e-01 1.903027508530850398e-01 3.885847818005633281e-01 4.074304573426879017e-02
5.776041044573651106e+01 5.717662518157511364e-01 1.943058693429282335e-01 3.240546449372743165e-01 3.989806498852886685e-02
5.786041044573651249e+01 6.004826628090067508e-01 1.983815488072984690e-01 2.464602584347294623e-01 4.201833599008643338e-02
5.796041044573651391e+01 6.190546554568533422e-01 2.027664470598873614e-01 1.143578548396025074e-01 4.581387614112433782e-02
5.806041044573651533e+01 6.228651592410524573e-01 2.075327831691047842e-01 -3.461406129468086457e-02 4.925765609797771311e-02
5.816041044573651675e+01 6.134842118495410501e-01 2.125311926671785145e-01 -1.413530488492100445e-01 5.012089486800738042e-02
5.826041044573651817e+01 5.969089211437420550e-01 2.174192393215371721e-01 -1.846925248523555441e-01 4.689065111664725283e-02
5.836041044573651959e+01 5.766701959970939040e-01 2.217540113566418281e-01 -2.198486797610109678e-01 3.900877238757997217e-02
5.846041044573652101e+01 5.535657199590768851e-01 2.250605339659925153e-01 -2.355119545785146762e-01 2.632939309993269014e-02
5.856041044573652243e+01 5.310439873527388333e-01 2.268710621985628173e-01 -2.090948189192607387e-01 9.212701154303112178e-03
5.866041044573652385e+01 5.133510987180924801e-01 2.267918010581014554e-01 -1.348343922992475408e-01 -1.121420680980503640e-02
5.876041044573652528e+01 5.038943066900215539e-01 2.245808498567442024e-01 -6.659326783288078977e-02 -3.306421002834353945e-02
5.886041044573652670e+01 4.990583041675843434e-01 2.201940764783769655e-01 -2.369978299811429517e-02 -5.447331586471843012e-02
5.896041044573652812e+01 4.994499535067357665e-01 2.137533576326473839e-01 2.405090939503130160e-02 -7.386681539387501827e-02
5.906041044573652954e+01 5.033088771529908856e-01 2.055370415110616689e-01 5.780826492662120147e-02 -8.978204829822124255e-02
5.916041044573653096e+01 5.111540618119430057e-01 1.959525626584593394e-01 9.221146915958339241e-02 -1.010342957493143984e-01
5.926041044573653238e+01 5.202976523444299284e-01 1.855162861754435233e-01 8.758655594796878330e-02 -1.067315090534536465e-01
5.936041044573653380e+01 5.286566857253520713e-01 1.747988912173053244e-01 7.833541119972581290e-02 -1.066580446002320937e-01
5.946041044573653522e+01 5.353412409007090034e-01 1.643716926502148956e-01 5.560019490689691035e-02 -1.009908690270243381e-01
5.956041044573653664e+01 5.405318658737656712e-01 1.547698919593442912e-01 4.706928065051980969e-02 -9.024493648378664745e-02
5.966041044573653807e+01 5.429562591385449499e-01 1.464700249911346508e-01 -7.524768021341492197e-03 -7.511244522839805038e-02
5.976041044573653949e+01 5.379977588923493537e-01 1.398471271529328208e-01 -9.563369976741586953e-02 -5.700666232431793323e-02
5.986041044573654091e+01 5.242439959693847573e-01 1.351010454914207681e-01 -1.692852089979886010e-01 -3.792509171426690362e-02
5.996041044573654233e+01 5.054734170607355637e-01 1.322333868992161543e-01 -2.070285431679481092e-01 -1.968596928075520142e-02
6.000000000000000000e+01 4.969776641758069657e-01 1.315876142544628591e-01 -2.213004488853488050e-01 -1.300175123013915489e-02
