time[s] x1[m] x2[m] x1_dot[m/s] x2_dot[m/s]
0.000000000000000000e+00 0.000000000000000000e+00 0.000000000000000000e+00 0.000000000000000000e+00 0.000000000000000000e+00
9.999999999999999124e-05 3.458393354935937344e-08 4.156355592022240553e-15 6.916615512304051701e-04 1.251073646109511786e-10
1.100000000000000066e-03 4.182580868321158512e-06 6.086561541507865709e-12 7.602613798423623476e-03 1.715399422269350564e-08
1.110000000000000049e-02 4.237443092792898824e-04 1.193146085935624976e-08 7.613164593445452544e-02 3.790654970783817927e-06
6.045246332035267289e-02 1.222499299556211068e-02 6.361054379452967561e-06 3.970006907330929646e-01 4.038939374975487255e-04
1.604524633203526784e-01 8.034559951330340344e-02 2.764307824576637466e-04 9.395337525250270216e-01 6.665323630797697838e-03
2.604524633203526562e-01 1.939589139105316051e-01 1.783923956884951026e-03 1.294742655541646359e+00 2.615486492870196938e-02
3.604524633203526340e-01 3.318231379463875141e-01 6.091461269585610183e-03 1.433090017630120672e+00 6.303557263475412231e-02
4.604524633203526118e-01 4.757797452855677678e-01 1.498925787628752927e-02 1.421204780593212647e+00 1.177689317347829223e-01
5.604524633203525896e-01 6.103389167329421605e-01 3.015726882361940975e-02 1.238579915073330540e+00 1.877576029399350976e-01
6.604524633203525674e-01 7.180232519547966596e-01 5.286339660269240986e-02 9.005078510529835878e-01 2.673327470209586054e-01
7.604524633203525452e-01 7.903499348390298218e-01 8.367432499794545675e-02 5.500365960034332424e-01 3.484194876841540944e-01
8.604524633203525230e-01 8.286541174861312697e-01 1.223149731245149197e-01 2.240334703904441338e-01 4.225536455481495590e-01
9.604524633203525008e-01 8.375000108852511671e-01 1.676935975772460286e-01 -3.680397847204952555e-02 4.819976419977274884e-01
1.060452463320352479e+00 8.241091365196481222e-01 2.180152756737499531e-01 -2.096063398831816138e-01 5.205346378623684211e-01
1.160452463320352567e+00 7.999294030315015069e-01 2.709673582583363438e-01 -2.532476317494066209e-01 5.341738106826161570e-01
1.260452463320352656e+00 7.782064870205646079e-01 3.239797934443466865e-01 -1.607888661974355426e-01 5.218105769736562927e-01
1.360452463320352745e+00 7.691464152849454283e-01 3.745209608922190347e-01 -2.035875369081793784e-02 4.852445390700579897e-01
1.460452463320352834e+00 7.747497994146372857e-01 4.203404087303863057e-01 1.338450477088137802e-01 4.280688762239126532e-01
1.560452463320352923e+00 7.951253207132140677e-01 4.596010114696175708e-01 2.693364363337479306e-01 3.548925975271026712e-01
1.660452463320353012e+00 8.279472426329554935e-01 4.909542461491633869e-01 3.815262909652783474e-01 2.707823764469171612e-01
1.760452463320353100e+00 8.701804394752369332e-01 5.135648227756648421e-01 4.585069441377103150e-01 1.808831127027866748e-01
1.860452463320353189e+00 9.185312900234915423e-01 5.271018649990779625e-01 5.006523620892304738e-01 9.009922204134380996e-02
1.960452463320353278e+00 9.684320457780934976e-01 5.317026314271408038e-01 4.856331405271888113e-01 2.822328786084155050e-03
2.060452463320353367e+00 1.013055066094749490e+00 5.278982028470369237e-01 3.954256370231559736e-01 -7.754552251554411302e-02
2.160452463320353456e+00 1.045582952715746972e+00 5.164943938105196475e-01 2.450710373170531808e-01 -1.489278203235504527e-01
2.260452463320353544e+00 1.060434126941764532e+00 4.984403873374176341e-01 4.808820918988382376e-02 -2.105149314096614599e-01
2.360452463320353633e+00 1.055057368661895367e+00 4.747111735516260089e-01 -1.548809123195871440e-01 -2.625247477432458010e-01
2.460452463320353722e+00 1.029743641159098111e+00 4.462303136708669071e-01 -3.491972493692329649e-01 -3.056969112588429627e-01
2.560452463320353811e+00 9.866951738878565470e-01 4.138342535006293565e-01 -4.966263933298262767e-01 -3.409843803707462428e-01
2.660452463320353900e+00 9.332861142745246807e-01 3.782762422592391149e-01 -5.658613637600360402e-01 -3.689576619358163057e-01
2.760452463320353989e+00 8.739448236673874604e-01 3.402894832557941118e-01 -6.150591022209912495e-01 -3.895325160119326169e-01
2.860452463320354077e+00 8.117369729961890767e-01 3.006227498686629973e-01 -6.246938251753813010e-01 -4.025066425757055644e-01
2.960452463320354166e+00 7.499333264385577014e-01 2.600542157198674209e-01 -6.036746468723459547e-01 -4.074963890907778996e-01
3.060452463320354255e+00 6.926186092611478218e-01 2.194074248446719611e-01 -5.364282455896526303e-01 -4.039563209759911011e-01
3.160452463320354344e+00 6.429997424669140482e-01 1.795734101024364648e-01 -4.593992958551006978e-01 -3.911109292538429982e-01
3.260452463320354433e+00 6.001122054827698893e-01 1.415133491502668373e-01 -3.970441858886107345e-01 -3.684443526666653090e-01
3.360452463320354521e+00 5.637437656499506566e-01 1.062111657985308766e-01 -3.349010532534466011e-01 -3.359907529386033653e-01
3.460452463320354610e+00 5.321662459888935048e-01 7.462439418293909110e-02 -2.962921924660880668e-01 -2.942876917444052220e-01
3.560452463320354699e+00 5.048602566202321507e-01 4.762354333623007585e-02 -2.519182715936890138e-01 -2.444933721058253073e-01
3.660452463320354788e+00 4.807730315962779888e-01 2.594523647354783982e-02 -2.325897194785498112e-01 -1.881374002179281579e-01
3.760452463320354877e+00 4.591715132701970070e-01 1.014671595294340187e-02 -1.909936222771395353e-01 -1.272555421820369681e-01
3.860452463320354966e+00 4.433684422685090221e-01 5.794271558448825521e-04 -1.280085236062137310e-01 -6.380795974301581297e-02
3.960452463320355054e+00 4.325864301709966275e-01 -2.590108374150118693e-03 -9.111775516381770412e-02 3.675279823166649473e-04
4.060452463320355143e+00 4.249564758126402886e-01 6.055937444639819707e-04 -5.913458980411838428e-02 6.312247532843180686e-02
4.160452463320354788e+00 4.215084437229434933e-01 9.915234313136055480e-03 -9.204504451386513741e-03 1.223182698695974568e-01
4.260452463320354433e+00 4.224444701513739853e-01 2.488986328374031762e-02 2.537843534263784645e-02 1.761300149835127726e-01
4.360452463320354077e+00 4.268960878577589546e-01 4.490384476428525840e-02 6.730711015385074103e-02 2.228351038357841429e-01
4.460452463320353722e+00 4.363947213727545349e-01 6.917472390906134749e-02 1.214897382243061014e-01 2.610936497874005724e-01
4.560452463320353367e+00 4.501635584030536652e-01 9.681175193108183807e-02 1.503547207676323993e-01 2.900256916651721695e-01
4.660452463320353012e+00 4.675736975500821013e-01 1.268443789198229199e-01 2.079494923205541523e-01 3.089244292059883934e-01
4.760452463320352656e+00 4.922373591479054511e-01 1.582627979300768595e-01 2.799123966558224597e-01 3.178276498853838672e-01
4.860452463320352301e+00 5.229077656956024889e-01 1.900976178989435550e-01 3.354325669096743789e-01 3.173670533111772052e-01
4.960452463320351946e+00 5.596028972300732818e-01 2.214526891238175199e-01 3.947766150496452298e-01 3.084164403447520741e-01
5.060452463320351590e+00 6.006282105760862855e-01 2.515374403885693444e-01 4.229677350711947836e-01 2.921546928519102582e-01
5.160452463320351235e+00 6.444498854475608773e-01 2.796781687903737157e-01 4.527034502132524785e-01 2.697417068727702150e-01
5.260452463320350880e+00 6.901181505465087129e-01 3.053251973346036152e-01 4.551356764345424466e-01 2.425023374636484930e-01
5.360452463320350525e+00 7.344573965780406555e-01 3.280575711469643774e-01 4.243434398219351200e-01 2.116215465820263097e-01
5.460452463320350169e+00 7.738585823486180404e-01 3.475565153562602538e-01 3.632200556072037179e-01 1.779391150668126476e-01
5.560452463320349814e+00 8.070194707060387440e-01 3.635712310567567052e-01 2.962818897904387905e-01 1.420333996871923632e-01
5.660452463320349459e+00 8.328031615208199012e-01 3.759068932792909989e-01 2.220560126921353739e-01 1.044368799093218919e-01
5.760452463320349104e+00 8.516566699637270199e-01 3.844200288928169007e-01 1.528119454929313670e-01 6.568733434022766549e-02
5.860452463320348748e+00 8.633189579096214317e-01 3.890265719692861390e-01 8.475871408946214491e-02 2.640480211867470700e-02
5.960452463320348393e+00 8.697928292776080372e-01 3.897069706924049526e-01 4.781760505686678125e-02 -1.268191681909642404e-02
6.060452463320348038e+00 8.724695039679722930e-01 3.865321215668320876e-01 3.089888621210623576e-03 -5.051877653130671525e-02
6.160452463320347682e+00 8.707950027056721165e-01 3.796774365527313400e-01 -3.496217133800692128e-02 -8.612618851277806242e-02
6.260452463320347327e+00 8.647016560127926965e-01 3.694116202208795330e-01 -8.943334047416350019e-02 -1.186075138727490513e-01
6.360452463320346972e+00 8.535518967036331839e-01 3.560812682747522828e-01 -1.343941178509718559e-01 -1.473245878393319719e-01
6.460452463320346617e+00 8.358920110786578483e-01 3.400880278531248635e-01 -2.255483774457677226e-01 -1.718364197513744807e-01
6.560452463320346261e+00 8.090746131601528335e-01 3.218476268838998955e-01 -3.073563639844523188e-01 -1.923347098877427330e-01
6.660452463320345906e+00 7.739520001795989756e-01 3.017428345174147930e-01 -3.953705680222144303e-01 -2.091932885483781812e-01
6.760452463320345551e+00 7.313391456246549627e-01 2.801134829063741116e-01 -4.485964712631295703e-01 -2.229008435219990425e-01
6.860452463320345196e+00 6.853333186263411703e-01 2.572608089735920478e-01 -4.668533576882230585e-01 -2.336529119720352765e-01
6.960452463320344840e+00 6.390967748564500006e-01 2.334876544643904039e-01 -4.518376318331374653e-01 -2.412502309276020884e-01
7.060452463320344485e+00 5.958970936587063560e-01 2.091335965448604950e-01 -4.110213215760697980e-01 -2.451546261142170668e-01
7.160452463320344130e+00 5.565059885829354291e-01 1.846035287739407893e-01 -3.770689811669855618e-01 -2.446666963886137414e-01
7.260452463320343774e+00 5.214936326385465337e-01 1.603638205071241385e-01 -3.176806275753646935e-01 -2.392636362960053886e-01
7.360452463320343419e+00 4.926246121431587244e-01 1.369342598152410995e-01 -2.652220458555910043e-01 -2.283702964880016673e-01
7.460452463320343064e+00 4.683453254722975689e-01 1.148830080027524181e-01 -2.181971545253135192e-01 -2.116882458848736159e-01
7.560452463320342709e+00 4.485349591946470871e-01 9.478842262641498650e-02 -1.807992941040690305e-01 -1.892667234998206272e-01
7.660452463320342353e+00 4.327841682870414708e-01 7.720863764598846768e-02 -1.318316711985561551e-01 -1.614743093845985578e-01
7.760452463320341998e+00 4.212141019011455545e-01 6.265536704198790274e-02 -1.029550476485535937e-01 -1.288487760969386220e-01
7.860452463320341643e+00 4.131640656193965033e-01 5.157021194846211215e-02 -5.440532107343352963e-02 -9.227412882198401944e-02
7.960452463320341288e+00 4.092334914302787063e-01 4.430187330244536592e-02 -3.134440532782703515e-02 -5.268084745307987510e-02
8.060452463320341820e+00 4.063133827256932840e-01 4.109085954932829160e-02 -2.794741788510942196e-02 -1.139295446993920935e-02
8.160452463320341465e+00 4.043737950193637132e-01 4.202445183256223876e-02 -2.223709842907165002e-03 2.994082655961145117e-02
8.260452463320341110e+00 4.062776714025618241e-01 4.703472732747055601e-02 3.314944679896703050e-02 6.995208319712581391e-02
8.360452463320340755e+00 4.101117586916782631e-01 5.593004745318206489e-02 4.466612103207064782e-02 1.074102028932350517e-01
8.460452463320340399e+00 4.151060014752079863e-01 6.838551630092019884e-02 5.310055212190972068e-02 1.409342571060286098e-01
8.560452463320340044e+00 4.211037116544746328e-01 8.394309348211041744e-02 7.131453686909054734e-02 1.692573708117423303e-01
8.660452463320339689e+00 4.301344742836636370e-01 1.020328680707511260e-01 1.132359376474164347e-01 1.914761574782934128e-01
8.760452463320339334e+00 4.442078107666192488e-01 1.220235517623540211e-01 1.672751241605684169e-01 2.072671579406804021e-01
8.860452463320338978e+00 4.634006690747087265e-01 1.432751393570640963e-01 2.170903553148820220e-01 2.167297607849426044e-01
8.960452463320338623e+00 4.876129078479550238e-01 1.651695041107434092e-01 2.669280823161868654e-01 2.202007309926264089e-01
9.060452463320338268e+00 5.165975560873466987e-01 1.871346873687744772e-01 3.074613835607576395e-01 2.182585159625457238e-01
9.160452463320337912e+00 5.473095915504271325e-01 2.086614033147822234e-01 2.993815699320442891e-01 2.115029453369189349e-01
9.260452463320337557e+00 5.755272713403417617e-01 2.292815846028593008e-01 2.609848104964184179e-01 2.001298775612565528e-01
9.360452463320337202e+00 5.994221065416310834e-01 2.485317295845964336e-01 2.202699657342455375e-01 1.840929758568734254e-01
9.460452463320336847e+00 6.197633813197956920e-01 2.659479936156069479e-01 1.850843331046644613e-01 1.634990809949763979e-01
9.560452463320336491e+00 6.369159665879409182e-01 2.810918375338544162e-01 1.626249240946591734e-01 1.387272850333798602e-01
9.660452463320336136e+00 6.526286605303667221e-01 2.935779882316423839e-01 1.526442700748305015e-01 1.105009514606428572e-01
9.760452463320335781e+00 6.678377163440012421e-01 3.031119269728109189e-01 1.502197857093507394e-01 7.988064670173312953e-02
9.860452463320335426e+00 6.820729124373354768e-01 3.095149714318505829e-01 1.361654801484828148e-01 4.807932305939069395e-02
9.960452463320335070e+00 6.958537642835691539e-01 3.127280794251000029e-01 1.377661280421789425e-01 1.629776595386676213e-02
1.006045246332033472e+01 7.081830318914030808e-01 3.128182058458416903e-01 1.031081284581378543e-01 -1.419630412843406880e-02
1.016045246332033436e+01 7.164211216884838196e-01 3.099595282576311228e-01 6.274986731526774331e-02 -4.257225953312492039e-02
1.026045246332033400e+01 7.200000135627937503e-01 3.043941545451114838e-01 2.274085585907290041e-03 -6.825128757692264236e-02
1.036045246332033365e+01 7.163442821507689517e-01 2.964063429731470523e-01 -7.479810467844033584e-02 -9.102936069831540911e-02
1.046045246332033329e+01 7.047053606173494522e-01 2.862800781494040936e-01 -1.592827963322088203e-01 -1.110625324104215217e-01
1.056045246332033294e+01 6.855139594474140008e-01 2.742740994406501209e-01 -2.171474590970993157e-01 -1.286757855997026634e-01
1.066045246332033258e+01 6.619751314410332599e-01 2.606218883467065206e-01 -2.492141003116251641e-01 -1.439737646337844179e-01
1.076045246332033223e+01 6.372135321981152734e-01 2.455635196105572793e-01 -2.422378321754503905e-01 -1.567277374443998561e-01
1.086045246332033187e+01 6.132074278552992475e-01 2.293802604597294237e-01 -2.385960167041822066e-01 -1.663736450415503054e-01
1.096045246332033152e+01 5.894374218750882966e-01 2.124082091475168466e-01 -2.386786804197713607e-01 -1.724425668534982359e-01
1.106045246332033116e+01 5.661747058930398646e-01 1.950200092155073284e-01 -2.187015879762177761e-01 -1.746582638483529792e-01
1.116045246332033081e+01 5.453102270742884450e-01 1.776168448839952618e-01 -2.086547688257114619e-01 -1.726781881411695585e-01
1.126045246332033045e+01 5.242842586714693276e-01 1.606263300281094153e-01 -2.039212637482185619e-01 -1.664459617937378011e-01
1.136045246332033010e+01 5.049025053405491459e-01 1.444636066560551491e-01 -1.881800768511765198e-01 -1.561367258395280899e-01
1.146045246332032974e+01 4.864109676775515978e-01 1.295272418969704020e-01 -1.793518131455005826e-01 -1.419876513321399192e-01
1.156045246332032939e+01 4.697816508896842103e-01 1.161793075054498026e-01 -1.467088292129660743e-01 -1.244354427761496379e-01
1.166045246332032903e+01 4.581280104821011667e-01 1.047450699259204754e-01 -8.740906878995134688e-02 -1.037254329900095667e-01
1.176045246332032868e+01 4.513307799691668731e-01 9.553670698909595693e-02 -5.159680442029095787e-02 -7.995920245942954308e-02
1.186045246332032832e+01 4.479855149096660383e-01 8.884024738191183268e-02 -1.313373866374615423e-02 -5.358315852752913028e-02
1.196045246332032796e+01 4.482035572949876756e-01 8.488795435339388518e-02 9.560611677365292438e-03 -2.518162329354681900e-02
1.206045246332032761e+01 4.488119812684071563e-01 8.384174779502098773e-02 2.957703613518552696e-03 4.338045977726377733e-03
1.216045246332032725e+01 4.486196598422877435e-01 8.574933113567577425e-02 -1.139338157832230601e-02 3.366796064357686913e-02
1.226045246332032690e+01 4.464330491516299015e-01 9.052072471257249786e-02 -2.771422500354757401e-02 6.136084370629820567e-02
1.236045246332032654e+01 4.431611304814356833e-01 9.792046011702015829e-02 -4.149724717046857081e-02 8.602709247924533731e-02
1.246045246332032619e+01 4.385165449335344245e-01 1.075840045672132317e-01 -4.282297095646863533e-02 1.064417496798934770e-01
1.256045246332032583e+01 4.358569678254280433e-01 1.190387363595520887e-01 -1.048286028709418533e-02 1.217785277565398006e-01
1.266045246332032548e+01 4.356696608667309234e-01 1.317622436880628300e-01 5.531162539729534561e-03 1.317882183346533731e-01
1.276045246332032512e+01 4.383378527593861929e-01 1.452146194449591421e-01 5.797319193216281252e-02 1.363734905985953816e-01
1.286045246332032477e+01 4.478572794641820232e-01 1.588741009905705603e-01 1.301875508782890656e-01 1.360880502748391674e-01
1.296045246332032441e+01 4.643813462358599153e-01 1.723045156926951427e-01 2.002631835993813059e-01 1.319773150917331606e-01
1.306045246332032406e+01 4.871387674207913188e-01 1.851808516598288379e-01 2.500011631781767218e-01 1.251974252696385626e-01
1.316045246332032370e+01 5.132884909265821305e-01 1.972884664330019355e-01 2.659261303484745098e-01 1.167383808789720367e-01
1.326045246332032335e+01 5.398274093224731951e-01 2.084926460434192996e-01 2.675701619673133691e-01 1.071979728807772314e-01
1.336045246332032299e+01 5.660867119192349861e-01 2.187063083617281078e-01 2.470987090105832285e-01 9.699463056621841772e-02
1.346045246332032264e+01 5.882093694097765280e-01 2.278735834794353432e-01 1.944076537823453132e-01 8.623828344265385693e-02
1.356045246332032228e+01 6.036295703366230114e-01 2.359250908261088520e-01 1.066776498586882449e-01 7.459683894798259385e-02
1.366045246332032193e+01 6.101957939202643511e-01 2.427395553659691951e-01 3.312119719686587582e-02 6.136646477535557392e-02
1.376045246332032157e+01 6.112106246836449541e-01 2.481286262817383459e-01 -7.620903142989125800e-03 4.605933583739623555e-02
1.386045246332032121e+01 6.101605141231914997e-01 2.518846804924099736e-01 -9.626755455460973485e-03 2.877439809375220356e-02
1.396045246332032086e+01 6.094862444171038618e-01 2.538392991047673797e-01 -9.698057280845828743e-04 1.016783851338923239e-02
1.406045246332032050e+01 6.102184989233078172e-01 2.539048108401105175e-01 1.207216859079525764e-02 -8.837967272768715993e-03
1.416045246332032015e+01 6.110129996210931225e-01 2.520902132796604134e-01 -5.729803572509534898e-04 -2.730209666914024808e-02
1.426045246332031979e+01 6.088431124085925683e-01 2.484820563804091553e-01 -4.786072906114336584e-02 -4.465609307823856233e-02
1.436045246332031944e+01 6.015461257781045123e-01 2.431990523903730939e-01 -9.453049857127540645e-02 -6.080779230999731888e-02
1.446045246332031908e+01 5.904839020685080930e-01 2.363611425817628564e-01 -1.244166731644728852e-01 -7.573433263408932414e-02
1.456045246332031873e+01 5.768795413289470320e-01 2.280992908177211231e-01 -1.485963269508844831e-01 -8.924672904291672260e-02
1.466045246332031837e+01 5.606588012151760836e-01 2.185658756613336751e-01 -1.749676141170088961e-01 -1.011403471194275566e-01
1.476045246332031802e+01 5.420532441034113802e-01 2.079294887871078745e-01 -1.965786650962424442e-01 -1.112860219595250277e-01
1.486045246332031766e+01 5.215338871614190186e-01 1.963707331752864438e-01 -2.111482344111617893e-01 -1.195694089733830845e-01
1.496045246332031731e+01 5.011472582086795580e-01 1.840833405399901201e-01 -1.883897619458740347e-01 -1.258042505858704974e-01
1.506045246332031695e+01 4.841042200487305491e-01 1.712968577057863151e-01 -1.575952786088914703e-01 -1.294309170076639870e-01
1.516045246332031660e+01 4.694538016790903989e-01 1.583034369795902341e-01 -1.301789385221908679e-01 -1.298750352457892498e-01
1.526045246332031624e+01 4.587410668021538740e-01 1.454427685345159593e-01 -8.484528112489707341e-02 -1.266875073047875888e-01
1.536045246332031589e+01 4.521665827960579254e-01 1.331032907333400683e-01 -4.837596894321054969e-02 -1.193894992978982578e-01
1.546045246332031553e+01 4.486176646226456843e-01 1.217091290878767051e-01 -2.491243408162494011e-02 -1.077763222261597237e-01
1.556045246332031518e+01 4.464098488198967596e-01 1.116866467466602897e-01 -2.448158420838130248e-02 -9.202165357348622565e-02
1.566045246332031482e+01 4.434290602712248619e-01 1.034213323751160263e-01 -3.261700690333352304e-02 -7.277959207654988161e-02
1.576045246332031446e+01 4.398317961539572885e-01 9.721633756833199247e-02 -4.217245900967550587e-02 -5.097416917183782148e-02
1.586045246332031411e+01 4.354123504005283918e-01 9.327698345165832960e-02 -3.923383587972260889e-02 -2.764945537749688778e-02
1.596045246332031375e+01 4.327806183142563490e-01 9.170613771447092000e-02 -1.382914355758187858e-02 -3.724207094986244776e-03
1.606045246332031340e+01 4.323944303242006626e-01 9.252963000662593751e-02 4.986856982942888122e-03 2.012230117472220067e-02
1.616045246332031482e+01 4.338261012740102229e-01 9.570376860170264066e-02 2.623073974480210832e-02 4.316609601448113953e-02
1.626045246332031624e+01 4.379640921417556898e-01 1.011142952578912291e-01 5.529499566744229544e-02 6.475981373293873689e-02
1.636045246332031766e+01 4.449658001506662797e-01 1.085906039406218521e-01 8.926183170104702580e-02 8.440410550530441647e-02
1.646045246332031908e+01 4.563747009227844820e-01 1.179195676249810976e-01 1.358279629108891662e-01 1.017925333243612507e-01
1.656045246332032050e+01 4.711640872296718463e-01 1.288702230164508189e-01 1.576260710997444692e-01 1.168039433209959038e-01
1.666045246332032193e+01 4.880006944901340016e-01 1.411917072071029455e-01 1.814438531135672550e-01 1.291614961854252730e-01
1.676045246332032335e+01 5.079142523201242154e-01 1.546085693348780710e-01 2.159681150390836968e-01 1.387107016365427270e-01
1.686045246332032477e+01 5.300657309115384130e-01 1.688418050209039012e-01 2.216870533310728864e-01 1.454859853238207046e-01
1.696045246332032619e+01 5.522056683719588355e-01 1.836078022182792424e-01 2.216585426504470990e-01 1.493262698662504717e-01
1.706045246332032761e+01 5.736365905107778662e-01 1.986030361876210404e-01 2.033873768239390367e-01 1.500387404649468071e-01
1.716045246332032903e+01 5.932263472556086326e-01 2.135027017849568942e-01 1.913060009428095010e-01 1.473760669214436714e-01
1.726045246332033045e+01 6.118672554292257093e-01 2.279631594124716665e-01 1.817646454911350240e-01 1.412647108604023760e-01
1.736045246332033187e+01 6.301113864786728191e-01 2.416453211404790691e-01 1.854611977218757757e-01 1.318563924841997803e-01
1.746045246332033329e+01 6.494317628279976384e-01 2.542393230246275948e-01 2.045825146086801272e-01 1.196054288671057064e-01
1.756045246332033472e+01 6.709580127457019927e-01 2.654977297006991810e-01 2.200058018336039090e-01 1.052954411745224694e-01
1.766045246332033614e+01 6.927001461663908621e-01 2.752565529396784894e-01 2.152220725637037646e-01 8.972147420519084593e-02
1.776045246332033756e+01 7.133924304341452416e-01 2.834198591376222987e-01 1.915309373351896383e-01 7.347409274669197687e-02
1.786045246332033898e+01 7.303512553715093558e-01 2.899402303270578463e-01 1.490573456360355653e-01 5.688438217909686651e-02
1.796045246332034040e+01 7.435163390387379279e-01 2.947891905953363700e-01 1.160847270370917589e-01 4.007289004826301848e-02
1.806045246332034182e+01 7.536341600951836917e-01 2.979550935181509153e-01 7.984454704799651137e-02 2.327007183375514460e-02
1.816045246332034324e+01 7.576445003958309776e-01 2.994474775382534593e-01 -1.259332162605736327e-03 6.568895319352011791e-03
1.826045246332034466e+01 7.546245349660986035e-01 2.992601385951957904e-01 -5.571966615572441356e-02 -1.037588568477123413e-02
1.836045246332034608e+01 7.460698553576798897e-01 2.973596767744003944e-01 -1.148885546069223496e-01 -2.770571326714366470e-02
1.846045246332034750e+01 7.325409040254140525e-01 2.937035785778112640e-01 -1.533118150732568352e-01 -4.548433273932479814e-02
1.856045246332034893e+01 7.156059706302443368e-01 2.882533200296640841e-01 -1.817005719424556742e-01 -6.354447315835055898e-02
1.866045246332035035e+01 6.969723140865249356e-01 2.809976825251959132e-01 -1.887788862634930398e-01 -8.150361382883747341e-02
1.876045246332035177e+01 6.785797119692379420e-01 2.719776276366085432e-01 -1.758097523988381705e-01 -9.870224942468948381e-02
1.886045246332035319e+01 6.613203314546861611e-01 2.613117497841301318e-01 -1.726233945042783269e-01 -1.142750125889096663e-01
1.896045246332035461e+01 6.446622244538655622e-01 2.492014848266922711e-01 -1.579537250842933671e-01 -1.274758770847563005e-01
1.906045246332035603e+01 6.285633452961399970e-01 2.359193718329826162e-01 -1.706667296812760248e-01 -1.376147851335823846e-01
1.916045246332035745e+01 6.107178208749745041e-01 2.217902781729393369e-01 -1.832799373499734430e-01 -1.444020683414725115e-01
1.926045246332035887e+01 5.916969512863018421e-01 2.071536152113974960e-01 -1.987605443382828574e-01 -1.477581899945175359e-01
1.936045246332036029e+01 5.709613218451619066e-01 1.923505713839564757e-01 -2.156138960569794483e-01 -1.477608391114865194e-01
1.946045246332036172e+01 5.492044622525488196e-01 1.777055820704859512e-01 -2.133231093227475061e-01 -1.446343944316806074e-01
1.956045246332036314e+01 5.290755664378984369e-01 1.635248575305912611e-01 -1.882547152421077397e-01 -1.384664484841648946e-01
1.966045246332036456e+01 5.117467891694337245e-01 1.501164657257850754e-01 -1.590580204936062336e-01 -1.291748828692494411e-01
1.976045246332036598e+01 4.967629174778442902e-01 1.377942003692033124e-01 -1.405473140909700436e-01 -1.167652537155103309e-01
1.986045246332036740e+01 4.841674983265313315e-01 1.268600131577266865e-01 -1.099399003057012769e-01 -1.014538085676669060e-01
1.996045246332036882e+01 4.750490015047302839e-01 1.175929569799973456e-01 -7.022011526203675302e-02 -8.345680721574696981e-02
2.006045246332037024e+01 4.695407411108898366e-01 1.102513109017655979e-01 -4.697409454492514069e-02 -6.299250077179695262e-02
2.016045246332037166e+01 4.654609472327817521e-01 1.050594221433269887e-01 -2.988687885130909133e-02 -4.058372754145426337e-02
2.026045246332037308e+01 4.638266673335915136e-01 1.021766300586131188e-01 -3.942130156894572274e-03 -1.691171392768196780e-02
2.036045246332037451e+01 4.649074893249516283e-01 1.016983978667246602e-01 2.601837981198675334e-02 7.402662920899607396e-03
2.046045246332037593e+01 4.688625514923289717e-01 1.036582241758518541e-01 5.604788067078290970e-02 3.174643153981333149e-02
2.056045246332037735e+01 4.768857338569554294e-01 1.080301366345417097e-01 1.019764379230273521e-01 5.557519420528864856e-02
2.066045246332037877e+01 4.882390393912663940e-01 1.147426328447658378e-01 1.242407742221595113e-01 7.847164337037217108e-02
2.076045246332038019e+01 5.017607671993450369e-01 1.236733030663948463e-01 1.434570747698484250e-01 9.983574140935694285e-02
2.086045246332038161e+01 5.171436901569703704e-01 1.346377741712611320e-01 1.734246518487979616e-01 1.190467492750093281e-01
2.096045246332038303e+01 5.383899136297332078e-01 1.474002721207894884e-01 2.533037096338033867e-01 1.358170622140213446e-01
2.106045246332038445e+01 5.663851930709681293e-01 1.617311891920226175e-01 2.970824356347002149e-01 1.504693301777464964e-01
2.116045246332038587e+01 5.967049574888223518e-01 1.774245992255901183e-01 3.060692568678181069e-01 1.630232296290325122e-01
2.126045246332038730e+01 6.267993272906520197e-01 1.942529130763483991e-01 2.934241920404244142e-01 1.730812860984561330e-01
2.136045246332038872e+01 6.553639369540651405e-01 2.119384139774136977e-01 2.744850802978378579e-01 1.800697217145945939e-01
2.146045246332039014e+01 6.800572417705396111e-01 2.301438611767088471e-01 2.129630163390767994e-01 1.833492943431616895e-01
2.156045246332039156e+01 6.975181853867515880e-01 2.484518994489276766e-01 1.332642644897481521e-01 1.819381598819645451e-01
2.166045246332039298e+01 7.062751007805887493e-01 2.663384308045914084e-01 4.666445292297764780e-02 1.747372069199266964e-01
2.176045246332039440e+01 7.085190609431085695e-01 2.831770754908330412e-01 1.620461556881759579e-03 1.609012627167138998e-01
2.186045246332039582e+01 7.063186011715514301e-01 2.982929251432573925e-01 -4.441106112183371840e-02 1.402976576301973310e-01
2.196045246332039724e+01 7.010731296347065822e-01 3.110196166178528787e-01 -5.233349933428050466e-02 1.132147080983857551e-01
2.206045246332039866e+01 6.963394031063931955e-01 3.207530836652427997e-01 -4.394070189734399640e-02 8.066222772416722919e-02
2.216045246332040008e+01 6.925601573242545772e-01 3.270192376282758384e-01 -2.640902470144842334e-02 4.413544028885344611e-02
2.226045246332040151e+01 6.916848105157390458e-01 3.295079533338634015e-01 8.263601367191085456e-03 5.453916662397216564e-03
2.236045246332040293e+01 6.939507371532300795e-01 3.281083760753216172e-01 3.470774472158486001e-02 -3.328043085509564680e-02
2.246045246332040435e+01 6.975174727446160627e-01 3.229165255037663163e-01 3.195724943024128711e-02 -7.009357217441043730e-02
2.256045246332040577e+01 7.007543333451501377e-01 3.142057529405132277e-01 3.735477653483838811e-02 -1.034219556474803570e-01
2.266045246332040719e+01 7.046680013132309295e-01 3.023970348351819326e-01 3.524136894440511869e-02 -1.318157255237646930e-01
2.276045246332040861e+01 7.070379078364168457e-01 2.880456789497202186e-01 7.890863622948721817e-03 -1.541366728970674227e-01
2.286045246332041003e+01 7.045288138864032046e-01 2.717894452766120850e-01 -6.613072825569447921e-02 -1.698996884836181387e-01
2.296045246332041145e+01 6.941971928051786644e-01 2.542728838112505718e-01 -1.296530003401132336e-01 -1.794501094342699776e-01
2.306045246332041287e+01 6.803841292247285732e-01 2.360907458621864796e-01 -1.437364749918297879e-01 -1.832441333941440542e-01
2.316045246332041430e+01 6.658249107148785928e-01 2.178127377670438791e-01 -1.430739899029220830e-01 -1.813800532301989565e-01
2.326045246332041572e+01 6.525804339941433385e-01 2.000015387486811791e-01 -1.197968790794935040e-01 -1.739080867688149179e-01
2.336045246332041714e+01 6.427929883288096002e-01 1.832186134026450031e-01 -6.761397270820693195e-02 -1.608052307837748440e-01
2.346045246332041856e+01 6.397389936569015667e-01 1.680348476731887419e-01 1.035990223250501940e-03 -1.418710317089321715e-01
2.356045246332041998e+01 6.414284503514888769e-01 1.550428469559174405e-01 2.729808333245778776e-02 -1.170144073937040285e-01
2.366045246332042140e+01 6.439417890053210636e-01 1.448077754172086562e-01 1.390093678868759702e-02 -8.690940993013895888e-02
2.376045246332042282e+01 6.431192563957760511e-01 1.377871756614545418e-01 -2.877748754204333820e-02 -5.303844118204543295e-02
2.386045246332042424e+01 6.389714492032835258e-01 1.342594463340842370e-01 -5.162837445003576331e-02 -1.737814624888854576e-02
2.396045246332042566e+01 6.331367375460593694e-01 1.343094208101786313e-01 -6.360026787056298481e-02 1.822307843891349255e-02
2.406045246332042709e+01 6.262184041262113254e-01 1.378458761428027479e-01 -7.537056886579848736e-02 5.208040187525959236e-02
2.416045246332042851e+01 6.183817304506047385e-01 1.446144262370583355e-01 -7.908964721460037817e-02 8.261482922204146928e-02
2.426045246332042993e+01 6.103981473248989431e-01 1.542129938811490908e-01 -8.153740910397905273e-02 1.084798073934517548e-01
2.436045246332043135e+01 6.021532654976172738e-01 1.661172928988300657e-01 -8.277937466563445312e-02 1.285612905449664556e-01
2.446045246332043277e+01 5.938125063249983793e-01 1.797034611825995831e-01 -8.310145082849006160e-02 1.419979317222842263e-01
2.456045246332043419e+01 5.863360459131802260e-01 1.942771145647334552e-01 -6.006004199841874502e-02 1.482637464376813929e-01
2.466045246332043561e+01 5.829222881921749533e-01 2.091197586377336604e-01 -5.337010536740224853e-03 1.474618527086020425e-01
2.476045246332043703e+01 5.855692000065255698e-01 2.235603966806683218e-01 6.146105204037163872e-02 1.404008478044161956e-01
2.486045246332043845e+01 5.960767267582000040e-01 2.370340952430239623e-01 1.500042783232986565e-01 1.283844295979716388e-01
2.496045246332043988e+01 6.150216798741292568e-01 2.491301972607069537e-01 2.245485137881499393e-01 1.131518553105945318e-01
2.506045246332044130e+01 6.399784198385120026e-01 2.596143445958412066e-01 2.688043316155527829e-01 9.640360378026219257e-02
2.516045246332044272e+01 6.681828054366937275e-01 2.684057290734934709e-01 2.945807849782512422e-01 7.949177833007385618e-02
2.526045246332044414e+01 6.978181037790351926e-01 2.755432280606671114e-01 2.875466019397957540e-01 6.347826877279252877e-02
2.536045246332044556e+01 7.241345936798457839e-01 2.811499654113563396e-01 2.361800631471623890e-01 4.889852032886178590e-02
2.546045246332044698e+01 7.447999954212473073e-01 2.853679504342479523e-01 1.759400919844481825e-01 3.566357508247224722e-02
2.556045246332044840e+01 7.591321300315312381e-01 2.883171845878719219e-01 1.082548998274609903e-01 2.345928545603546619e-02
2.566045246332044982e+01 7.658151339731942286e-01 2.900781761692169947e-01 2.430661739564814183e-02 1.179595704265121343e-02
2.576045246332045124e+01 7.639693568830745463e-01 2.906710983392754022e-01 -6.265378329773246824e-02 -2.593985936858583807e-05
2.586045246332045267e+01 7.533607649035616305e-01 2.900423382441367770e-01 -1.458265962752095524e-01 -1.276483328567478565e-02
2.596045246332045409e+01 7.355445178563164710e-01 2.880659988921950299e-01 -2.052296456134160008e-01 -2.705478140003107768e-02
2.606045246332045551e+01 7.149265067269402474e-01 2.845727613321594740e-01 -1.909465856101293102e-01 -4.306249008380731713e-02
2.616045246332045693e+01 6.985117979461270554e-01 2.794240539847596683e-01 -1.394125265936608238e-01 -5.993716749173802483e-02
2.626045246332045835e+01 6.871362654491124378e-01 2.726039356992424056e-01 -8.872086048906793754e-02 -7.625244414457027498e-02
2.636045246332045977e+01 6.793311508136905541e-01 2.642379912845047585e-01 -7.285897663928185553e-02 -9.065858356836611898e-02
2.646045246332046119e+01 6.734096563223115339e-01 2.545662503056113080e-01 -3.904492392374953741e-02 -1.022341748948417534e-01
2.656045246332046261e+01 6.717671396171572828e-01 2.439172704121033708e-01 6.024512279604279930e-03 -1.100288221296768926e-01
2.666045246332046403e+01 6.740160868449308618e-01 2.327187060672546437e-01 2.798614795941579969e-02 -1.130925753088877911e-01
2.676045246332046545e+01 6.751470346938701628e-01 2.214695026190696137e-01 -8.384330700879773224e-03 -1.110724078383869967e-01
2.686045246332046688e+01 6.721194602455302647e-01 2.106558046092082415e-01 -5.728232992011207669e-02 -1.045145202549484925e-01
2.696045246332046830e+01 6.635258656737765826e-01 2.006847272974204843e-01 -1.065640260315703636e-01 -9.441932965431065750e-02
2.706045246332046972e+01 6.518107841085588605e-01 1.918534116113715937e-01 -1.323662795915610813e-01 -8.187022550177291969e-02
2.716045246332047114e+01 6.360000405042222082e-01 1.843599540389886937e-01 -1.826418722829538932e-01 -6.785968835801492460e-02
2.726045246332047256e+01 6.163397458218500269e-01 1.782885418716587400e-01 -2.051750174825059947e-01 -5.362212281223570354e-02
2.736045246332047398e+01 5.958927521928308879e-01 1.736118675270185430e-01 -1.991983114209727734e-01 -4.008031280273129798e-02
2.746045246332047540e+01 5.771736131519985546e-01 1.702328421468730646e-01 -1.738733214450316200e-01 -2.771646942612633266e-02
2.756045246332047682e+01 5.613115306502111101e-01 1.680235154641259998e-01 -1.407168848975172137e-01 -1.669938645592184898e-02
2.766045246332047824e+01 5.496053311611394099e-01 1.668490314464204372e-01 -9.304141847740307614e-02 -6.990243255975648815e-03
2.776045246332047967e+01 5.426549741633504009e-01 1.665903994622756068e-01 -4.378019095059131061e-02 1.667883383917554210e-03
2.786045246332048109e+01 5.409295917213841065e-01 1.671595445567237159e-01 3.096716740178397098e-03 9.635687791341702654e-03
2.796045246332048251e+01 5.414970152247735591e-01 1.685039348617519417e-01 2.801677702969209999e-03 1.717049355453254683e-02
2.806045246332048393e+01 5.414140387072193805e-01 1.705703758985769591e-01 -1.736373865849937578e-03 2.400780945823350471e-02
2.816045246332048535e+01 5.421085318007815568e-01 1.732713892530854949e-01 2.076582612098613195e-02 2.983711595017110932e-02
2.826045246332048677e+01 5.459150862755330902e-01 1.765061941065882434e-01 5.438704949785706094e-02 3.472410902331505428e-02
2.836045246332048819e+01 5.529020515043948647e-01 1.801937034987454722e-01 8.485756778188519034e-02 3.893577146056628746e-02
2.846045246332048961e+01 5.623493352589082894e-01 1.842792118628630849e-01 9.996010193943691280e-02 4.271586829896349691e-02
2.856045246332049103e+01 5.723094612654791025e-01 1.887244631840314102e-01 9.753063489312321921e-02 4.611588042640654000e-02
2.866045246332049246e+01 5.813339858096777668e-01 1.934839325678385236e-01 7.918739204715855018e-02 4.895535337856164737e-02
2.876045246332049388e+01 5.879941201731760936e-01 1.984842709012728523e-01 5.836794625728616848e-02 5.085665642803566949e-02
2.886045246332049530e+01 5.937551234617934881e-01 2.036123753979798834e-01 5.488300457916769903e-02 5.148324018545782227e-02
2.896045246332049672e+01 5.981077523889793968e-01 2.087340381489653229e-01 3.049471355820789278e-02 5.069293778632893294e-02
2.906045246332049814e+01 5.998104990384551805e-01 2.136941186362741329e-01 2.665807699280285659e-03 4.819908204301841248e-02
2.916045246332049956e+01 5.989962005280603519e-01 2.183073949263082958e-01 -1.379833672448077878e-02 4.371957475229622248e-02
2.926045246332050098e+01 5.975785486983971051e-01 2.223704446213258523e-01 -1.507915619138413231e-02 3.722232146535922603e-02
2.936045246332050240e+01 5.964357422522048591e-01 2.256928776449674545e-01 -2.352892915880049410e-03 2.896527642900716126e-02
2.946045246332050382e+01 5.974792553586545374e-01 2.281226042356872541e-01 2.005596307078266749e-02 1.948773825714295374e-02
2.956045246332050525e+01 5.996264154012813652e-01 2.295726417921054308e-01 1.949153345515271599e-02 9.465843484071607278e-03
2.966045246332050667e+01 6.009345814048067114e-01 2.300118897797757134e-01 6.354207494800461625e-03 -6.784971437504231512e-04
2.976045246332050809e+01 6.009274970597292542e-01 2.294413842414299853e-01 -8.636111454752862238e-03 -1.068949267654553843e-02
2.986045246332050951e+01 5.984455615020033425e-01 2.278843952542107254e-01 -4.239918061982647646e-02 -2.039967124402109269e-02
2.996045246332051093e+01 5.931946183136060924e-01 2.253704206723001480e-01 -5.698088998753764872e-02 -2.982977333261302086e-02
3.006045246332051235e+01 5.873775009729776952e-01 2.219335472891411642e-01 -6.121555565235191343e-02 -3.880326792996104113e-02
3.016045246332051377e+01 5.812335740157905661e-01 2.176353207030168879e-01 -5.441072678419496544e-02 -4.700623247059147053e-02
3.026045246332051519e+01 5.779749245544617553e-01 2.125741295546763610e-01 -8.987984574931780213e-03 -5.393518926087196436e-02
3.036045246332051661e+01 5.788922178217296155e-01 2.069201415600253335e-01 2.454866802925653735e-02 -5.871942409133692337e-02
3.046045246332051804e+01 5.821325500859952928e-01 2.009247034611249538e-01 3.321047270083133524e-02 -6.068485147514336014e-02
3.056045246332051946e+01 5.843684311327639325e-01 1.948836010489195247e-01 9.375541103717965896e-03 -5.965812560641507029e-02
3.066045246332052088e+01 5.835378651145738393e-01 1.890807300279291336e-01 -2.746203460754676612e-02 -5.601213003278529556e-02
3.076045246332052230e+01 5.803108816919050339e-01 1.837473731152157175e-01 -2.625427207823671089e-02 -5.036161993067067577e-02
3.086045246332052372e+01 5.779144886573185369e-01 1.790660749266082263e-01 -3.122859034035183057e-02 -4.299057576745209802e-02
3.096045246332052514e+01 5.743194018938228007e-01 1.751944001762317238e-01 -3.283483901577931990e-02 -3.426188922282067534e-02
3.106045246332052656e+01 5.708766920212248186e-01 1.722452164584740708e-01 -4.318572914663333651e-02 -2.459728125579948438e-02
3.116045246332052798e+01 5.657964944402807950e-01 1.702882661456860403e-01 -5.650993381027154261e-02 -1.453084561334312338e-02
3.126045246332052940e+01 5.588922724428206923e-01 1.693308421545819953e-01 -8.214170559206750155e-02 -4.720706766378857805e-03
3.136045246332053082e+01 5.502845126793832753e-01 1.693113383220175017e-01 -8.875689976070488818e-02 4.120697820356868796e-03
3.146045246332053225e+01 5.407606217600179344e-01 1.701054244326146159e-01 -1.006706775990014596e-01 1.147153533183488221e-02
3.156045246332053367e+01 5.304760105154359140e-01 1.715408137116472831e-01 -1.054027304938576770e-01 1.688479227861016535e-02
3.166045246332053509e+01 5.201458747677538685e-01 1.734078671708164099e-01 -9.665579079555011721e-02 2.007280294840660395e-02
3.176045246332053651e+01 5.115962068629247295e-01 1.754808439103242579e-01 -7.200756145220135740e-02 2.103434510025548390e-02
3.186045246332053793e+01 5.062737756128320443e-01 1.775512799465364111e-01 -3.656441669398389355e-02 2.010249769169348416e-02
3.196045246332053935e+01 5.039665996943353266e-01 1.794553847850300365e-01 -2.894509620492868862e-03 1.778998161046433171e-02
3.206045246332053722e+01 5.069186832196753700e-01 1.810847519706806352e-01 5.748408927111629124e-02 1.475977762202812169e-02
3.216045246332053864e+01 5.141085504562489250e-01 1.824137737265308645e-01 8.514618275942750780e-02 1.190316010921651201e-02
3.226045246332054006e+01 5.235377560855284385e-01 1.834899024590389005e-01 9.733181518538579213e-02 9.774935923621570072e-03
3.236045246332054148e+01 5.329784773706820467e-01 1.844016040099865361e-01 9.214299900311059832e-02 8.622695127533046289e-03
3.246045246332054290e+01 5.418835984506631398e-01 1.852466324182619750e-01 8.676697426753963993e-02 8.433482121558517550e-03
3.256045246332054433e+01 5.510094141399615175e-01 1.861189623654925795e-01 9.601559864047466697e-02 9.172638694822848882e-03
3.266045246332054575e+01 5.604195562719800350e-01 1.871139303757236860e-01 9.183753987768544791e-02 1.088380479533637701e-02
3.276045246332054717e+01 5.700111923947631665e-01 1.883252495310498431e-01 1.007819395893588543e-01 1.348884933933554992e-02
3.286045246332054859e+01 5.798329609040425714e-01 1.898406434001793652e-01 9.097290532598330259e-02 1.694972488295741833e-02
3.296045246332055001e+01 5.881427797022773518e-01 1.917347773887238538e-01 8.072863995844596630e-02 2.099723512512875409e-02
3.306045246332055143e+01 5.969999591355331647e-01 1.940502950475542498e-01 9.445936731429031841e-02 2.536446129115566342e-02
3.316045246332055285e+01 6.058602480975723292e-01 1.968163161752185253e-01 8.049967893080742232e-02 2.997375710845109203e-02
3.326045246332055427e+01 6.132210216177823581e-01 2.000415381836311013e-01 6.478070147450287752e-02 3.447968173587964008e-02
3.336045246332055569e+01 6.180040045374151081e-01 2.036938279244271399e-01 2.776829626778010846e-02 3.842160826265921675e-02
3.346045246332055711e+01 6.184252904178029198e-01 2.076842255577278085e-01 -1.884889893753086132e-02 4.111135473088182307e-02
3.356045246332055854e+01 6.150605604977131824e-01 2.118492540764720378e-01 -4.303097957906393961e-02 4.181064908299395727e-02
3.366045246332055996e+01 6.106605552232468037e-01 2.159672220501431539e-01 -4.087011502635748417e-02 4.015109617300987449e-02
3.376045246332056138e+01 6.073434319012296356e-01 2.198038937815175731e-01 -2.720111658445673042e-02 3.623367873305970155e-02
3.386045246332056280e+01 6.047807482841306426e-01 2.231497591012373827e-01 -2.397240179872994759e-02 3.038686569792172290e-02
3.396045246332056422e+01 6.025466167479562873e-01 2.258273019625329503e-01 -2.147999834898011925e-02 2.292326108207120086e-02
3.406045246332056564e+01 6.007821963387124375e-01 2.276924580503770223e-01 -1.132195698302463499e-02 1.420739632785006194e-02
3.416045246332056706e+01 6.002655146521591600e-01 2.286438454589445335e-01 3.434906425094207821e-04 4.743989764087326935e-03
3.426045246332056848e+01 6.007671278007125082e-01 2.286353574225963581e-01 6.085967453309670469e-03 -4.897440192211870852e-03
3.436045246332056990e+01 6.007723590654264756e-01 2.276738853870135804e-01 -2.716495866949272114e-03 -1.426318841464457171e-02
3.445239238315279096e+01 6.013094658790865132e-01 2.259858153388279722e-01 1.441662084434803051e-02 -2.233374123321763688e-02
3.455239238315279238e+01 6.026534330399614392e-01 2.233570414713842434e-01 1.096056985057500613e-02 -3.002150022654810971e-02
3.465239238315279380e+01 6.043416427903774979e-01 2.200302028262672016e-01 2.546532552571026398e-02 -3.623798431308083989e-02
3.475239238315279522e+01 6.075524675037703437e-01 2.161729510719101188e-01 3.800691048178980042e-02 -4.055512352807222332e-02
3.485239238315279664e+01 6.117515918350530102e-01 2.119947627289471559e-01 4.383326789225096276e-02 -4.261057076692691820e-02
3.495239238315279806e+01 6.161974425822822621e-01 2.077319761190277170e-01 4.488058591765742983e-02 -4.223693679377650556e-02
3.505239238315279948e+01 6.201656573899454461e-01 2.036278462337364481e-01 3.347693413928935074e-02 -3.946077098766740537e-02
3.515239238315280090e+01 6.238890952510094401e-01 1.999121876233042605e-01 4.497415251817309112e-02 -3.450201225985906339e-02
3.525239238315280232e+01 6.283947757150513125e-01 1.967968202800838562e-01 4.064044699725141707e-02 -2.747676132087761847e-02
3.535239238315280375e+01 6.324225573189744543e-01 1.944751093584844992e-01 4.240802170030376350e-02 -1.869915345798533676e-02
3.545239238315280517e+01 6.361216079663215561e-01 1.931026642535443039e-01 2.575337258840649027e-02 -8.565040805294984669e-03
3.555239238315280659e+01 6.372126247666658472e-01 1.927855099535096817e-01 -2.465503701770236505e-03 2.265878263877346005e-03
3.565239238315280801e+01 6.358081915923256000e-01 1.935508412938748146e-01 -2.737483187217433847e-02 1.294911909467892294e-02
3.575239238315280943e+01 6.312177870345063724e-01 1.953425504846312000e-01 -6.392327492046674664e-02 2.264285046749820937e-02
3.585239238315281085e+01 6.237857886659540219e-01 1.980165674729583436e-01 -8.133278052469361530e-02 3.046504928244452709e-02
3.595239238315281227e+01 6.156357954414367617e-01 2.013534502776854751e-01 -7.588888279898980960e-02 3.583724379495871470e-02
3.605239238315281369e+01 6.092615731073024454e-01 2.050975178886857153e-01 -5.339760424312163523e-02 3.862710082793244931e-02
3.615239238315281511e+01 6.051027449193453478e-01 2.089989334561326295e-01 -2.390021303863856805e-02 3.902497242995443122e-02
3.625239238315281654e+01 6.049002370313578680e-01 2.128369680451015489e-01 1.447632873331893694e-02 3.746440716414324579e-02
3.635239238315281796e+01 6.067309838867711580e-01 2.164454305568963566e-01 1.780941815218566385e-02 3.449635757036623174e-02
3.645239238315281938e+01 6.079621491002779043e-01 2.196959743902753004e-01 7.218880994212665755e-03 3.031514121657725297e-02
3.655239238315282080e+01 6.084670452447333844e-01 2.224697359148508635e-01 1.335399575453454120e-03 2.497787809578095805e-02
3.665239238315282222e+01 6.076806507512626521e-01 2.246566581976158217e-01 -1.665609747475579189e-02 1.858744205220222781e-02
3.675239238315282364e+01 6.054683150441115824e-01 2.261535012180435622e-01 -2.760305623859898166e-02 1.119152443708838068e-02
3.685239238315282506e+01 6.026955491108495488e-01 2.268665037911191951e-01 -2.006663544971095531e-02 2.951318900428413772e-03
3.695239238315282648e+01 6.029568047016755639e-01 2.267318488125819875e-01 2.988363067765621717e-02 -5.624430643095739563e-03
3.705239238315282790e+01 6.093525039080274208e-01 2.257656185823245232e-01 9.884272682718964198e-02 -1.347146000057250666e-02
3.715239238315282932e+01 6.218606373542880927e-01 2.241045865910663015e-01 1.452496819553909246e-01 -1.932317827291212334e-02
3.725239238315283075e+01 6.373702227099996565e-01 2.219982082353564035e-01 1.568603020909868362e-01 -2.227699406268176044e-02
3.735239238315283217e+01 6.511145443475369055e-01 2.197544185393173477e-01 1.114139730827049257e-01 -2.210880677023323998e-02
3.745239238315283359e+01 6.592868040211901093e-01 2.176604979588802613e-01 4.858503711434333794e-02 -1.942776871631180305e-02
3.755239238315283501e+01 6.597949430710382535e-01 2.159176769781411265e-01 -3.879055964683776614e-02 -1.529953311903820522e-02
3.765239238315283643e+01 6.524062130406573790e-01 2.146030589411930534e-01 -1.065998468995062315e-01 -1.108473143937843512e-02
3.775239238315283785e+01 6.382756011877103175e-01 2.136636462350419430e-01 -1.754179538773823488e-01 -7.984251739251799901e-03
3.785239238315283927e+01 6.180352440550106463e-01 2.129325252224959497e-01 -2.256291200350199755e-01 -7.080697710395084284e-03
3.795239238315284069e+01 5.939184225154476859e-01 2.121486392461163772e-01 -2.510905694527035825e-01 -9.127911403600861770e-03
3.805239238315284211e+01 5.691481531259808824e-01 2.109996871700272614e-01 -2.383026357545191543e-01 -1.436910709968719675e-02
3.815239238315284354e+01 5.471072206595108955e-01 2.091812440970835796e-01 -1.985880301562200634e-01 -2.240131808744402764e-02
3.825239238315284496e+01 5.309641451257253175e-01 2.064573293202510984e-01 -1.138752621265451126e-01 -3.227096865106060530e-02
3.835239238315284638e+01 5.248759481729331489e-01 2.027196990523084941e-01 -1.605697860685874334e-02 -4.235429351865296205e-02
3.845239238315284780e+01 5.257908687306267481e-01 1.980380501787269709e-01 2.821475609022854047e-02 -5.091999925479437361e-02
3.855239238315284922e+01 5.296772367790480995e-01 1.926210612591119919e-01 4.723883072551211121e-02 -5.693997278213491081e-02
3.865239238315285064e+01 5.356913016676068118e-01 1.867538492818438811e-01 7.676979446587459122e-02 -5.984334895306961388e-02
3.875239238315285206e+01 5.449907752026930119e-01 1.807740552674840795e-01 1.071029954854056387e-01 -5.910305505335056858e-02
3.885239238315285348e+01 5.564515123556231790e-01 1.750678808694897670e-01 1.139196209772175006e-01 -5.433895030809746118e-02
3.895239238315285490e+01 5.656762329084483731e-01 1.700354816317871665e-01 6.379909915855985769e-02 -4.573405541977564742e-02
3.905239238315285633e+01 5.686409780401419090e-01 1.660146619492365860e-01 -6.386930474051380480e-03 -3.433333428475099369e-02
3.915239238315285775e+01 5.643649743613765590e-01 1.632125940767152061e-01 -7.757470041535163841e-02 -2.162175964634333730e-02
3.925239238315285917e+01 5.533829703239665498e-01 1.616820365356378131e-01 -1.390544685852882767e-01 -9.154494841895437912e-03
3.935239238315286059e+01 5.380107340384343573e-01 1.613274874514714352e-01 -1.595630462441708364e-01 1.710240576811865656e-03
3.945239238315286201e+01 5.231345125587405498e-01 1.619454313616348617e-01 -1.291738502199758776e-01 1.024239686262435473e-02
3.955239238315286343e+01 5.131745532904882223e-01 1.633002337285661687e-01 -7.099092730906697568e-02 1.651963479412556571e-02
3.965239238315286485e+01 5.090511970442044287e-01 1.651922603187223892e-01 -6.444886506791480674e-03 2.108875989779256457e-02
3.975239238315286627e+01 5.122180545949690522e-01 1.674861941599348480e-01 6.512373158694041708e-02 2.470965176315282480e-02
3.985239238315286769e+01 5.209168079560918541e-01 1.701304364311934658e-01 1.043297793324103745e-01 2.820173545997104597e-02
3.995239238315286912e+01 5.327113384172833532e-01 1.731370657154896742e-01 1.338649415540400234e-01 3.200430803850971145e-02
4.005239238315287054e+01 5.479532360976370198e-01 1.765514429782139016e-01 1.652350824797658435e-01 3.641359830121721625e-02
4.015239238315287196e+01 5.639336177974316744e-01 1.804466579201510490e-01 1.489503318312654367e-01 4.160171928036290878e-02
4.025239238315287338e+01 5.776891943779862704e-01 1.848846091500865874e-01 1.284383533448956727e-01 4.717381647058818683e-02
4.035239238315287480e+01 5.902087101649653444e-01 1.898771008052972109e-01 1.232488576707135991e-01 5.262456221575399079e-02
4.045239238315287622e+01 6.017739718428570805e-01 1.953941410985627070e-01 1.032955770986913602e-01 5.760574540599609772e-02
4.055239238315287764e+01 6.103756466196310626e-01 2.013660602043264580e-01 6.995580374709281513e-02 6.161604030492746215e-02
4.065239238315287906e+01 6.166128299764076504e-01 2.076646841582560354e-01 5.720722021378710914e-02 6.406050128760447382e-02
4.075239238315288048e+01 6.207076291519041389e-01 2.141143828123996951e-01 1.664839865225550830e-02 6.457734766787202874e-02
4.085239238315288191e+01 6.198174544636696481e-01 2.204967044329015635e-01 -3.123949517394935399e-02 6.259333923872047178e-02
4.095239238315288333e+01 6.143861197686341091e-01 2.265293816926430559e-01 -7.819040607047710034e-02 5.750177670416549425e-02
4.105239238315288475e+01 6.044383415587520902e-01 2.318784348381214278e-01 -1.202886582786199809e-01 4.886050133078248536e-02
4.115239238315288617e+01 5.910883346647090031e-01 2.361751606154896821e-01 -1.352796981515714814e-01 3.644650071477154030e-02
4.125239238315288759e+01 5.795641175138255274e-01 2.390537838161492512e-01 -9.102951783462828739e-02 2.064968503160236057e-02
4.135239238315288901e+01 5.734564176637905186e-01 2.402339202306061905e-01 -2.792934548340987588e-02 2.728936034350711026e-03
4.145239238315289043e+01 5.734515158648947342e-01 2.395834148319974932e-01 2.190494226297837882e-02 -1.568378308039403493e-02
4.155239238315289185e+01 5.774252340139114370e-01 2.371309109256229397e-01 5.586268817086006977e-02 -3.309062855356972865e-02
4.165239238315289327e+01 5.836065752198462686e-01 2.330389937932816902e-01 6.500577319522851671e-02 -4.830421545391619387e-02
4.175239238315289469e+01 5.906721986460963247e-01 2.275705058450741558e-01 7.589618422854702007e-02 -6.050490855221013486e-02
4.185239238315289612e+01 5.984175040341236373e-01 2.210600349909186968e-01 7.914515829941871916e-02 -6.905553359797950153e-02
4.195239238315289754e+01 6.060834132122652207e-01 2.138948532748805864e-01 6.848649060302224034e-02 -7.355458262392161606e-02
4.205239238315289896e+01 6.118055410350794476e-01 2.064853377080791974e-01 4.883137684767127618e-02 -7.397659867403191813e-02
4.215239238315290038e+01 6.155425067867684730e-01 1.992267239696508541e-01 1.999556116413149856e-02 -7.059358326312806242e-02
4.225239238315290180e+01 6.152692555901648763e-01 1.924745012544386014e-01 -2.423315120627619543e-02 -6.398573330100273959e-02
4.235239238315290322e+01 6.113325305071346527e-01 1.865075773563316108e-01 -4.915724079973439464e-02 -5.503208319313704355e-02
4.245239238315290464e+01 6.059788240234242895e-01 1.815217178587306968e-01 -6.245211891707636714e-02 -4.446484086647577855e-02
4.255239238315290606e+01 5.974594085293559731e-01 1.776449751958955603e-01 -1.105255046340650193e-01 -3.300771493783228455e-02
4.265239238315290748e+01 5.840322869701671804e-01 1.749123528651646275e-01 -1.575835241703897605e-01 -2.178245731544082436e-02
4.275239238315290891e+01 5.664540310008635560e-01 1.732423614804215473e-01 -1.864058916778604247e-01 -1.193122253620319123e-02
4.285239238315291033e+01 5.482795401223191645e-01 1.724536756816008320e-01 -1.742715823283162713e-01 -4.228452517388775651e-03
4.295239238315291175e+01 5.318530612395537815e-01 1.723184387573592491e-01 -1.489460157648573591e-01 1.134572904170948540e-03
4.305239238315291317e+01 5.201568095809583347e-01 1.726087851114170291e-01 -7.905300474180712578e-02 4.370673598866361281e-03
4.315239238315291459e+01 5.163044588244197763e-01 1.731492291438361808e-01 6.459606572322695861e-04 6.311520990823767802e-03
4.325239238315291601e+01 5.193353905087919609e-01 1.738625761976026196e-01 5.194151160463225669e-02 7.983477289460369844e-03
4.335239238315291743e+01 5.258522083826079330e-01 1.747593806481288758e-01 8.045719485334895671e-02 1.004741901511390853e-02
4.345239238315291885e+01 5.357407102219304829e-01 1.758973282919752135e-01 1.161727958559630597e-01 1.287274945072537299e-02
4.355239238315292027e+01 5.497080265252881626e-01 1.773726325904443624e-01 1.703577234780956906e-01 1.686718214737479432e-02
4.365239238315292170e+01 5.693185558119486789e-01 1.793294556545342311e-01 2.075129002020780489e-01 2.261112534027949136e-02
4.375239238315292312e+01 5.893293336105942526e-01 1.819613433393194313e-01 1.951522509610065237e-01 3.032144084587963528e-02
4.385239238315292454e+01 6.090144532887324935e-01 1.854455274732017267e-01 1.943906312771415124e-01 3.959178455359468191e-02
4.395239238315292596e+01 6.266768106744609046e-01 1.899158814587986743e-01 1.527355009258613006e-01 4.992372404606336411e-02
4.405239238315292738e+01 6.387911954694783789e-01 1.954319872110826806e-01 8.870271293631733223e-02 6.029623522536993463e-02
4.415239238315292880e+01 6.450975095441533469e-01 2.019325059339759088e-01 4.100775166499165403e-02 6.940164179445787451e-02
4.425239238315293022e+01 6.467283688994331925e-01 2.092332325106750213e-01 -1.087077661556931640e-02 7.613327466442053326e-02
4.435239238315293164e+01 6.433191121057177941e-01 2.170462419598345738e-01 -5.323514162327372401e-02 7.948833244628253358e-02
4.445239238315293306e+01 6.367188108099316457e-01 2.249932832280675810e-01 -7.400800815304474367e-02 7.872965805975103148e-02
4.455239238315293449e+01 6.298360498751990333e-01 2.326467943312303666e-01 -5.913401033783909078e-02 7.363474432585268015e-02
4.465239238315293591e+01 6.250351159294612602e-01 2.395886912275055902e-01 -3.753548530793117399e-02 6.460077993575016886e-02
4.475239238315293733e+01 6.222748282687766697e-01 2.454586148774156040e-01 -1.754195942927855995e-02 5.232078276092427122e-02
4.485239238315293875e+01 6.217075493274887288e-01 2.499718168705604704e-01 6.100304422351106315e-03 3.761584719847552161e-02
4.495239238315294017e+01 6.227270402405732375e-01 2.529321032394050150e-01 9.443896025980957204e-03 2.141126621448859874e-02
4.505239238315294159e+01 6.236244730413016413e-01 2.542292967200142639e-01 1.208627929849584101e-02 4.465723633010957455e-03
4.515239238315294301e+01 6.248386431769936689e-01 2.538254735015461616e-01 4.910633459238021928e-03 -1.247836020762137926e-02
4.525239238315294443e+01 6.239381589901996650e-01 2.517534725715767641e-01 -1.788994522410519705e-02 -2.883615784848736138e-02
4.535239238315294585e+01 6.227902362114674517e-01 2.480921659394822454e-01 -4.553026317900242537e-04 -4.415569237728667745e-02
4.545239238315294727e+01 6.241492037223235201e-01 2.429854345830183560e-01 2.799526884617786412e-02 -5.758080759150483591e-02
4.555239238315294870e+01 6.280187868958934105e-01 2.366711782892026716e-01 4.527901005139725599e-02 -6.816018139197087267e-02
4.565239238315295012e+01 6.324776211798870396e-01 2.294711362593603587e-01 4.133240899213427855e-02 -7.522252031271992045e-02
4.575239238315295154e+01 6.359815404922646298e-01 2.217523939833812019e-01 2.873609676489470577e-02 -7.852283240997312563e-02
4.585239238315295296e+01 6.378817695926667364e-01 2.138906694690902721e-01 3.600936545950294415e-03 -7.811082940278060716e-02
4.595239238315295438e+01 6.357983434659095767e-01 2.062405728522953285e-01 -4.479652586385191038e-02 -7.440578260643442021e-02
4.605239238315295580e+01 6.292577269148191821e-01 1.990921521782685610e-01 -8.536870020657633118e-02 -6.822034210837768509e-02
4.615239238315295722e+01 6.195218115458438479e-01 1.926511691437295948e-01 -1.021229937073316330e-01 -6.038552143097816044e-02
4.625239238315295864e+01 6.095574197814439543e-01 1.870508626476963254e-01 -9.709002577736892958e-02 -5.146806297628035709e-02
4.635239238315296006e+01 6.002698981743609385e-01 1.823829252081135277e-01 -8.853711490578596022e-02 -4.178805736335731297e-02
4.645239238315296149e+01 5.915158690199121549e-01 1.787085840491754174e-01 -8.617254601717383444e-02 -3.165361390316154266e-02
4.655239238315296291e+01 5.837683109826483641e-01 1.760553890939869914e-01 -6.501025651923982018e-02 -2.141272211493008143e-02
4.665239238315296433e+01 5.790751839744016083e-01 1.744250799595057910e-01 -2.697134638234323367e-02 -1.119277452246507029e-02
4.675239238315296575e+01 5.779984916319612642e-01 1.738192444975474316e-01 1.234185002820728516e-04 -9.065716741316395128e-04
4.685239238315296717e+01 5.777932444702856829e-01 1.742437845433599253e-01 -1.225286791077695621e-02 9.361358555214804866e-03
4.695239238315296859e+01 5.747651634959669575e-01 1.756708538430266642e-01 -4.203482967261632647e-02 1.900008058253403742e-02
4.705239238315297001e+01 5.715236919294198747e-01 1.779981093777381895e-01 -1.768560053411659047e-02 2.730052968662528140e-02
4.715239238315297143e+01 5.710738270530650862e-01 1.810837581038089450e-01 6.923263619036605643e-03 3.418391750628976822e-02
4.725239238315297285e+01 5.721138781647967519e-01 1.847894064807372727e-01 8.866081539015850665e-03 3.969314257397792145e-02
4.735239238315297428e+01 5.729812741977989843e-01 1.889707183964172699e-01 1.100576271891412321e-02 4.365691233161513723e-02
4.745239238315297570e+01 5.734788546772374707e-01 1.934637281402510345e-01 -5.730727656707223019e-03 4.589842489792719110e-02
4.755239238315297712e+01 5.726327863355982206e-01 1.980835291347247118e-01 -5.428226367165235253e-03 4.614904759910981591e-02
4.764961963875696682e+01 5.723198455553488717e-01 2.025027328499496571e-01 -9.895566089100776841e-04 4.444593432536388111e-02
4.774153640154465705e+01 5.732804995813192139e-01 2.064510249907181572e-01 2.526714584370749750e-02 4.123075679935397919e-02
4.784153640154465847e+01 5.768730216267408117e-01 2.103429490850159955e-01 4.223782535327114118e-02 3.642364523001030002e-02
4.794153640154465990e+01 5.818510774518135253e-01 2.137054056000698421e-01 6.070295918025367388e-02 3.071011240495086919e-02
4.804153640154466132e+01 5.893151376659059304e-01 2.164718468228011006e-01 8.857218376638892332e-02 2.460748463611453496e-02
4.814153640154466274e+01 5.999177456267255071e-01 2.186359239250915965e-01 1.267957314371088717e-01 1.878064896630052966e-02
4.824153640154466416e+01 6.144902753052863265e-01 2.202634159938865743e-01 1.576108455693921995e-01 1.401212975747022360e-02
4.834153640154466558e+01 6.301249165008367958e-01 2.214939391921691703e-01 1.537008506636834415e-01 1.089075384315579820e-02
4.844153640154466700e+01 6.458620789419059482e-01 2.225010755291372266e-01 1.649163397249695517e-01 9.561558096230295817e-03
4.854153640154466842e+01 6.625661034616426859e-01 2.234722461788657133e-01 1.576095288642376802e-01 1.020027355239767203e-02
4.864153640154466984e+01 6.751528989735486874e-01 2.246004516040120969e-01 9.143264071184264985e-02 1.258475193877072254e-02
4.874153640154467126e+01 6.812516271371895638e-01 2.260151938906764246e-01 2.928929103273859164e-02 1.575364191945740830e-02
4.884153640154467269e+01 6.802237884069209928e-01 2.277414579898871805e-01 -5.089673694105715379e-02 1.861960231417489342e-02
4.894153640154467411e+01 6.717688269041535154e-01 2.296878811862361758e-01 -1.118532343399887552e-01 1.996113336107271236e-02
4.904153640154467553e+01 6.591475661871408764e-01 2.316521051315659496e-01 -1.362501912614573762e-01 1.887691541034380860e-02
4.914153640154467695e+01 6.451640309211671420e-01 2.333712962199419039e-01 -1.389585371725232665e-01 1.504664085816919024e-02
4.924153640154467837e+01 6.321491829581211697e-01 2.345741342717962419e-01 -1.182519297506303690e-01 8.612546839553383848e-03
4.934153640154467979e+01 6.230432318107942402e-01 2.350265343937898710e-01 -5.302306855544107467e-02 1.859102943652744117e-04
4.944153640154468121e+01 6.223186172393995186e-01 2.345874524753966961e-01 3.606351582465056049e-02 -8.945297537185798939e-03
4.954153640154468263e+01 6.299274000746232227e-01 2.332687135431616987e-01 1.122713571459439258e-01 -1.714498124076890839e-02
4.964153640154468405e+01 6.429597255015887525e-01 2.312362868684631756e-01 1.410388971954679715e-01 -2.303941636878487770e-02
4.974153640154468548e+01 6.576598531639077372e-01 2.287615495265291066e-01 1.490417729673698677e-01 -2.592278064430950796e-02
4.984153640154468690e+01 6.716143208944415077e-01 2.261591627016127648e-01 1.277440963531859264e-01 -2.560443208644815408e-02
4.994153640154468832e+01 6.830574674686225034e-01 2.237379355008663473e-01 9.916556274105807478e-02 -2.237406614656679837e-02
5.004153640154468974e+01 6.912197589412628629e-01 2.217630165565291078e-01 6.102196249109093085e-02 -1.679062264139628835e-02
5.014153640154469116e+01 6.934811934508285924e-01 2.204304399884643717e-01 -2.309675920168337282e-02 -9.716618173527055355e-03
5.024153640154469258e+01 6.871467825445828348e-01 2.198213670855284907e-01 -9.700361701793298874e-02 -2.583535552082008233e-03
5.034153640154469400e+01 6.746838775916300657e-01 2.198698567014736038e-01 -1.487021490288060466e-01 3.242991036054811670e-03
5.044153640154469542e+01 6.587018779232575172e-01 2.203939745245807880e-01 -1.641879609873202472e-01 6.812064480715470521e-03
5.054153640154469684e+01 6.432750331030929747e-01 2.211444329825035804e-01 -1.372610334379428809e-01 7.770170404384841439e-03
5.064153640154469826e+01 6.319715389254971782e-01 2.218717892909336797e-01 -8.637323183569282914e-02 6.455134147648909984e-03
5.074153640154469969e+01 6.269060823597963905e-01 2.223862748672935097e-01 -1.248135855847663789e-02 3.680048012469158518e-03
5.084153640154470111e+01 6.290867525739987087e-01 2.225972221130285422e-01 5.383762596718590088e-02 5.821723001416465038e-04
5.094153640154470253e+01 6.370765008863490397e-01 2.225283380572049274e-01 9.964118366150387374e-02 -1.756388033647790937e-03
5.104153640154470395e+01 6.481833976810394971e-01 2.222962975308154232e-01 1.220770004599206621e-01 -2.598006264175080175e-03
5.114153640154470537e+01 6.605516621374442066e-01 2.220708019249430787e-01 1.165646400206948180e-01 -1.594490974524679543e-03
5.124153640154470679e+01 6.706617428341135057e-01 2.220349903402813740e-01 8.351648882027205845e-02 1.122802077292789575e-03
5.134153640154470821e+01 6.758169045134126973e-01 2.223321870208561091e-01 1.317229947839035353e-02 4.921864844989846076e-03
5.144153640154470963e+01 6.740286017270917807e-01 2.230183980888926776e-01 -4.016654476237319776e-02 8.703713350249967992e-03
5.154153640154471105e+01 6.685859699177468807e-01 2.240412952721005380e-01 -6.879833949269327509e-02 1.154814543142757693e-02
5.164153640154471248e+01 6.602590019990567383e-01 2.252780680426536009e-01 -9.591467972342861137e-02 1.289609554383065564e-02
5.174153640154471390e+01 6.503653552335155741e-01 2.265566325236300915e-01 -9.759180274768680663e-02 1.234409317784798850e-02
5.184153640154471532e+01 6.404785575632817585e-01 2.276822173667752969e-01 -1.033717561585928424e-01 9.850271634108665603e-03
5.194153640154471674e+01 6.297534382338002557e-01 2.284630959654750937e-01 -1.102805998688631689e-01 5.452833092088371462e-03
5.204153640154471816e+01 6.184683997272788503e-01 2.287119405944639527e-01 -1.099780249459805376e-01 -7.663975295842872723e-04
5.214153640154471958e+01 6.098781813504806637e-01 2.282602036111097132e-01 -5.471775084689671498e-02 -8.441175985880447138e-03
5.224153640154472100e+01 6.075137027412830237e-01 2.270101456191885303e-01 6.782545971710497723e-03 -1.652290485859041549e-02
5.234153640154472242e+01 6.116208412869335032e-01 2.249836749465148611e-01 7.522471476417608161e-02 -2.375823468293956214e-02
5.244153640154472384e+01 6.219111375262971197e-01 2.223287064935894064e-01 1.286412074316945764e-01 -2.889958049194776141e-02
5.254153640154472527e+01 6.374226251229703211e-01 2.193074636198535099e-01 1.802972741769565956e-01 -3.093270520536596166e-02
5.264153640154472669e+01 6.571193903682546189e-01 2.162725297831941396e-01 2.102044790935700402e-01 -2.907271498649117297e-02
5.274153640154472811e+01 6.790840189147592243e-01 2.136352266701293245e-01 2.241329252890267576e-01 -2.295514312736323184e-02
5.284153640154472953e+01 7.000283133047080497e-01 2.118199784430566113e-01 1.862194430982948568e-01 -1.271711500557482985e-02
5.294153640154473095e+01 7.159732995281015144e-01 2.111982298145902992e-01 1.341652129490465417e-01 7.047639124999581506e-04
5.304153640154473237e+01 7.263737430871490819e-01 2.120230128706988015e-01 6.842873595643332585e-02 1.597844363797696482e-02
5.314153640154473379e+01 7.295766129739724715e-01 2.144027288854273017e-01 2.162993734598633866e-03 3.151561792556664687e-02
5.324153640154473521e+01 7.279133517236746620e-01 2.182825080833067921e-01 -3.670495355237179957e-02 4.576052953930961203e-02
5.334153640154473663e+01 7.213684305610097436e-01 2.234707525333566314e-01 -9.595506313007620691e-02 5.747371505512615525e-02
5.344153640154473806e+01 7.089014575201445512e-01 2.296490361385534196e-01 -1.516468957736814560e-01 6.534851097284403998e-02
5.354153640154473948e+01 6.919821980075782086e-01 2.363751970801667157e-01 -1.805740627148371413e-01 6.828605029556390760e-02
5.364153640154474090e+01 6.727405910783293974e-01 2.431226439080814428e-01 -2.091117258357163278e-01 6.572165805252150328e-02
5.374153640154474232e+01 6.506772255698627383e-01 2.493263197193480163e-01 -2.214507609935082999e-01 5.737797793353351800e-02
5.384153640154474374e+01 6.299123785089388861e-01 2.544124248421099632e-01 -1.927428293241378876e-01 4.348782667664136126e-02
5.394153640154474516e+01 6.125823036285844569e-01 2.578710626344140056e-01 -1.475756990244605771e-01 2.502682104462647383e-02
5.404153640154474658e+01 6.018888414939140841e-01 2.593141920363289388e-01 -5.947721490495326557e-02 3.483955520303758796e-03
5.414153640154474800e+01 6.016636493111670037e-01 2.585372888953962889e-01 5.653177963761195357e-02 -1.896054249102857928e-02
5.424153640154474942e+01 6.126599596807723591e-01 2.555780419937873638e-01 1.570047573543127961e-01 -3.973648551289797604e-02
5.434153640154475085e+01 6.316350993479499243e-01 2.507224555759507978e-01 2.167235768983500899e-01 -5.656413739727846057e-02
5.444153640154475227e+01 6.547584800319018461e-01 2.444497873978189739e-01 2.360038045831163722e-01 -6.788035204560806390e-02
5.454153640154475369e+01 6.769247952341033159e-01 2.373545978263845169e-01 2.030826794648814548e-01 -7.298594150136190895e-02
5.464153640154475511e+01 6.950146269032124735e-01 2.300528562585729409e-01 1.536094572123199165e-01 -7.209760372984862220e-02
5.474153640154475653e+01 7.063937411371725705e-01 2.231087255450444340e-01 7.106197488311859212e-02 -6.602539339972958443e-02
5.484153640154475795e+01 7.089530932757454051e-01 2.169734573844971648e-01 -2.240083330253772598e-02 -5.619236414215005027e-02
5.494153640154475937e+01 7.016485455375632840e-01 2.119366204682270050e-01 -1.224890720240029429e-01 -4.437508557609637361e-02
5.504153640154476079e+01 6.850731400410284833e-01 2.081005245761899103e-01 -2.032040127786256256e-01 -3.248650166997465311e-02
5.514153640154476221e+01 6.627096839792341321e-01 2.053870304845360484e-01 -2.353590307911997415e-01 -2.213983010779462315e-02
5.524153640154476363e+01 6.395391175152554952e-01 2.035907110376719287e-01 -2.218073336155743924e-01 -1.422343194258695459e-02
5.534153640154476506e+01 6.185290560799919790e-01 2.024553831485894906e-01 -2.021842045492273920e-01 -8.910295688854489443e-03
5.544153640154476648e+01 5.989426190467347366e-01 2.017234213848589364e-01 -1.866218644005787353e-01 -6.152158314500296918e-03
5.554153640154476790e+01 5.815839769071508014e-01 2.011439596982673994e-01 -1.583702304138977779e-01 -5.814999661853038036e-03
5.564153640154476932e+01 5.682465571709034435e-01 2.004934816761414773e-01 -1.052120042506942132e-01 -7.468854669399208404e-03
5.574153640154477074e+01 5.603041057084924281e-01 1.996103795894339783e-01 -5.438524034677440916e-02 -1.031900385819673263e-02
5.584153640154477216e+01 5.573290573305059725e-01 1.984187790141921648e-01 -9.596648885216794989e-03 -1.349622666117872467e-02
5.594153640154477358e+01 5.569406500714948471e-01 1.969248243106095086e-01 -4.783532605873892785e-03 -1.628437186154081673e-02
5.604153640154477500e+01 5.550013647625990920e-01 1.951813876661282199e-01 -3.851841493457049126e-02 -1.850826118248082713e-02
5.614153640154477642e+01 5.501480508114505730e-01 1.932311048652273489e-01 -4.906972560007022421e-02 -2.048039056954095022e-02
5.624153640154477785e+01 5.459162832668484899e-01 1.910911190419100902e-01 -3.577640351261103524e-02 -2.226905957849527329e-02
5.634153640154477927e+01 5.428474524493874798e-01 1.887916229735330798e-01 -3.184510764950825024e-02 -2.363075372498158952e-02
5.644153640154478069e+01 5.379711823622554956e-01 1.863812763706359510e-01 -6.465453863247623556e-02 -2.452615202404462638e-02
5.654153640154478211e+01 5.314616827106609653e-01 1.838909243253385450e-01 -6.188059567474959999e-02 -2.526326060322350506e-02
5.664153640154478353e+01 5.257437843635491825e-01 1.813343625852456842e-01 -4.722424494943390505e-02 -2.582639997318475836e-02
5.674153640154478495e+01 5.230008545160974576e-01 1.787404642254861731e-01 -9.762020854797798242e-03 -2.593183118906224049e-02
5.684153640154478637e+01 5.227272856279256974e-01 1.761791761279507817e-01 7.441943145129973486e-04 -2.511847125347729803e-02
5.694153640154478779e+01 5.230524193106754760e-01 1.737523884948966868e-01 8.448669352806550265e-03 -2.323881836832788692e-02
5.704153640154478921e+01 5.250817868959266610e-01 1.715688410644123918e-01 3.327610021792129502e-02 -2.022836173617179739e-02
5.714153640154479064e+01 5.297812046562183630e-01 1.697514085661670225e-01 6.178988118119738832e-02 -1.587801486781805979e-02
5.724153640154479206e+01 5.372465489340632061e-01 1.684453396626523491e-01 8.546076191240140063e-02 -9.969676686496779794e-03
5.734153640154479348e+01 5.469283731737997201e-01 1.678128484945969334e-01 1.062645313328085539e-01 -2.401582757137993990e-03
5.744153640154479490e+01 5.569757084585240658e-01 1.680180428256126124e-01 8.975962095834714993e-02 6.732586875872654392e-03
5.754153640154479632e+01 5.655277527393696158e-01 1.691932527025966082e-01 8.345353946958120051e-02 1.689189483847965134e-02
5.764153640154479774e+01 5.729263746408281843e-01 1.714115606688419169e-01 6.359422993443962502e-02 2.749349008283866538e-02
5.774153640154479916e+01 5.792601771753658202e-01 1.746841835771349993e-01 6.812844149301687524e-02 3.787774638849546183e-02
5.784153640154480058e+01 5.871720903074467701e-01 1.789668353353469354e-01 9.168094560105051471e-02 4.766296213041567448e-02
5.794153640154480200e+01 5.966582935897714046e-01 1.841929912121391955e-01 8.882530087834977772e-02 5.672137248994315456e-02
5.804153640154480343e+01 6.041281452130378149e-01 1.902728762456132316e-01 6.229130236696760192e-02 6.462373047223506084e-02
5.814153640154480485e+01 6.097881695453409856e-01 1.970567553421751217e-01 5.672362774857201556e-02 7.070881802391033866e-02
5.824153640154480627e+01 6.168393081892638019e-01 2.043435632912308231e-01 8.651094251438119775e-02 7.468394552334492453e-02
5.834153640154480769e+01 6.262803790429476436e-01 2.119296677101531745e-01 9.608217117462505841e-02 7.673304411380223178e-02
5.844153640154480911e+01 6.352575852330403228e-01 2.196278188384677976e-01 8.276131204078610026e-02 7.690326910284485395e-02
5.854153640154481053e+01 6.431068925255402080e-01 2.272421951581181099e-01 7.506116186215075481e-02 7.503664563881222438e-02
5.864153640154481195e+01 6.506517722161760942e-01 2.345660638806401077e-01 8.123299309260018086e-02 7.110614660283079425e-02
5.874153640154481337e+01 6.594046814187966010e-01 2.414031547836066049e-01 8.333013567397647148e-02 6.536966760644598307e-02
5.884153640154481479e+01 6.657056901705479257e-01 2.475867945123891856e-01 4.649343074466665005e-02 5.801731404139195275e-02
5.894153640154481621e+01 6.697658411258559097e-01 2.529485381911017461e-01 3.234663664309534586e-02 4.893978480814111659e-02
5.904153640154481764e+01 6.718314904346920358e-01 2.573212725935760115e-01 1.500549578968375999e-02 3.825595780353896469e-02
5.914153640154481906e+01 6.740174381718805341e-01 2.605547673124175012e-01 2.848198611036491593e-02 2.624265008574304392e-02
5.924153640154482048e+01 6.768973594790264059e-01 2.625467036146760802e-01 2.843174286695799788e-02 1.352850486193088453e-02
5.934153640154482190e+01 6.802842447732095899e-01 2.632563100353368379e-01 4.233595767695498557e-02 6.985383906229387929e-04
5.944153640154482332e+01 6.853274273456829713e-01 2.627065547510762933e-01 5.855993468313275968e-02 -1.152850713389537082e-02
5.954153640154482474e+01 6.927733773083316615e-01 2.609966254120919538e-01 9.253073039903171593e-02 -2.236548463858333696e-02
5.964153640154482616e+01 7.025211034145479871e-01 2.583093002918194769e-01 9.230958715521650482e-02 -3.095038005248848187e-02
5.974153640154482758e+01 7.099219499218162310e-01 2.548938267356924969e-01 5.056754285789224340e-02 -3.693876713606313034e-02
5.984153640154482900e+01 7.121967904555306372e-01 2.509971251417975058e-01 -2.528484795643604066e-04 -4.066883430277151712e-02
5.994153640154483043e+01 7.108710710926477994e-01 2.468178134673682800e-01 -2.828500444436431865e-02 -4.265496968405939338e-02
6.000000000000000000e+01 7.084877859140673584e-01 2.443073986589209823e-01 -5.322550223795945168e-02 -4.315559852538489866e-02
