time[s] x1[m] x2[m] x1_dot[m/s] x2_dot[m/s]
0.000000000000000000e+00 0.000000000000000000e+00 0.000000000000000000e+00 0.000000000000000000e+00 0.000000000000000000e+00
9.999999999999999124e-05 3.487378822414280849e-08 4.191157750635887030e-15 6.974694403658242498e-04 1.261559005419685488e-10
1.100000000000000066e-03 4.218958467439366973e-06 6.138937661364668311e-12 7.670058981239530164e-03 1.730299591934586509e-08
1.110000000000000049e-02 4.287652120675755282e-04 1.205908663555835061e-08 7.716683675800475872e-02 3.833579394650765698e-06
6.129580166366092875e-02 1.290735473801332342e-02 6.844257908439886277e-06 4.171410984245884634e-01 4.299945889147441225e-04
1.612958016636609204e-01 8.581493065866921399e-02 2.929441127858727696e-04 1.021839573766462506e+00 7.076618284598740205e-03
2.612958016636609537e-01 2.118353578413757488e-01 1.907259146827682732e-03 1.459813083705697956e+00 2.817777815386319704e-02
3.612958016636609315e-01 3.697765586276592353e-01 6.589708733390680327e-03 1.667831899917518568e+00 6.897422977780506836e-02
4.612958016636609093e-01 5.402464920749894262e-01 1.640557350175482834e-02 1.712272057179364371e+00 1.307714983276483112e-01
5.612958016636608871e-01 7.048031827711915831e-01 3.337698633831626127e-02 1.535234380121515141e+00 2.114229232391381108e-01
6.612958016636608649e-01 8.392715780242916424e-01 5.911974463765862220e-02 1.129741269343461196e+00 3.048291804414772210e-01
7.612958016636608427e-01 9.294557938728031932e-01 9.444862023715130950e-02 6.728746707750938860e-01 4.013863554745871753e-01
8.612958016636608205e-01 9.734468345465555617e-01 1.391464649099630468e-01 2.119882520648085911e-01 4.904297826559679829e-01
9.612958016636607983e-01 9.740275914793918854e-01 1.919393793922073432e-01 -1.899656664379013593e-01 5.616725065717211862e-01
1.061295801663660887e+00 9.388389497464679767e-01 2.505940087491709267e-01 -4.857244207638653499e-01 6.063922455014202351e-01
1.161295801663660976e+00 8.829542121999232052e-01 3.121304937123817180e-01 -6.009622166508147290e-01 6.186243945572598157e-01
1.261295801663661065e+00 8.259437081401016512e-01 3.731636896393241698e-01 -5.057982780677259260e-01 5.963539977078573529e-01
1.361295801663661154e+00 7.850868239402527538e-01 4.303237809662920910e-01 -3.037445717946662405e-01 5.418490921898629908e-01
1.461295801663661242e+00 7.673326651744785121e-01 4.806319128547766883e-01 -4.375771413076923189e-02 4.603665083887522602e-01
1.561295801663661331e+00 7.762370674089221767e-01 5.217353102885089466e-01 2.195256208941820941e-01 3.590573303278680184e-01
1.661295801663661420e+00 8.107220041966574087e-01 5.520518500264232076e-01 4.631884669306292057e-01 2.460125694847088429e-01
1.761295801663661509e+00 8.670300630849278045e-01 5.708218028038253289e-01 6.543922921725691122e-01 1.294665359245952829e-01
1.861295801663661598e+00 9.394032216097044641e-01 5.780846353400560522e-01 7.781454821362195906e-01 1.706792671933636540e-02
1.961295801663661686e+00 1.019100850810142012e+00 5.745904241899782994e-01 7.942928615184817742e-01 -8.474544996606542258e-02
2.061295801663661553e+00 1.093524183198134603e+00 5.616385779414451163e-01 6.723796860487046834e-01 -1.715568874414610256e-01
2.161295801663661642e+00 1.149670845793790086e+00 5.408438746775278139e-01 4.310029869889053789e-01 -2.415033355993894959e-01
2.261295801663661731e+00 1.176441860570268894e+00 5.138828664439996086e-01 9.455426692684237855e-02 -2.951711718870733137e-01
2.361295801663661820e+00 1.167661983238434065e+00 4.822681226372296237e-01 -2.713004807543535346e-01 -3.351173502834135509e-01
2.461295801663661909e+00 1.122454618171850438e+00 4.471976710578084990e-01 -6.287603083853405828e-01 -3.649262143522004620e-01
2.561295801663661997e+00 1.044371572977536911e+00 4.094920511856475209e-01 -9.091460715022997574e-01 -3.884327898633951337e-01
2.661295801663662086e+00 9.455168523828382243e-01 3.696214078094197664e-01 -1.052924099741902486e+00 -4.085663700704359469e-01
2.761295801663662175e+00 8.360194699725954637e-01 3.278466549226740079e-01 -1.120813469874946566e+00 -4.266346983833854689e-01
2.861295801663662264e+00 7.249194851606619583e-01 2.843572990687064928e-01 -1.087368060553956850e+00 -4.427695706287595456e-01
2.961295801663662353e+00 6.212419303181596630e-01 2.393945213158802376e-01 -9.698563831847180072e-01 -4.558160911656378711e-01
3.061295801663662441e+00 5.340842901893037009e-01 1.933722984973436643e-01 -7.613313230178287982e-01 -4.634783706201673903e-01
3.161295801663662530e+00 4.699601191968313940e-01 1.469873784252806737e-01 -5.245255940190423072e-01 -4.624831058328582878e-01
3.261295801663662619e+00 4.282026413610920401e-01 1.012749009566490943e-01 -3.118830294763720312e-01 -4.495409409873476481e-01
3.361295801663662708e+00 4.068971915466259026e-01 5.756249879705003375e-02 -1.256927060426753506e-01 -4.221298068928341918e-01
3.461295801663662797e+00 4.004892479574725384e-01 1.738044161978298530e-02 -9.920596962222930082e-03 -3.788321820860784395e-01
3.561295801663662886e+00 4.037068216556765621e-01 -1.767754418477612138e-02 6.327217547029415079e-02 -3.197823697880091132e-01
3.661295801663662974e+00 4.102478014608204604e-01 -4.610042491742741971e-02 5.632101132222541717e-02 -2.465259576930167729e-01
3.761295801663663063e+00 4.145848025774059309e-01 -6.661286251358503052e-02 3.511255876479954519e-02 -1.621934294594817860e-01
3.861295801663663152e+00 4.174189657803067943e-01 -7.829803689534386990e-02 1.514440481507437972e-02 -7.063819667042411932e-02
3.961295801663663241e+00 4.160953399540855968e-01 -8.063991005284469604e-02 -4.627817502352188361e-02 2.390851951871857117e-02
4.061295801663662886e+00 4.081251510434855678e-01 -7.357767496314532307e-02 -1.078024852224462871e-01 1.166173088935223839e-01
4.161295801663662530e+00 3.961928825929099673e-01 -5.753602415577555029e-02 -1.254400655318495539e-01 2.027712981864725483e-01
4.261295801663662175e+00 3.832613204242139027e-01 -3.337332324128248345e-02 -1.305469030257812302e-01 2.784453146992443284e-01
4.361295801663661820e+00 3.717011769960495426e-01 -2.303813703244544236e-03 -8.972851438640995492e-02 3.404568559235250924e-01
4.461295801663661464e+00 3.671638587242803120e-01 3.419521791282503775e-02 3.249102361184308396e-03 3.868312210681708052e-01
4.561295801663661109e+00 3.720461894137587766e-01 7.451843713392269919e-02 9.416910006875021943e-02 4.169042917366991285e-01
4.661295801663660754e+00 3.880622197219196767e-01 1.170365775592336066e-01 2.414766228655498281e-01 4.308463655620639599e-01
4.761295801663660399e+00 4.212683382706532975e-01 1.602003095670484212e-01 4.162886799966700746e-01 4.301987027628092486e-01
4.861295801663660043e+00 4.703675006314502749e-01 2.026731467380075702e-01 5.663380111687025265e-01 4.174606482376094219e-01
4.961295801663659688e+00 5.343324275912352261e-01 2.433808360722747866e-01 7.045738361418938389e-01 3.953843444812134567e-01
5.061295801663659333e+00 6.088389495904664717e-01 2.815341095752682543e-01 7.770629389392131880e-01 3.668054097718709272e-01
5.161295801663658978e+00 6.889856974410963897e-01 3.166024773958769356e-01 8.194513617746785883e-01 3.340387540223510032e-01
5.261295801663658622e+00 7.703162368617643141e-01 3.482671425164433066e-01 7.949292819776031527e-01 2.989985010300266755e-01
5.361295801663658267e+00 8.456993933111752737e-01 3.763644849790695468e-01 6.990093150598692961e-01 2.627964788028126497e-01
5.461295801663657912e+00 9.079413667558234868e-01 4.007924436392493184e-01 5.423755348966721179e-01 2.255452291885009231e-01
5.561295801663657556e+00 9.536949802450461755e-01 4.214175112366853049e-01 3.672366721990790728e-01 1.866083602004313113e-01
5.661295801663657201e+00 9.810477781881279391e-01 4.380281361543665875e-01 1.846504445115651760e-01 1.450911727669616513e-01
5.761295801663656846e+00 9.913932112685972520e-01 4.503213479649030848e-01 2.269354221240765801e-02 1.001570330723512425e-01
5.861295801663656491e+00 9.863182513856062483e-01 4.579303732039635699e-01 -1.140333054268762580e-01 5.136436660205145194e-02
5.961295801663656135e+00 9.711344801347712163e-01 4.604701032894614743e-01 -1.802718528682351606e-01 -1.110455667382360956e-03
6.061295801663655780e+00 9.507886837559780258e-01 4.576250570211840563e-01 -2.250463954597144434e-01 -5.607156449038283585e-02
6.161295801663655425e+00 9.275097425351791491e-01 4.492295310494475724e-01 -2.347206487399637609e-01 -1.117989717853601211e-01
6.261295801663655070e+00 9.034351559094234707e-01 4.353113669583215106e-01 -2.478951444607779830e-01 -1.661516212362680600e-01
6.361295801663654714e+00 8.789657560081624021e-01 4.161169301204973858e-01 -2.425289559050335941e-01 -2.169623624814563667e-01
6.461295801663654359e+00 8.523098299175757564e-01 3.921070041624879488e-01 -3.008878771342741176e-01 -2.621762465130060282e-01
6.561295801663654004e+00 8.190263490686935377e-01 3.639070894097699571e-01 -3.638311627381635160e-01 -3.006326689545766873e-01
6.661295801663653648e+00 7.782728773132780997e-01 3.322276287541285900e-01 -4.551918979269184984e-01 -3.317038358666927200e-01
6.761295801663653293e+00 7.288958242055655345e-01 2.978145406972940723e-01 -5.255763539294380227e-01 -3.553248895170985633e-01
6.861295801663652938e+00 6.739440920048486161e-01 2.614098971198726695e-01 -5.699567328780744679e-01 -3.715283300184895054e-01
6.961295801663652583e+00 6.159547764702660855e-01 2.237576883470976663e-01 -5.833790482683522960e-01 -3.802624677299122902e-01
7.061295801663652227e+00 5.583441024202444591e-01 1.856121678194562752e-01 -5.672021844703435400e-01 -3.813494011399582440e-01
7.161295801663651872e+00 5.021894245931720624e-01 1.477504363374596008e-01 -5.550652484341168647e-01 -3.745730882223447522e-01
7.261295801663651517e+00 4.488801811181468149e-01 1.109578959217034089e-01 -5.023466565896288483e-01 -3.599743892652681465e-01
7.361295801663651162e+00 4.017436332370758478e-01 7.601954087548576378e-02 -4.447959661830870326e-01 -3.374680215940469297e-01
7.461295801663650806e+00 3.602515572344511252e-01 4.372426269427513723e-02 -3.802123225298497666e-01 -3.071677088903504438e-01
7.561295801663650451e+00 3.255633098007976733e-01 1.483378893714025828e-02 -3.150005786292330301e-01 -2.694466149644164643e-01
7.661295801663650096e+00 2.983407641643154307e-01 -9.937981189427874673e-03 -2.250320818559059521e-01 -2.249063836988629550e-01
7.761295801663649740e+00 2.796074493024470198e-01 -2.994175212867492691e-02 -1.529565500100762421e-01 -1.742170668059416783e-01
7.861295801663649385e+00 2.690449579862017049e-01 -4.461039848768206389e-02 -5.368980290197582217e-02 -1.183855029247762591e-01
7.961295801663649030e+00 2.674625249398112636e-01 -5.348104828944811456e-02 1.250033775397800528e-02 -5.844738254072217448e-02
8.061295801663648675e+00 2.705925863824949484e-01 -5.621459139734531762e-02 4.745527439866133873e-02 4.033024604726313800e-03
8.161295801663648319e+00 2.775584903812877702e-01 -5.265937472894294952e-02 1.011018316065628586e-01 6.697408014191352787e-02
8.261295801663647964e+00 2.910520653737006525e-01 -4.286713032605590085e-02 1.585507159218779438e-01 1.284982692342337418e-01
8.361295801663647609e+00 3.078772437468351164e-01 -2.706764250483294568e-02 1.778194538138163638e-01 1.867702462461010571e-01
8.461295801663647254e+00 3.262074740396487260e-01 -5.692908599963783511e-03 1.850657901903415559e-01 2.396485613911777390e-01
8.561295801663646898e+00 3.451580019743161754e-01 2.061202644038602483e-02 1.988286117060239500e-01 2.850406668408721478e-01
8.661295801663646543e+00 3.668869784186755134e-01 5.100901825150770674e-02 2.408574089147216268e-01 3.212722559265220323e-01
8.761295801663646188e+00 3.940021280711568097e-01 8.453024840421671793e-02 3.009807746416245933e-01 3.474404792117634644e-01
8.861295801663645832e+00 4.270178321899097407e-01 1.201529729388612078e-01 3.608650452604010295e-01 3.632982511132271664e-01
8.961295801663645477e+00 4.663401128481642899e-01 1.568530767804965365e-01 4.261683885152536821e-01 3.690679491366792297e-01
9.061295801663645122e+00 5.121638336906536582e-01 1.936536023831295639e-01 4.840375796754632365e-01 3.654603595889300838e-01
9.161295801663644767e+00 5.608997251369856052e-01 2.296633432114334183e-01 4.809960844931476243e-01 3.533779029949253858e-01
9.261295801663644411e+00 6.070181413123093561e-01 2.640635000436168389e-01 4.353746946897626424e-01 3.333174167478181182e-01
9.361295801663644056e+00 6.476341668568613708e-01 2.960680436728473364e-01 3.799334696067562245e-01 3.054999528062919412e-01
9.461295801663643701e+00 6.830008378738836594e-01 3.249177861828638769e-01 3.245644851617417448e-01 2.703211161519387673e-01
9.561295801663643346e+00 7.129578306164418011e-01 3.499099846483977871e-01 2.796247449556411580e-01 2.284897467577707841e-01
9.661295801663642990e+00 7.392462121578371459e-01 3.704309800876954273e-01 2.471871833694988529e-01 1.811276021071859810e-01
9.761295801663642635e+00 7.628507467046803381e-01 3.860024011525430288e-01 2.231207158592309336e-01 1.297845276005492043e-01
9.861295801663642280e+00 7.831270052810261895e-01 3.963142862871128491e-01 1.846440138356369998e-01 7.622620175000680010e-02
9.961295801663641925e+00 8.008069714013769103e-01 4.012327418219877040e-01 1.671070998704193289e-01 2.223607539817759604e-02
1.006129580166364157e+01 8.147576628956277878e-01 4.008114807818420333e-01 1.047405994807598661e-01 -3.028292562283135814e-02
1.016129580166364121e+01 8.216715329079120611e-01 3.952709798723194057e-01 3.478111699231306586e-02 -7.996166296124387896e-02
1.026129580166364086e+01 8.207612513866222592e-01 3.849491255762786945e-01 -6.145970087748266197e-02 -1.257611729106189735e-01
1.036129580166364050e+01 8.086568320422493628e-01 3.702663189845238345e-01 -1.802445306941876380e-01 -1.671494313004722176e-01
1.046129580166364015e+01 7.842496673274124142e-01 3.516675052753878705e-01 -3.095742039637704446e-01 -2.041030093722495387e-01
1.056129580166363979e+01 7.480507856735005845e-01 3.295848806601633374e-01 -4.047777680377189213e-01 -2.368679834226729841e-01
1.066129580166363944e+01 7.043372531666732828e-01 3.044331140502346544e-01 -4.627252958987720932e-01 -2.654482933069326478e-01
1.076129580166363908e+01 6.577264754720734130e-01 2.766482376017536104e-01 -4.631260611055670884e-01 -2.894125208070565947e-01
1.086129580166363873e+01 6.116546897043615427e-01 2.467352747774679278e-01 -4.575552912342971679e-01 -3.078461225739090312e-01
1.096129580166363837e+01 5.664208398859280624e-01 2.152924871569430187e-01 -4.482257689232168607e-01 -3.198811433552781747e-01
1.106129580166363802e+01 5.231009403818293046e-01 1.829943385323405669e-01 -4.074556294754192454e-01 -3.248508027223463435e-01
1.116129580166363766e+01 4.845950756267562998e-01 1.505832691559493564e-01 -3.746304701792824154e-01 -3.220096467973216359e-01
1.126129580166363731e+01 4.479911657129564961e-01 1.188645146298090982e-01 -3.478179561362732541e-01 -3.110172509558465359e-01
1.136129580166363695e+01 4.154435136781964300e-01 8.864979227157025743e-02 -3.089573664376634721e-01 -2.919326386261260620e-01
1.146129580166363660e+01 3.858061165700533701e-01 6.073868733554731170e-02 -2.815802536805118717e-01 -2.650425671371200442e-01
1.156129580166363624e+01 3.599519183590808580e-01 3.587793351687046384e-02 -2.276912036327482236e-01 -2.310507079532240771e-01
1.166129580166363588e+01 3.415741506612829381e-01 1.474408445376368393e-02 -1.411542703727315384e-01 -1.905836232030591326e-01
1.176129580166363553e+01 3.305140895019927916e-01 -2.040918907471392374e-03 -8.394763696014390097e-02 -1.442061255260047303e-01
1.186129580166363517e+01 3.249926775970338744e-01 -1.393617057486816121e-02 -2.375279927249325518e-02 -9.300270611547133137e-02
1.196129580166363482e+01 3.251346977045185271e-01 -2.052427737454864259e-02 1.654346301591762963e-02 -3.829881688155363506e-02
1.206129580166363446e+01 3.268931805358499254e-01 -2.153766715204418966e-02 1.875417227309221849e-02 1.813114965719176547e-02
1.216129580166363411e+01 3.286058700619131634e-01 -1.691732089424605873e-02 9.560045329921858584e-03 7.397909388056481128e-02
1.226129580166363375e+01 3.286654463216131528e-01 -6.844317514856191470e-03 -2.684482803249408148e-03 1.267559421014362309e-01
1.236129580166363340e+01 3.282045362874089212e-01 8.251831220149651383e-03 -1.087740205232977722e-02 1.740802340364744905e-01
1.246129580166363304e+01 3.270559150477263533e-01 2.771963171011133237e-02 -9.433377667414331869e-04 2.138616762121363646e-01
1.256129580166363269e+01 3.297351058241486110e-01 5.072286808990947998e-02 5.525462113078666304e-02 2.446403118350921058e-01
1.266129580166363233e+01 3.373537439599713639e-01 7.632865624366155788e-02 9.636640457372078195e-02 2.658506044005917723e-01
1.276129580166363198e+01 3.508190621399496778e-01 1.035666364859200994e-01 1.860045145311159387e-01 2.773112742247332285e-01
1.286129580166363162e+01 3.754019436559385969e-01 1.314919617871742330e-01 3.033642199545438789e-01 2.798270584999725807e-01
1.296129580166363127e+01 4.115138918708848292e-01 1.592861268091477212e-01 4.185014357180423805e-01 2.749766562810411208e-01
1.306129580166363091e+01 4.580095171517590269e-01 1.863030037818927398e-01 5.041963880700495171e-01 2.645891794990452017e-01
1.316129580166363056e+01 5.106621064457944614e-01 2.120750595563207219e-01 5.379953874206528930e-01 2.503160697290945369e-01
1.326129580166363020e+01 5.645401388167590184e-01 2.362736466234988952e-01 5.405084337256832461e-01 2.332552509924799289e-01
1.336129580166362985e+01 6.173652305178491950e-01 2.586584957027072140e-01 5.003172430601663390e-01 2.141474816978193307e-01
1.346129580166362949e+01 6.627926956878508191e-01 2.790420026209747828e-01 4.044573959622461690e-01 1.931829766813072113e-01
1.356129580166362913e+01 6.961185299154993844e-01 2.972163492897308967e-01 2.510493717354354004e-01 1.698277770003786824e-01
1.366129580166362878e+01 7.134690093682869438e-01 3.128894537759818739e-01 1.053316510162949637e-01 1.429426704951217153e-01
1.376129580166362842e+01 7.183195523674354988e-01 3.256551519976059184e-01 -1.197779876285665068e-03 1.115872875207842702e-01
1.386129580166362807e+01 7.153374265786930364e-01 3.350516757746322960e-01 -5.184430393317925739e-02 7.561172204347228754e-02
1.396129580166362771e+01 7.086703519699855125e-01 3.406478141598184850e-01 -7.521821205198288285e-02 3.576114389077168776e-02
1.406129580166362736e+01 7.011540310595050229e-01 3.421198741855919767e-01 -7.690684032629821476e-02 -6.594882256588829872e-03
1.416129580166362700e+01 6.926457700686025065e-01 3.393024419422618343e-01 -9.689559000630228180e-02 -4.975095708313578835e-02
1.426129580166362665e+01 6.804833656915654228e-01 3.321935181751478616e-01 -1.516847593081129819e-01 -9.221158386399955220e-02
1.436129580166362629e+01 6.625451590267728008e-01 3.209182179887918318e-01 -2.025045262258883261e-01 -1.329274987167209932e-01
1.446129580166362594e+01 6.406491802541441904e-01 3.056992540028524163e-01 -2.327731144111598038e-01 -1.709010145003966863e-01
1.456129580166362558e+01 6.161706130894499811e-01 2.868677848712510858e-01 -2.585528951035740985e-01 -2.049845477285652529e-01
1.466129580166362523e+01 5.886440591046282478e-01 2.648669636034283181e-01 -2.919608692279142548e-01 -2.341404893364187334e-01
1.476129580166362487e+01 5.577720235154273176e-01 2.402291777713858600e-01 -3.259122830436866347e-01 -2.576198552992293722e-01
1.486129580166362452e+01 5.235073151092481947e-01 2.135488414180222172e-01 -3.569340732665933769e-01 -2.749313894924476642e-01
1.496129580166362416e+01 4.879011043278618232e-01 1.854592317224992848e-01 -3.452862599811546418e-01 -2.857398483375717668e-01
1.506129580166362381e+01 4.547917248650883426e-01 1.566373099768500754e-01 -3.228127081109410934e-01 -2.894614076364370736e-01
1.516129580166362345e+01 4.232433311512834306e-01 1.278185700394595947e-01 -3.009862484102050484e-01 -2.856449602305707325e-01
1.526129580166362310e+01 3.956268661165595057e-01 9.976601160942444313e-02 -2.510947893295153444e-01 -2.740943350309764104e-01
1.536129580166362274e+01 3.728977105470253628e-01 7.326402592620750998e-02 -2.043073423180205017e-01 -2.546268231040580976e-01
1.546129580166362238e+01 3.544599480260498536e-01 4.909957165007972080e-02 -1.661418108016252948e-01 -2.274070011571195926e-01
1.556129580166362203e+01 3.389067441532009894e-01 2.802082996606346244e-02 -1.506107511182727399e-01 -1.930622320921669133e-01
1.566129580166362167e+01 3.241136327021006958e-01 1.068426956039843223e-02 -1.415903370606986789e-01 -1.528140088009877773e-01
1.576129580166362132e+01 3.106264563177990601e-01 -2.397063026385990239e-03 -1.312427129594447295e-01 -1.082247160688651760e-01
1.586129580166362096e+01 2.984762836072676895e-01 -1.087332397623032298e-02 -1.026618354822678159e-01 -6.100881865458159664e-02
1.596129580166362061e+01 2.911944714113433585e-01 -1.456335262257071189e-02 -4.291066830698349321e-02 -1.271535841776875314e-02
1.606129580166362203e+01 2.896606472344420702e-01 -1.342102816050289374e-02 1.104607939507588898e-02 3.543605181073171406e-02
1.616129580166362345e+01 2.934767633881273374e-01 -7.522318454834848664e-03 6.842363166683096409e-02 8.220546066783163131e-02
1.626129580166362487e+01 3.037268172015318846e-01 2.936324015428747394e-03 1.347900713148548479e-01 1.264713684251098091e-01
1.636129580166362629e+01 3.204690327617206735e-01 1.765766753144774881e-02 2.053560215912017539e-01 1.673145527648372821e-01
1.646129580166362771e+01 3.454166301478288070e-01 3.626258253133123055e-02 2.892427033802542624e-01 2.040720517122870392e-01
1.656129580166362913e+01 3.769534220478215070e-01 5.832247389129788240e-02 3.375943675019422718e-01 2.363283169524418303e-01
1.666129580166363056e+01 4.128613550858692971e-01 8.335762003044477897e-02 3.824792526795619541e-01 2.634725120794126352e-01
1.676129580166363198e+01 4.538544660406606535e-01 1.108306053750607451e-01 4.353295984768507099e-01 2.850387951580173329e-01
1.686129580166363340e+01 4.983057154012562884e-01 1.401725232506433050e-01 4.458473280490237722e-01 3.008038285006816581e-01
1.696129580166363482e+01 5.427446331535747959e-01 1.707824979521102571e-01 4.424980723165600760e-01 3.103081244490996649e-01
1.706129580166363624e+01 5.856392974911300842e-01 2.020095351520126425e-01 4.099312618085831361e-01 3.130660834138974669e-01
1.716129580166363766e+01 6.249997116855711132e-01 2.331528666282486340e-01 3.802636645296932350e-01 3.085534222126308235e-01
1.726129580166363908e+01 6.615722266424475251e-01 2.634693653438224814e-01 3.513399193078184379e-01 2.965234260505623665e-01
1.736129580166364050e+01 6.959468923499206872e-01 2.922108469721201862e-01 3.393773539847182996e-01 2.771128918086808723e-01
1.746129580166364192e+01 7.301525253598293297e-01 3.186672601754906298e-01 3.500422375156418964e-01 2.509814375244648343e-01
1.756129580166364335e+01 7.659924063369395464e-01 3.422245331878617791e-01 3.597214459384980301e-01 2.193794151582107721e-01
1.766129580166364477e+01 8.012159182184065420e-01 3.624088206604913487e-01 3.453034901940204016e-01 1.837414399674932031e-01
1.776129580166364619e+01 8.342391395014175925e-01 3.788818503621264600e-01 3.056100501768804767e-01 1.453656553620397140e-01
1.786129580166364761e+01 8.613633522436214829e-01 3.914252847617278319e-01 2.378375710442360846e-01 1.052792437011447479e-01
1.796129580166364903e+01 8.820460884440094462e-01 3.999056591108362535e-01 1.774909042967159900e-01 6.423622597685849089e-02
1.806129580166365045e+01 8.967999444228295092e-01 4.042692183599299605e-01 1.084707261867532552e-01 2.309216313645815616e-02
1.816129580166365187e+01 9.011928381828179235e-01 4.045424906513391816e-01 -2.368693519293237071e-02 -1.753696697451363057e-02
1.826129580166365329e+01 8.934623292815384588e-01 4.007768897493679261e-01 -1.271609614663344878e-01 -5.769428524465296249e-02
1.836129580166365471e+01 8.751647582694510596e-01 3.930234432606717343e-01 -2.381068158394350764e-01 -9.726752205306379850e-02
1.846129580166365614e+01 8.470246623389098284e-01 3.813471015915927409e-01 -3.211097861504111362e-01 -1.361129512264745989e-01
1.856129580166365756e+01 8.113896030529800241e-01 3.658385758566408130e-01 -3.856925128634656752e-01 -1.738220249277637741e-01
1.866129580166365898e+01 7.711407657821658379e-01 3.466433591327888197e-01 -4.148344186258962063e-01 -2.096957344794296296e-01
1.876129580166366040e+01 7.297217422150999999e-01 3.239968480500893810e-01 -4.076088655566219021e-01 -2.426322476481188317e-01
1.886129580166366182e+01 6.893561455221344225e-01 2.982629409134158194e-01 -4.021229877646157469e-01 -2.711982538971738910e-01
1.896129580166366324e+01 6.503379457957840781e-01 2.699471323902739028e-01 -3.738705094544423901e-01 -2.940584069916000742e-01
1.906129580166366466e+01 6.132889978979743084e-01 2.396847047761495320e-01 -3.749123034651293263e-01 -3.099446914431317479e-01
1.916129580166366608e+01 5.756229816782167941e-01 2.082143021919332648e-01 -3.748549918428926153e-01 -3.181533326249937899e-01
1.926129580166366750e+01 5.380167801624519130e-01 1.763208001257290103e-01 -3.795625335402051936e-01 -3.183754965473715171e-01
1.936129580166366893e+01 4.996107076199942654e-01 1.448037849296076873e-01 -3.886523939971495700e-01 -3.106722739531099231e-01
1.946129580166367035e+01 4.609965792797395268e-01 1.144359291477981683e-01 -3.761402284225961457e-01 -2.954813497842348480e-01
1.956129580166367177e+01 4.253453479416574035e-01 8.594202668587810900e-02 -3.353475426053749153e-01 -2.732516287125412724e-01
1.966129580166367319e+01 3.942345025414416004e-01 6.000793561607489779e-02 -2.874567905799556566e-01 -2.443569107774276605e-01
1.976129580166367461e+01 3.673087099691406676e-01 3.727425621482242935e-02 -2.505487283373885599e-01 -2.093701779985596700e-01
1.986129580166367603e+01 3.448782758023670181e-01 1.830703815210518032e-02 -1.957005831223776193e-01 -1.691853515232246696e-01
1.996129580166367745e+01 3.286574743100006413e-01 3.579887039962573528e-03 -1.252161139477837581e-01 -1.247186216655648272e-01
2.006129580166367887e+01 3.192386116542847430e-01 -6.523417471318309138e-03 -7.141914720207379053e-02 -7.686790792823179619e-02
2.016129580166368029e+01 3.141993380080380649e-01 -1.172195739566981969e-02 -2.329434205552773779e-02 -2.686929449361949440e-02
2.026129580166368171e+01 3.149591507513896937e-01 -1.187216136744160058e-02 3.732301793273858775e-02 2.388634923006786870e-02
2.036129580166368314e+01 3.219908660577704973e-01 -6.961632822031858098e-03 1.039435434641114708e-01 7.413940604114024890e-02
2.046129580166368456e+01 3.355352076467608136e-01 2.899624402184159191e-03 1.706156464956003760e-01 1.227089784623019431e-01
2.056129580166368598e+01 3.570518209638189888e-01 1.748941325851598866e-02 2.563557501436110053e-01 1.685730198060531315e-01
2.066129580166368740e+01 3.854366774985609756e-01 3.649820134421487977e-02 3.095311059371938511e-01 2.109415010175061111e-01
2.076129580166368882e+01 4.188179346825641192e-01 5.952891750271967208e-02 3.536391114964841931e-01 2.488503706467557197e-01
2.086129580166369024e+01 4.562367746374841881e-01 8.608738435851968906e-02 4.056388840442902155e-01 2.813424837451666272e-01
2.096129580166369166e+01 5.023320024164721342e-01 1.155988578485203089e-01 5.182931921887596882e-01 3.079197213591475801e-01
2.106129580166369308e+01 5.579969169302546605e-01 1.474865852731708782e-01 5.820140408559537626e-01 3.289341183084667497e-01
2.116129580166369450e+01 6.170934109156130942e-01 1.812020112972573260e-01 5.943653706220177746e-01 3.444234155103383932e-01
2.126129580166369593e+01 6.755300470782654720e-01 2.161716565128299905e-01 5.697457346033091286e-01 3.539134353251584542e-01
2.136129580166369735e+01 7.307039231655012568e-01 2.517608321359494639e-01 5.278493173332776678e-01 3.566917820522226279e-01
2.146129580166369877e+01 7.786812235765965262e-01 2.872600040014394174e-01 4.219088918713723713e-01 3.519449101585740980e-01
2.156129580166370019e+01 8.142164627897814366e-01 3.218565804860900048e-01 2.835671275915981893e-01 3.384011349493207255e-01
2.166129580166370161e+01 8.346349845977862891e-01 3.545991372528903285e-01 1.302848839767359324e-01 3.146282963390166221e-01
2.176129580166370303e+01 8.423627851935757693e-01 3.844039673479667241e-01 2.904409439181711294e-02 2.795528384409207145e-01
2.186129580166370445e+01 8.402707091884903390e-01 4.101307015645125342e-01 -6.807480474078467236e-02 2.331203235655605610e-01
2.196129580166370587e+01 8.308571674763036707e-01 4.306703106183188967e-01 -1.081515163609300667e-01 1.760023109459761814e-01
2.206129580166370729e+01 8.196700827436365078e-01 4.450347143157374896e-01 -1.155402966383380775e-01 1.100170738164061995e-01
2.216129580166370872e+01 8.084804868756670926e-01 4.524668880136379356e-01 -9.994908477226351062e-02 3.784697366787435902e-02
2.226129580166371014e+01 8.007890520911735699e-01 4.525074097433068876e-01 -5.337645588872763636e-02 -3.720445482638799761e-02
2.236129580166371156e+01 7.976531534507443899e-01 4.450566225767367268e-01 -1.201955598696190924e-02 -1.113404592397005399e-01
2.246129580166371298e+01 7.969471722418864923e-01 4.303927970074044596e-01 -8.682421536087669978e-03 -1.808990989754149792e-01
2.256129580166371440e+01 7.962196324486707777e-01 4.091306817765638648e-01 -1.408123848531419448e-03 -2.428464868282921296e-01
2.266129580166371582e+01 7.959815140310274595e-01 3.821668833514739738e-01 -1.209282065306084217e-02 -2.945177192912048492e-01
2.276129580166371724e+01 7.924832241571271307e-01 3.506367422817006085e-01 -6.526974073176076974e-02 -3.339366641091321974e-01
2.286129580166371866e+01 7.803555554162242558e-01 3.158166153718759417e-01 -1.893518252973637461e-01 -3.602995290483291813e-01
2.296129580166372008e+01 7.547524514282174524e-01 2.789919798441488630e-01 -3.102168290498181769e-01 -3.742216808968225616e-01
2.306129580166372151e+01 7.205247922106763347e-01 2.413503959533592480e-01 -3.700148796463975653e-01 -3.767856609473680951e-01
2.316129580166372293e+01 6.814908422061483062e-01 2.039863018013692020e-01 -4.031432209215071172e-01 -3.688100161355393203e-01
2.326129580166372435e+01 6.414263774788671046e-01 1.679133357085338119e-01 -3.925464072823079964e-01 -3.510778977260205491e-01
2.336129580166372577e+01 6.048474540377881681e-01 1.340760213825014646e-01 -3.245478105347517350e-01 -3.241720987930362119e-01
2.346129580166372719e+01 5.781711726848298705e-01 1.033795934656047688e-01 -2.126160156929758349e-01 -2.882362262482467963e-01
2.356129580166372861e+01 5.608766798363016282e-01 7.672982650153313544e-02 -1.381657252379189238e-01 -2.433021692861555008e-01
2.366129580166373003e+01 5.491701381958045136e-01 5.499231388109248470e-02 -1.071445270496995533e-01 -1.902050302106301494e-01
2.376129580166373145e+01 5.380108859393429865e-01 3.890099751878669382e-02 -1.146696075831569184e-01 -1.307711659554191275e-01
2.386129580166373287e+01 5.270793978562791082e-01 2.896460434872186185e-02 -1.016763329259735282e-01 -6.753499994639296233e-02
2.396129580166373430e+01 5.179038336963226463e-01 2.543728349728895458e-02 -8.111843805859159096e-02 -2.999238210818114259e-03
2.406129580166373572e+01 5.105631238710642839e-01 2.832673800314609164e-02 -6.780593776002430406e-02 6.039293982605267730e-02
2.416129580166373714e+01 5.045010557827681597e-01 3.739549274328799605e-02 -5.166581600772324201e-02 1.201812238055117998e-01
2.426129580166373856e+01 5.000178959959837854e-01 5.216616804353970543e-02 -4.011406143681079534e-02 1.740696715377626491e-01
2.436129580166373998e+01 4.964270319938803855e-01 7.194276947205113792e-02 -3.158756388384782732e-02 2.199689628063924707e-01
2.446129580166374140e+01 4.935790543196714730e-01 9.583308304666796062e-02 -2.440308120426002911e-02 2.560738650516970472e-01
2.456129580166374282e+01 4.925725317553130145e-01 1.227848328857822358e-01 1.272304969358124468e-02 2.810285503426366849e-01
2.466129580166374424e+01 4.976782973137538479e-01 1.516503926428225402e-01 9.395603724186772643e-02 2.943695996303234419e-01
2.476129580166374566e+01 5.119583645814688166e-01 1.812908240998248044e-01 1.968380236694978747e-01 2.966971820905600077e-01
2.486129580166374708e+01 5.383495676430106736e-01 2.106698648669093898e-01 3.337247785020295288e-01 2.894582337769109337e-01
2.496129580166374851e+01 5.781462875642883192e-01 2.389377951905733433e-01 4.570075146849730263e-01 2.748809889068083989e-01
2.506129580166374993e+01 6.284162110097415432e-01 2.654808569368823368e-01 5.402860037780131686e-01 2.553357575564452753e-01
2.516129580166375135e+01 6.851932774977954610e-01 2.899073876452606946e-01 5.927753173887598814e-01 2.328540061775324910e-01
2.526129580166375277e+01 7.452071890381326558e-01 3.120103138552674515e-01 5.915943355264015047e-01 2.091073754042759303e-01
2.536129580166375419e+01 8.009854424467961476e-01 3.317188136451570957e-01 5.176937159016981038e-01 1.850243624183724456e-01
2.546129580166375561e+01 8.478378817066697382e-01 3.490041225033723160e-01 4.151782469407618859e-01 1.605967127602144218e-01
2.556129580166375703e+01 8.832850964825210704e-01 3.638118845181819716e-01 2.885188388934514792e-01 1.353711057152568453e-01
2.566129580166375845e+01 9.043806229197692836e-01 3.760256853036407221e-01 1.306515319707717004e-01 1.085510067953538993e-01
2.576129580166375987e+01 9.091959317655663453e-01 3.854316978475472166e-01 -3.657274971238044792e-02 7.901960419883324871e-02
2.586129580166376130e+01 8.971794337727719837e-01 3.917002627411849125e-01 -1.984845987602083528e-01 4.561501503481981551e-02
2.596129580166376272e+01 8.706649114898989961e-01 3.943954727864688037e-01 -3.233047855767749446e-01 7.457146848577789200e-03
2.606129580166376414e+01 8.363173568928796708e-01 3.930290044727607901e-01 -3.400422299324539765e-01 -3.551892300155930909e-02
2.616129580166376556e+01 8.048549468769526927e-01 3.871816118016211949e-01 -2.880471496964192579e-01 -8.176290027055349574e-02
2.626129580166376698e+01 7.795006785375520053e-01 3.766561083500953866e-01 -2.170663617226152864e-01 -1.286034249896398363e-01
2.636129580166376840e+01 7.600326910141395054e-01 3.615387804635070146e-01 -1.778335479766998961e-01 -1.731322033673689254e-01
2.646129580166376982e+01 7.451639678297269365e-01 3.421911426662019307e-01 -1.109504112494862083e-01 -2.128040059401649364e-01
2.656129580166377124e+01 7.381441898535874291e-01 3.192267154562448694e-01 -3.011429973011117700e-02 -2.450207236171129677e-01
2.666129580166377266e+01 7.381367902309678986e-01 2.935189445753519921e-01 1.397290802814913496e-02 -2.673080287162524216e-01
2.676129580166377409e+01 7.376002039158714441e-01 2.661461176482567415e-01 -3.164466495192790746e-02 -2.782283041762412812e-01
2.686129580166377551e+01 7.308711667110345811e-01 2.382486415539554758e-01 -1.126724171072834291e-01 -2.779172456435182736e-01
2.696129580166377693e+01 7.142744338362712053e-01 2.108972621739678144e-01 -2.115505811908749700e-01 -2.675927961019515244e-01
2.706129580166377835e+01 6.894934669476274758e-01 1.850038763253688823e-01 -2.910537596325469267e-01 -2.490543090851404795e-01
2.716129580166377977e+01 6.546214431236982989e-01 1.612929467727491073e-01 -4.048338134359442675e-01 -2.243483695066224581e-01
2.726129580166378119e+01 6.100269266723514772e-01 1.402533264424022652e-01 -4.786153603784961685e-01 -1.960520082440980194e-01
2.736129580166378261e+01 5.605738446481004500e-01 1.221267046180696536e-01 -5.014782716355884462e-01 -1.664090009767316969e-01
2.746129580166378403e+01 5.113129867851444743e-01 1.069634848694686058e-01 -4.781303215385114269e-01 -1.369846087859715733e-01
2.756129580166378545e+01 4.660098783465957961e-01 9.469158677509689759e-02 -4.204514544222683892e-01 -1.086890386454185953e-01
2.766129580166378688e+01 4.287430676039879485e-01 8.517653837940679373e-02 -3.207514359553353955e-01 -8.184381212080851786e-02
2.776129580166378830e+01 4.024506649837568117e-01 7.828356579726815367e-02 -1.996106392392910933e-01 -5.616590889970411032e-02
2.786129580166378972e+01 3.893358864879924441e-01 7.392695790200100314e-02 -6.930486889972628517e-02 -3.097251738347807024e-02
2.796129580166379114e+01 3.863907316731591823e-01 7.209741083861752331e-02 2.902233536705212114e-03 -5.560354892743233496e-03
2.806129580166379256e+01 3.895366801558087233e-01 7.282335738535675174e-02 6.149454744838531856e-02 2.010117719687582599e-02
2.816129580166379398e+01 3.994474554118732090e-01 7.611920131763710851e-02 1.407761002085952395e-01 4.582032413933829346e-02
2.826129580166379540e+01 4.176382282545703650e-01 8.199059307665934604e-02 2.193212390136393408e-01 7.163315039220087554e-02
2.836129580166379682e+01 4.426798452454222543e-01 9.045000029105006167e-02 2.782968965359008950e-01 9.756207048360546197e-02
2.846129580166379824e+01 4.721075226963465932e-01 1.014984259500135849e-01 3.026360646597072712e-01 1.233362991778420015e-01
2.856129580166379966e+01 5.020074494006243615e-01 1.150877040928615369e-01 2.911330945687819471e-01 1.482081176516005239e-01
2.866129580166380109e+01 5.293248090897156866e-01 1.310698133514523744e-01 2.490594497055217960e-01 1.709610068177213060e-01
2.876129580166380251e+01 5.514346815888582221e-01 1.491574993105467817e-01 1.981676812266677246e-01 1.900420488822878728e-01
2.886129580166380393e+01 5.699242674200851733e-01 1.689060564093621264e-01 1.697603990275936836e-01 2.039783508534622758e-01
2.896129580166380535e+01 5.844953475407357324e-01 1.897462364268528157e-01 1.207278785153296508e-01 2.117023883381222160e-01
2.906129580166380677e+01 5.942644260474232443e-01 2.110062700617590381e-01 7.495736283340173611e-02 2.122314869486004729e-01
2.916129580166380819e+01 6.002474631958591988e-01 2.319302229809556137e-01 5.277658936644026577e-02 2.049136474338060232e-01
2.926129580166380961e+01 6.058166761646420762e-01 2.517273124289043928e-01 5.957258739275721193e-02 1.897699586200572719e-01
2.936129580166381103e+01 6.130254103834268387e-01 2.696475556090786596e-01 9.255259734767311286e-02 1.675496070541878935e-01
2.946129580166381245e+01 6.249695532743768656e-01 2.850483822741157747e-01 1.428783602287636012e-01 1.396800496407208103e-01
2.956129580166381388e+01 6.405506347954652568e-01 2.974569803194203610e-01 1.637424101731771442e-01 1.080034692038244482e-01
2.966129580166381530e+01 6.569056856901249741e-01 3.065771296497328824e-01 1.612183642695895758e-01 7.416025274114360077e-02
2.976129580166381672e+01 6.724100444813664312e-01 3.122638170915600919e-01 1.438165089276043640e-01 3.955597796083547973e-02
2.986129580166381814e+01 6.841984736492051633e-01 3.145020833856177478e-01 8.749065857893929821e-02 5.342862149524507664e-03
2.996129580166381956e+01 6.902926080412816745e-01 3.133683773089774305e-01 3.893397041861726415e-02 -2.778590197838019110e-02
3.006129580166382098e+01 6.919815851727418865e-01 3.090038384741552457e-01 -9.102839394434125708e-03 -5.914994553047595721e-02
3.016129580166382240e+01 6.885694535910719116e-01 3.016180405941553122e-01 -5.081835871681931321e-02 -8.812522373692063815e-02
3.026129580166382382e+01 6.836583234519381103e-01 2.914809680764582911e-01 -4.463644675027594877e-02 -1.140137009625817183e-01
3.036129580166382524e+01 6.791527091480764611e-01 2.789549498029989527e-01 -4.780921047821275194e-02 -1.357260512292483012e-01
3.046129580166382667e+01 6.733908712839684618e-01 2.645040591922070417e-01 -7.506467996435328693e-02 -1.524067829453309153e-01
3.056129580166382809e+01 6.629093030117921836e-01 2.486509978817030286e-01 -1.361078761972774054e-01 -1.637901653733250529e-01
3.066129580166382951e+01 6.458129942484136521e-01 2.319102092019390271e-01 -2.062946490972007163e-01 -1.702599165075520393e-01
3.076129580166383093e+01 6.237796452810288050e-01 2.147403477231248359e-01 -2.188647837222433556e-01 -1.724641083989712220e-01
3.086129580166383235e+01 6.019480636771257220e-01 1.975543827713181488e-01 -2.281552983483057795e-01 -1.705677591166558371e-01
3.096129580166383377e+01 5.787858869123911898e-01 1.807569289758125530e-01 -2.237766339674449878e-01 -1.647616715631835538e-01
3.106129580166383519e+01 5.568383541318329133e-01 1.647253395192593284e-01 -2.232602095245124207e-01 -1.552691070838636000e-01
3.116129580166383661e+01 5.344035313069823712e-01 1.498136574246116126e-01 -2.227500738271608327e-01 -1.424595518187209975e-01
3.126129580166383803e+01 5.114488135245444100e-01 1.363248236999798912e-01 -2.370560966857510055e-01 -1.269248638252400418e-01
3.136129580166383946e+01 4.881121838515272704e-01 1.244931344295293896e-01 -2.283289871725168729e-01 -1.094428771103829745e-01
3.146129580166384088e+01 4.652539343106225633e-01 1.144786981346618826e-01 -2.277764311224208804e-01 -9.069726666621164002e-02
3.156129580166384230e+01 4.428881976688121558e-01 1.063708507083850757e-01 -2.202424852182245096e-01 -7.143246649249175573e-02
3.166129580166384372e+01 4.217508810366003003e-01 1.001860596777744417e-01 -1.969372050252370387e-01 -5.234346463166353325e-02
3.176129580166384514e+01 4.040891223366070983e-01 9.588063529768328652e-02 -1.529862426533920849e-01 -3.389109995471041581e-02
3.186129580166384656e+01 3.918888028676045243e-01 9.338218712036482072e-02 -9.324645337094014663e-02 -1.619676824901011836e-02
3.196129580166384798e+01 3.851513234962352095e-01 9.261840369179151489e-02 -3.253488306154071752e-02 8.089109390452299542e-04
3.206129580166384585e+01 3.870528936447666934e-01 9.352890506440794671e-02 6.569642445237182382e-02 1.738652961004197653e-02
3.216129580166384727e+01 3.967065954394019545e-01 9.610167879167856586e-02 1.261759667312517819e-01 3.412055207575311749e-02
3.226129580166384869e+01 4.117810693886247986e-01 1.003654651056763020e-01 1.675140300670059090e-01 5.122000810890536132e-02
3.236129580166385011e+01 4.293873618456957031e-01 1.063532946243871541e-01 1.848128849023843445e-01 6.853652921515894503e-02
3.246129580166385153e+01 4.485169008006639202e-01 1.140646293867266098e-01 1.982777355343850467e-01 8.560576057871858990e-02
3.256129580166385296e+01 4.697817977165476000e-01 1.234498334974651473e-01 2.268304208748117001e-01 1.019483288599550008e-01
3.266129580166385438e+01 4.929442621587809548e-01 1.344188834855522818e-01 2.354948497794213114e-01 1.172163390300567654e-01
3.276129580166385580e+01 5.175711384934160719e-01 1.468419422901498794e-01 2.575267560363964092e-01 1.309618933081769798e-01
3.286129580166385722e+01 5.434162680842002935e-01 1.605499461804769656e-01 2.528817790108268682e-01 1.428550057440186316e-01
3.296129580166385864e+01 5.679333469636025367e-01 1.753330227503630545e-01 2.438799298303566954e-01 1.523518946491725368e-01
3.306129580166386006e+01 5.934017420360130357e-01 1.909244529609945007e-01 2.626211026148115857e-01 1.589931301504156069e-01
3.316129580166386148e+01 6.189020723908426058e-01 2.070330375583332161e-01 2.440601397227810665e-01 1.626577308389084708e-01
3.326129580166386290e+01 6.422334997365592990e-01 2.233446835200448843e-01 2.193685156954849336e-01 1.629879435948294875e-01
3.336129580166386432e+01 6.616021403301967085e-01 2.395057809095816337e-01 1.631715737420160184e-01 1.595607989004259875e-01
3.346129580166386575e+01 6.742392979965510236e-01 2.551099936304676019e-01 8.931934308176954496e-02 1.517256411421155915e-01
3.356129580166386717e+01 6.803607356294112396e-01 2.696808960719697112e-01 3.945945267671318452e-02 1.388104894317565563e-01
3.366129580166386859e+01 6.831643517153898060e-01 2.826968302414041845e-01 2.193271821154131954e-02 1.206593802831559537e-01
3.376129580166387001e+01 6.853775856848948189e-01 2.936549926645496411e-01 2.044933465649105206e-02 9.779012832707184577e-02
3.386129580166387143e+01 6.867628549141198135e-01 3.021277299382895132e-01 7.606444225521768326e-03 7.110557363274047638e-02
3.396129580166387285e+01 6.869140830181922341e-01 3.077809222790569010e-01 -5.436445896084029714e-03 4.156975804600590574e-02
3.406129580166387427e+01 6.860655660446061122e-01 3.103821958103643031e-01 -8.388753984319239493e-03 1.025788937300261411e-02
3.416129580166387569e+01 6.852255206700824663e-01 3.098154644337406394e-01 -9.238317352084812056e-03 -2.156483043493157697e-02
3.426129580166387711e+01 6.840961909058158597e-01 3.060966255938434299e-01 -1.810297350761289753e-02 -5.256862897200584306e-02
3.436129580166387854e+01 6.806470580969772310e-01 2.993672201157674961e-01 -4.706688685167195740e-02 -8.162380059309896907e-02
3.446129580166387996e+01 6.761645033524344983e-01 2.898666185879087975e-01 -4.372909404492768964e-02 -1.078193697276710883e-01
3.456129580166388138e+01 6.705757046527214271e-01 2.779337726039819989e-01 -6.813811265437740017e-02 -1.301266712192543085e-01
3.466129580166388280e+01 6.636902539279225799e-01 2.639934020076171728e-01 -6.709737955349265315e-02 -1.478598294073770192e-01
3.476129580166388422e+01 6.569432430947531598e-01 2.485380217297540884e-01 -6.801501664647469081e-02 -1.603173958692694911e-01
3.486129580166388564e+01 6.499018067810339305e-01 2.321230414970646971e-01 -7.491285368846493931e-02 -1.669921633248734327e-01
3.496129580166388706e+01 6.419812148515469108e-01 2.153386226138798432e-01 -8.378610554132845389e-02 -1.677039103431418321e-01
3.506129580166388848e+01 6.325222576160776100e-01 1.987769508594121881e-01 -1.044929311786409187e-01 -1.625920068922312445e-01
3.516129580166388990e+01 6.226424756643412772e-01 1.829995849751502868e-01 -8.881013185682233579e-02 -1.520840607370681219e-01
3.526129580166389133e+01 6.137812937114943690e-01 1.685298839999277709e-01 -9.183025014278127507e-02 -1.365058869547260134e-01
3.536129580166389275e+01 6.051115892432470389e-01 1.558461933474787064e-01 -7.890176301268558845e-02 -1.164877255404595385e-01
3.546129580166389417e+01 5.969763416498943265e-01 1.453563582328788462e-01 -9.024736278746801899e-02 -9.277003913428158444e-02
3.556129580166389559e+01 5.868113350576813492e-01 1.373775879637404995e-01 -1.107431398189734628e-01 -6.649666023062418552e-02
3.566129580166389701e+01 5.750156128397919675e-01 1.320958972728387137e-01 -1.279195865456947689e-01 -3.905680347241864692e-02
3.576129580166389843e+01 5.606300402277747397e-01 1.295572723767410284e-01 -1.580545040533401502e-01 -1.189358462292578605e-02
3.586129580166389985e+01 5.444379774518453008e-01 1.296570092119369300e-01 -1.616362571395995318e-01 1.348202674597462694e-02
3.596129580166390127e+01 5.293318929545303142e-01 1.321563471116961597e-01 -1.323224303379501032e-01 3.595667629635465601e-02
3.606129580166390269e+01 5.187537197867801986e-01 1.367340429670375612e-01 -8.124251309062596738e-02 5.501767184360718127e-02
3.616129580166390411e+01 5.135999086624344345e-01 1.430433521066129809e-01 -1.343071811840222674e-02 7.059612178765033164e-02
3.626129580166390554e+01 5.164137743239570755e-01 1.507480466230491090e-01 6.218225341697790343e-02 8.302610507413125951e-02
3.636129580166390696e+01 5.244472473343176899e-01 1.595605957860654622e-01 9.280160957883396011e-02 9.279817991047875636e-02
3.646129580166390838e+01 5.342704108385339934e-01 1.692210949298456335e-01 1.038690932914165393e-01 9.996658305147154699e-02
3.656129580166390980e+01 5.453040985409386421e-01 1.794633951511503123e-01 1.128415703434118567e-01 1.044242173385110384e-01
3.666129580166391122e+01 5.559697451811910218e-01 1.900124797066240490e-01 1.005639460527483486e-01 1.060697646467135824e-01
3.676129580166391264e+01 5.655539622449773374e-01 2.005766234117326852e-01 8.994799862056945816e-02 1.046997989280392949e-01
3.686129580166391406e+01 5.746592843144130436e-01 2.108490124100207974e-01 1.020476651616345487e-01 1.002423115591237340e-01
3.696129580166391548e+01 5.877419891695512266e-01 2.205353516056711149e-01 1.653985186211298641e-01 9.312184910542815885e-02
3.706129580166391690e+01 6.086599438324713507e-01 2.294242129685556686e-01 2.535493471474464799e-01 8.454142432578792832e-02
3.716129580166391833e+01 6.373154482672567234e-01 2.374474346997063057e-01 3.124611606518726825e-01 7.605796536631377613e-02
3.726129580166391975e+01 6.697673392071767928e-01 2.446795441211391253e-01 3.245276658393169145e-01 6.886480266432476460e-02
3.736129580166392117e+01 6.993737902329418832e-01 2.512778061069058100e-01 2.594029304237904232e-01 6.335080031635827169e-02
3.746129580166392259e+01 7.209103537695783492e-01 2.573846882596766417e-01 1.642231170209245694e-01 5.887421763759096566e-02
3.756129580166392401e+01 7.306638501521133255e-01 2.630465372736708329e-01 3.051437314826713210e-02 5.419224807848269099e-02
3.766129580166392543e+01 7.278918431992124072e-01 2.681612108126731897e-01 -8.505686870820095002e-02 4.766741785676647386e-02
3.776129580166392685e+01 7.132760290280877324e-01 2.724704446257663615e-01 -2.058259034911270879e-01 3.785399029188726838e-02
3.786129580166392827e+01 6.876876485671666872e-01 2.755794192328892001e-01 -3.009572429045932473e-01 2.348317592415723881e-02
3.796129580166392969e+01 6.542812098051911107e-01 2.769894640127094076e-01 -3.584766215901166730e-01 3.808575660715730199e-03
3.806129580166393112e+01 6.179741773150700945e-01 2.761649477397547514e-01 -3.586280617373995838e-01 -2.111583657286824831e-02
3.816129580166393254e+01 5.839795874670473674e-01 2.726254620257147487e-01 -3.137923841056214358e-01 -5.023875864855747997e-02
3.826129580166393396e+01 5.577301750501948430e-01 2.660406701150226372e-01 -1.964275162036789313e-01 -8.161728889190852931e-02
3.836129580166393538e+01 5.453546167621843299e-01 2.563257994043200427e-01 -6.146300150352829172e-02 -1.122751214189854352e-01
3.846129580166393680e+01 5.431950218095339400e-01 2.437148348478526683e-01 1.113797101762034614e-02 -1.390939203452398742e-01
3.856129580166393822e+01 5.464197437917465150e-01 2.287090479804018972e-01 5.007489974064074922e-02 -1.598762136708348769e-01
3.866129580166393964e+01 5.536025252235595717e-01 2.119904574931709418e-01 9.599430918237286670e-02 -1.731367321597221953e-01
3.876129580166394106e+01 5.651103590024877388e-01 1.943722358935689731e-01 1.298877254975045470e-01 -1.777013679723581652e-01
3.886129580166394248e+01 5.782399724774546224e-01 1.767623518442696662e-01 1.190838961072963470e-01 -1.729338710108839494e-01
3.896129580166394391e+01 5.859191377878658624e-01 1.600828985286359418e-01 2.510934083854940435e-02 -1.592988936491836205e-01
3.906129580166394533e+01 5.822528691091564124e-01 1.451360662991107164e-01 -1.021249608899530148e-01 -1.386832958563668783e-01
3.916129580166394675e+01 5.653548329103407211e-01 1.324893918486429178e-01 -2.341537834323872413e-01 -1.137813337208811865e-01
3.926129580166394817e+01 5.358514502646098965e-01 1.224244292014872448e-01 -3.500644569733992184e-01 -8.753642112909533479e-02
3.936129580166394959e+01 4.976686513278433255e-01 1.149358541762949548e-01 -3.999955873809777351e-01 -6.264335669273732310e-02
3.946129580166395101e+01 4.586465705784976699e-01 1.097916422557541627e-01 -3.654495889476626624e-01 -4.082955495985481076e-02
3.956129580166395243e+01 4.264603501904847271e-01 1.066522975385113398e-01 -2.758458298203965153e-01 -2.251388784109626534e-02
3.966129580166395385e+01 4.046118455788231261e-01 1.051885843895911110e-01 -1.507172962452256459e-01 -7.185158820948955166e-03
3.976129580166395527e+01 3.971442026185246221e-01 1.051543269940249936e-01 -2.938888555975321948e-03 6.328936784213505182e-03
3.986129580166395669e+01 4.028970439793920222e-01 1.064441051465113697e-01 1.132377458032971379e-01 1.951995095750667930e-02
3.996129580166395812e+01 4.194437510766964028e-01 1.090858062150874691e-01 2.204778433433045026e-01 3.353034885637537488e-02
4.006129580166395954e+01 4.468246989104175948e-01 1.132100580986769578e-01 3.159517548451550306e-01 4.933145756872815008e-02
4.016129580166396096e+01 4.797877750554246923e-01 1.190327537919528139e-01 3.343431826441703447e-01 6.750831139229425404e-02
4.026129580166396238e+01 5.130084908461992610e-01 1.267767414129564729e-01 3.294518955619863965e-01 8.762397486955558756e-02
4.036129580166396380e+01 5.456868406445443132e-01 1.365922834584381296e-01 3.216649138720659162e-01 1.087799610088642233e-01
4.046129580166396522e+01 5.759075110353292226e-01 1.485324851247933897e-01 2.742984115162878100e-01 1.299071997749921548e-01
4.056129580166396664e+01 5.996089105370631112e-01 1.625207898703868725e-01 2.004721278789658445e-01 1.494359335832640134e-01
4.066129580166396806e+01 6.169157562551004226e-01 1.783053343084189390e-01 1.468924605024779784e-01 1.655519489342313910e-01
4.076129580166396948e+01 6.273945489633061534e-01 1.954662686664505045e-01 5.432919116234223578e-02 1.767035764518094798e-01
4.086129580166397091e+01 6.280732760050851127e-01 2.134223572737296293e-01 -3.591220233092139169e-02 1.811590567595989520e-01
4.096129580166397233e+01 6.203847936905463323e-01 2.314247651771019210e-01 -1.160845367782001036e-01 1.774281634085778936e-01
4.106129580166397375e+01 6.056492614096385951e-01 2.486024460417589343e-01 -1.757960576017139342e-01 1.645554325516710714e-01
4.116129580166397517e+01 5.869259151580822342e-01 2.640208464522206255e-01 -1.806995623768034576e-01 1.422712130992026813e-01
4.126129580166397659e+01 5.725597583054278239e-01 2.767733842931981436e-01 -9.979488260420008028e-02 1.115429153294016928e-01
4.136129580166397801e+01 5.681785892846826780e-01 2.861279529369791241e-01 1.722835835795732962e-02 7.479644279783818905e-02
4.146129580166397943e+01 5.753521884573962186e-01 2.916383349493973376e-01 1.196606220379494989e-01 3.521391793273509485e-02
4.156129580166398085e+01 5.915823328054777841e-01 2.931816444074361594e-01 2.003915936482523197e-01 -4.048509268705195729e-03
4.166129580166398227e+01 6.137203561819143394e-01 2.909321331702601765e-01 2.374979119154569940e-01 -4.023478342189676371e-02
4.176129580166398370e+01 6.387795254703158010e-01 2.853078527887415450e-01 2.588638247862019570e-01 -7.123720701798660904e-02
4.186129580166398512e+01 6.643708362540388102e-01 2.769104000312017644e-01 2.498083854594689013e-01 -9.549397484687745241e-02
4.196129580166398654e+01 6.873624733033145695e-01 2.664637316631618957e-01 1.997002391092899398e-01 -1.121414531087286670e-01
4.206129580166398796e+01 7.035495510108936701e-01 2.547356124885161721e-01 1.250410487145950655e-01 -1.212046204041922898e-01
4.216129580166398938e+01 7.113871006535629204e-01 2.424523037545628368e-01 2.302058734291725917e-02 -1.234079108113145251e-01
4.226129580166399080e+01 7.075018010995727247e-01 2.302369373970814814e-01 -9.879234482442453280e-02 -1.201402284945241039e-01
4.236129580166399222e+01 6.926669536118990056e-01 2.185448558182180867e-01 -1.892533656049458779e-01 -1.132449032741088546e-01
4.246129580166399364e+01 6.705549257232226168e-01 2.076555800235417026e-01 -2.576346576362215646e-01 -1.043121151974089889e-01
4.256129580166399506e+01 6.400287627637677446e-01 1.977024570444473328e-01 -3.519805244160932878e-01 -9.479522443742773030e-02
4.266129580166399649e+01 6.009949481184797548e-01 1.886593156502630042e-01 -4.251899182852559300e-01 -8.638135707195172819e-02
4.276129580166399791e+01 5.564388721062533127e-01 1.803424909474381499e-01 -4.523526159700392846e-01 -8.045346613928266999e-02
4.286129580166399933e+01 5.129602495602786361e-01 1.724653504384358049e-01 -4.117432562899612236e-01 -7.758516107516427729e-02
4.296129580166400075e+01 4.750360251327125916e-01 1.647370197082540511e-01 -3.364830936895529256e-01 -7.735211676308641204e-02
4.306129580166400217e+01 4.481579507867490819e-01 1.569446904505903961e-01 -1.931744526908924231e-01 -7.858809038665685864e-02
4.316129580166400359e+01 4.367958133193980408e-01 1.490389157207595849e-01 -3.597023035681609637e-02 -7.923432560059816276e-02
4.326129580166400501e+01 4.394846326988546825e-01 1.411925353900421454e-01 7.812585132372602825e-02 -7.706461312258466867e-02
4.336129580166400643e+01 4.511659054273307601e-01 1.337720397385812610e-01 1.560848067688569152e-01 -7.053625956015664722e-02
4.346129580166400785e+01 4.704033106112400220e-01 1.272601798435187281e-01 2.243203001603723545e-01 -5.877277559742083435e-02
4.356129580166400928e+01 4.964650949030365301e-01 1.222089423865965474e-01 3.028829489292689248e-01 -4.126648974229717853e-02
4.366129580166401070e+01 5.293400387625315506e-01 1.192098689123364530e-01 3.329630047505415247e-01 -1.770488947220936679e-02
4.376129580166401212e+01 5.606114630701889423e-01 1.188501728291635751e-01 2.953764403269262262e-01 1.128248194232416013e-02
4.386129580166401354e+01 5.887772674414675222e-01 1.215917180868744396e-01 2.600744988541288660e-01 4.402897171891427541e-02
4.396129580166401496e+01 6.105564511865908539e-01 1.277155447825467915e-01 1.681235140305538667e-01 7.853033166027023615e-02
4.406129580166401638e+01 6.215686615394308001e-01 1.372648303280622484e-01 5.288521546967578368e-02 1.120327821449706718e-01
4.416129580166401780e+01 6.223893463190302011e-01 1.499882802574762641e-01 -3.087088223640620244e-02 1.415440842979822644e-01
4.426129580166401922e+01 6.154009263630161319e-01 1.653572245557316522e-01 -1.086023928188388776e-01 1.645708919551141236e-01
4.436129580166402064e+01 6.018862481530843356e-01 1.826176921585806745e-01 -1.538064173258488210e-01 1.790846817552994019e-01
4.446129580166402206e+01 5.860642847577367531e-01 2.008480654303403390e-01 -1.528610346465345826e-01 1.838496486382491246e-01
4.456129580166402349e+01 5.735468390069384803e-01 2.190572167120307667e-01 -9.011477457123266699e-02 1.787483945436371957e-01
4.466129580166402491e+01 5.685532499371414028e-01 2.363043195365978622e-01 -8.977902902401996288e-03 1.648636955276598648e-01
4.476129580166402633e+01 5.718524707412189212e-01 2.517954545368373820e-01 7.537835128383900407e-02 1.439557042942947451e-01
4.486129580166402775e+01 5.837193829576001747e-01 2.649314944465575028e-01 1.597139345889236894e-01 1.181370051957902623e-01
4.496129580166402917e+01 6.023076956845687668e-01 2.753345930792279184e-01 2.038815830230309156e-01 8.965267844202037817e-02
4.506129580166403059e+01 6.240691480906184196e-01 2.828357547940832939e-01 2.318172111276502467e-01 6.037604175098330167e-02
4.516129580166403201e+01 6.472695213877405207e-01 2.874372657289915312e-01 2.189579935940887123e-01 3.190099907761898002e-02
4.526129580166403343e+01 6.665311103432880468e-01 2.892764850418388933e-01 1.701517029156226213e-01 5.221947792308181957e-03
4.536129580166403485e+01 6.825256418572269723e-01 2.885583089292598213e-01 1.521453965040392986e-01 -1.914336745332860523e-02
4.546129580166403628e+01 6.969447057688852309e-01 2.855490666845524883e-01 1.354271115766076117e-01 -4.047585585912109873e-02
4.556129580166403770e+01 7.089498002151242151e-01 2.805856483286022218e-01 9.931284858327921183e-02 -5.814801365706509517e-02
4.566129580166403912e+01 7.160125869356973594e-01 2.740488264658210715e-01 3.965538751830553765e-02 -7.195587972489157769e-02
4.576129580166404054e+01 7.168065722700864839e-01 2.663146524764669065e-01 -2.205492691832960234e-02 -8.216443716988164336e-02
4.586129580166404196e+01 7.113984191911222332e-01 2.577205475803131529e-01 -9.186192915658700220e-02 -8.924277735270179368e-02
4.596129580166404338e+01 6.978476829642802359e-01 2.485461435362107674e-01 -1.756655413725780046e-01 -9.393097858208229733e-02
4.606129580166404480e+01 6.770669000447503416e-01 2.389817172054233829e-01 -2.368274559950149238e-01 -9.718887328719032215e-02
4.616129580166404622e+01 6.520938887978230403e-01 2.291316833686038446e-01 -2.514904243498753966e-01 -9.972465028012102162e-02
4.626129580166404764e+01 6.279215200522033635e-01 2.190567815412559627e-01 -2.300779208432469636e-01 -1.016457604591702174e-01
4.636129580166404907e+01 6.066020527283185748e-01 2.088354026260510754e-01 -1.957683190372395965e-01 -1.025743982536724969e-01
4.646129580166405049e+01 5.884612820956259815e-01 1.985918102247559713e-01 -1.654952040315269546e-01 -1.020122085388506378e-01
4.656129580166405191e+01 5.744328083375610516e-01 1.884978278255211026e-01 -1.111299150909923206e-01 -9.949285170121839605e-02
4.666129580166405333e+01 5.667788662952283341e-01 1.787806238607793641e-01 -4.105532584505101890e-02 -9.434807716328290350e-02
4.676129580166405475e+01 5.653290093386156290e-01 1.697409442467127383e-01 3.393102714612315773e-03 -8.583960461053306845e-02
4.686129580166405617e+01 5.653386977988484885e-01 1.617333216317363431e-01 -1.576793772547998435e-02 -7.374813095262773566e-02
4.696129580166405759e+01 5.610433485178812907e-01 1.550853003232390559e-01 -6.213994141238057822e-02 -5.885584585647677530e-02
4.706129580166405901e+01 5.552321221416646191e-01 1.500160431390775706e-01 -5.041528785437889709e-02 -4.231626628545553936e-02
4.716129580166406043e+01 5.505892206630406127e-01 1.466562294207798545e-01 -4.479334421304907721e-02 -2.475880860354730956e-02
4.726129580166406186e+01 5.452082479233542056e-01 1.450757232325928792e-01 -6.790577562989938420e-02 -6.873951696309117676e-03
4.736129580166406328e+01 5.375166310842334205e-01 1.452577446459180632e-01 -8.288392669210623009e-02 1.030887875264898876e-02
4.746129580166406470e+01 5.276538976006244219e-01 1.470810026466092268e-01 -1.170511643593716844e-01 2.578431189943779928e-02
4.756129580166406612e+01 5.156740084013282654e-01 1.503222552509278498e-01 -1.147963424101613034e-01 3.851659300307556238e-02
4.766129580166406754e+01 5.048958660135415277e-01 1.546742295658664057e-01 -9.676633582120940102e-02 4.795293313966574045e-02
4.776129580166406896e+01 4.981305074355066309e-01 1.598003012512698717e-01 -3.462728836901449864e-02 5.404409412297787874e-02
4.786129580166407038e+01 4.973231091708260054e-01 1.653900900336124913e-01 1.667643479476189905e-02 5.734063369046021874e-02
4.796129580166407180e+01 5.021779936710476511e-01 1.711969363215362361e-01 8.480969537983454321e-02 5.850654755467073198e-02
4.806129580166407322e+01 5.145528882473137111e-01 1.770510071693050247e-01 1.631501824677500379e-01 5.846610731900407643e-02
4.816129580166407465e+01 5.353826996637468527e-01 1.828880931176746216e-01 2.560761881418058827e-01 5.837250434570356861e-02
4.826129580166407607e+01 5.647477550758838172e-01 1.887672215691209576e-01 3.193992341018719872e-01 5.951292766421234504e-02
4.836129580166407749e+01 5.975967769532468665e-01 1.948600700521971596e-01 3.364601691990292132e-01 6.270952343272502560e-02
4.846129580166407891e+01 6.325734480422821049e-01 2.013838270462106617e-01 3.638768200357649363e-01 6.815157642000876925e-02
4.856129580166408033e+01 6.684025130710667950e-01 2.085685062116353905e-01 3.332164634289208061e-01 7.590400355989918024e-02
4.866129580166408175e+01 6.965112382598540597e-01 2.166151506835315710e-01 2.274148700222304864e-01 8.513256877351860208e-02
4.876129580166408317e+01 7.138348927460159699e-01 2.255834025666281217e-01 1.130627628497941489e-01 9.401151544567004636e-02
4.886129580166408459e+01 7.180267596603301383e-01 2.353368496504041341e-01 -2.876474201491104055e-02 1.004601091372801791e-01
4.896129580166408601e+01 7.092443207151110096e-01 2.455192694338100834e-01 -1.376871962990549592e-01 1.022475381496614905e-01
4.906129580166408743e+01 6.922284792697840361e-01 2.555764001111510142e-01 -1.964704680259818648e-01 9.776948060780862870e-02
4.916129580166408886e+01 6.713074787723368742e-01 2.648415861181455111e-01 -2.132630474320845737e-01 8.637325160507830502e-02
4.926129580166409028e+01 6.510391246425223377e-01 2.726283230758227427e-01 -1.837155734980384647e-01 6.832576975326819235e-02
4.936129580166409170e+01 6.375294565655337253e-01 2.783259775678156855e-01 -7.177688019908308459e-02 4.490635083389516585e-02
4.946129580166409312e+01 6.375291263040518963e-01 2.815150459806742833e-01 7.105833479636751437e-02 1.866560736552059369e-02
4.956129580166409454e+01 6.515570412473640216e-01 2.820700882788644837e-01 2.016214839883025411e-01 -7.248225790747197389e-03
4.966129580166409596e+01 6.753969162083325317e-01 2.801732268804408288e-01 2.680696001837792330e-01 -2.996680486974662855e-02
4.976129580166409738e+01 7.041670377538806758e-01 2.762492984895401071e-01 2.972278073783874430e-01 -4.752960334698944078e-02
4.986129580166409880e+01 7.329288990338972409e-01 2.708768592662656460e-01 2.733352801311438873e-01 -5.884172452105475987e-02
4.996129580166410022e+01 7.578145977276340428e-01 2.646949050777183121e-01 2.185176058230952345e-01 -6.375911221484990843e-02
5.006129580166410165e+01 7.755859593802977292e-01 2.583189242745504988e-01 1.261804627424746583e-01 -6.288368408722727620e-02
5.016129580166410307e+01 7.800819717035862855e-01 2.522634048988436906e-01 -4.289844699111886039e-02 -5.770015206955818321e-02
5.026129580166410449e+01 7.679018072384741211e-01 2.468380004532164385e-01 -1.953661915806463589e-01 -5.073240554286358173e-02
5.036129580166410591e+01 7.416938459753060764e-01 2.420924030059128096e-01 -3.213047363922708621e-01 -4.449009396442506203e-02
5.046129580166410733e+01 7.057807833130395059e-01 2.378477279988777116e-01 -3.855323350477228295e-01 -4.098061971087631900e-02
5.056129580166410875e+01 6.671848555393222746e-01 2.337694260724436646e-01 -3.745366241371637095e-01 -4.123428808670388107e-02
5.066129580166411017e+01 6.325225728835278671e-01 2.294797676125354957e-01 -3.093059486423797022e-01 -4.509243245747705797e-02
5.076129580166411159e+01 6.073816946454477783e-01 2.246681406902668043e-01 -1.887889156803129187e-01 -5.140133523176816654e-02
5.086129580166411301e+01 5.948954786103992642e-01 2.191825328374930604e-01 -6.007151135781338414e-02 -5.821684777218597701e-02
5.096129580166411444e+01 5.947505514651649783e-01 2.130790392532886379e-01 4.997389452501936613e-02 -6.341548611133460134e-02
5.106129580166411586e+01 6.042551553843638068e-01 2.066137186501791345e-01 1.380538077011908560e-01 -6.519883900818178313e-02
5.116129580166411728e+01 6.203664522505101253e-01 2.001968662605055627e-01 1.720816211540517060e-01 -6.229039404418967862e-02
5.126129580166411870e+01 6.373333683379041048e-01 1.943254263295853268e-01 1.583321226209885857e-01 -5.431421726910232867e-02
5.136129580166412012e+01 6.492612522962439847e-01 1.894835201570258254e-01 7.284704840970653017e-02 -4.189948237726470043e-02
5.146129580166412154e+01 6.527313121240440053e-01 1.860387947649911611e-01 2.647379601623478518e-03 -2.667780663154412091e-02
5.156129580166412296e+01 6.498344068510319982e-01 1.841852666458131116e-01 -6.314909182139848143e-02 -1.033922051400282607e-02
5.166129580166412438e+01 6.399507379459224987e-01 1.839532402758859986e-01 -1.310981688181155902e-01 5.467069304080467151e-03
5.176129580166412580e+01 6.249438225504155842e-01 1.852075110682296077e-01 -1.654273360682589067e-01 1.916002608903940793e-02
5.186129580166412723e+01 6.065047674677662704e-01 1.876770258598757790e-01 -2.037367034172294922e-01 2.960509846107570175e-02
5.196129580166412865e+01 5.848785702007628373e-01 1.909883509805987145e-01 -2.265587922370294327e-01 3.586083218942095335e-02
5.206129580166413007e+01 5.621377093546580106e-01 1.946895255675796521e-01 -2.142903556733581349e-01 3.734768408456057287e-02
5.216129580166413149e+01 5.452560714361456284e-01 1.983052345307877995e-01 -1.154980323565192868e-01 3.430755077603864917e-02
5.226129580166413291e+01 5.394132032633267571e-01 2.014486130403872199e-01 2.627333228004555266e-03 2.820438686978189030e-02
5.236129580166413433e+01 5.466452589075890822e-01 2.039103205782592521e-01 1.410560936102823737e-01 2.104159806518872411e-02
5.246129580166413575e+01 5.669663508482285508e-01 2.056966655779444708e-01 2.648198476100149246e-01 1.506015949417254321e-02
5.256129580166413717e+01 5.995303429828932051e-01 2.070307138417168402e-01 3.813368487353931968e-01 1.232398777129888393e-02
5.266129580166413859e+01 6.417137028801459531e-01 2.083281252515577775e-01 4.568634676252872895e-01 1.455908084928831531e-02
5.276129580166414001e+01 6.896350840150583528e-01 2.101422428228076067e-01 4.884133404997042516e-01 2.275846823491059490e-02
5.286129580166414144e+01 7.360478006997885903e-01 2.130801959032575799e-01 4.279576291461913984e-01 3.691271637539312450e-02
5.296129580166414286e+01 7.743786067963491782e-01 2.176771821167665932e-01 3.353452309523448638e-01 5.562067050503120835e-02
5.306129580166414428e+01 8.014265572766726686e-01 2.242843062534295162e-01 1.968967326498636261e-01 7.669929758227272965e-02
5.316129580166414570e+01 8.138682542318386171e-01 2.330014599973286860e-01 6.046108980735639959e-02 9.731368545221008581e-02
5.326129580166414712e+01 8.143207700380626912e-01 2.436376477938349550e-01 -5.572681170234970727e-02 1.146605668601625161e-01
5.336129580166414854e+01 8.019419362556809983e-01 2.557423846228717434e-01 -1.905619049988619973e-01 1.262686460297321178e-01
5.346129580166414996e+01 7.769579004498725627e-01 2.686203489750434437e-01 -3.031588217707589794e-01 1.297680152995790981e-01
5.356129580166415138e+01 7.433651712780093845e-01 2.813676691226888460e-01 -3.596380873976631198e-01 1.234609166427429183e-01
5.366129580166415280e+01 7.051273929349306524e-01 2.929650804235136019e-01 -4.056521007401319157e-01 1.067453116633751975e-01
5.376129580166415423e+01 6.643891176942703369e-01 3.023730599419614529e-01 -3.922662144408101681e-01 7.976661364780025798e-02
5.386129580166415565e+01 6.285223360377313329e-01 3.086202032023752651e-01 -3.218202893261570274e-01 4.387986434732089880e-02
5.396129580166415707e+01 6.013669477332704849e-01 3.109357706678249067e-01 -2.106683057924290670e-01 1.624859555779976927e-03
5.406129580166415849e+01 5.884466113777445662e-01 3.088465049237938409e-01 -3.921574940284749955e-02 -4.355625619089943668e-02
5.416129580166415991e+01 5.944785310557308966e-01 3.022720241845681666e-01 1.591522185848487370e-01 -8.730047706465035584e-02
5.426129580166416133e+01 6.189308211231555612e-01 2.915892577508228389e-01 3.184781251093192767e-01 -1.249871452521660598e-01
5.436129580166416275e+01 6.558195522820609025e-01 2.776055219395256457e-01 4.088656558735526692e-01 -1.527930685396101940e-01
5.446129580166416417e+01 6.980100182796747932e-01 2.614428375820890271e-01 4.165914922140622756e-01 -1.682894933530281190e-01
5.456129580166416559e+01 7.361592362882569685e-01 2.443832321621343673e-01 3.392236246807328603e-01 -1.707778711366270130e-01
5.466129580166416702e+01 7.643909856646463608e-01 2.276890970187962770e-01 2.134449466175010746e-01 -1.612498910787576456e-01
5.476129580166416844e+01 7.769013929527711637e-01 2.124591811801818664e-01 3.273591529181091309e-02 -1.419857003624596103e-01
5.486129580166416986e+01 7.702970673637707932e-01 1.995038283286581782e-01 -1.682832679374359208e-01 -1.163842073460507887e-01
5.496129580166417128e+01 7.433003068918138112e-01 1.892612454046431469e-01 -3.673417098971047956e-01 -8.841810879496421471e-02
5.506129580166417270e+01 6.984185809118995669e-01 1.817650175654851041e-01 -5.172102288266853254e-01 -6.208259786325211194e-02
5.516129580166417412e+01 6.430775409801657849e-01 1.766824716339033541e-01 -5.735102524063366847e-01 -4.056180408186729758e-02
5.526129580166417554e+01 5.867759839032978819e-01 1.734342174620852328e-01 -5.403277675211767273e-01 -2.554176094389845608e-02
5.536129580166417696e+01 5.359124562709941531e-01 1.713499223312522635e-01 -4.759905240423752404e-01 -1.722601736485075696e-02
5.546129580166417838e+01 4.926747290898375042e-01 1.697849879305756149e-01 -3.814461287835144709e-01 -1.500569787055098733e-02
5.556129580166417981e+01 4.606191798475913202e-01 1.681877360318324854e-01 -2.532523428708489677e-01 -1.759558723097034288e-02
5.566129580166418123e+01 4.434169306013961420e-01 1.661715237003910106e-01 -8.978495367142597106e-02 -2.299168577354489262e-02
5.576129580166418265e+01 4.420429456608445662e-01 1.635799775091921204e-01 6.062656287791387544e-02 -2.867877923199103202e-02
5.586129580166418407e+01 4.545775176207236257e-01 1.605066844649041535e-01 1.780420481670866861e-01 -3.225540742285685353e-02
5.596129580166418549e+01 4.748865883661712028e-01 1.572591879948348759e-01 2.144560260441199240e-01 -3.196833360878238717e-02
5.606129580166418691e+01 4.947252311027359739e-01 1.542591896101729032e-01 1.748304546792034120e-01 -2.734101668968778528e-02
5.616129580166418833e+01 5.104645247028005706e-01 1.519136891656305000e-01 1.446323087495662851e-01 -1.902804969192791948e-02
5.626129580166418975e+01 5.232961977779143625e-01 1.505489947754311275e-01 1.092055869151698499e-01 -7.862996366602419129e-03
5.636129580166419117e+01 5.313149950725148951e-01 1.504031681387565655e-01 3.881744462222827541e-02 5.146962877453239993e-03
5.646129580166419260e+01 5.295751661271931310e-01 1.515867313219721180e-01 -6.651473077827811664e-02 1.838676384914696843e-02
5.656129580166419402e+01 5.200474157691051813e-01 1.540227476927480132e-01 -1.206205701731822705e-01 2.992450343977797605e-02
5.666129580166419544e+01 5.065497975880727255e-01 1.574710004768560823e-01 -1.368699671829219366e-01 3.846369973454263902e-02
5.676129580166419686e+01 4.942421169731990305e-01 1.615963792340780747e-01 -1.103980931015154515e-01 4.345596035410464325e-02
5.686129580166419828e+01 4.841040320972350153e-01 1.660474853236176551e-01 -9.117630529918172022e-02 4.500706065199753386e-02
5.696129580166419970e+01 4.769310860593476420e-01 1.704914369723028733e-01 -4.450765744950693770e-02 4.338581977786901828e-02
5.706129580166420112e+01 4.764521360898729130e-01 1.746440007120265980e-01 3.750616737209240548e-02 3.936632960484166138e-02
5.716129580166420254e+01 4.848780340075215523e-01 1.783290117723545232e-01 1.324424629605484016e-01 3.428417647284691394e-02
5.726129580166420396e+01 5.024940490959687311e-01 1.815174209502269098e-01 2.176513025925510547e-01 2.969245735765411315e-02
5.736129580166420538e+01 5.280751642791734479e-01 1.843318578852360667e-01 2.851343462668673445e-01 2.702375913749380243e-02
5.746129580166420681e+01 5.569375932181837019e-01 1.870200347681376940e-01 2.872119590807151179e-01 2.725002510708958089e-02
5.756129580166420823e+01 5.856683005892648897e-01 1.898824539104113085e-01 2.816673523057688366e-01 3.049211879456907581e-02
5.766129580166420965e+01 6.115443437059184806e-01 1.932094300160965006e-01 2.348366030649035596e-01 3.643474925204302078e-02
5.776129580166421107e+01 6.333897355798014939e-01 1.972313575866421476e-01 2.043837086383387958e-01 4.424450830568742860e-02
5.786129580166421249e+01 6.527032939902029929e-01 2.020942924433250520e-01 1.802254311072393200e-01 5.313486825326776963e-02
5.796129580166421391e+01 6.675359054726310859e-01 2.078680628152511645e-01 1.057351941689244901e-01 6.228854819798060327e-02
5.806129580166421533e+01 6.734453709540879629e-01 2.145136356766439156e-01 1.636106711209253661e-02 7.028830278338762949e-02
5.816129580166421675e+01 6.721436226453708640e-01 2.218344156817580737e-01 -3.102100058650687775e-02 7.557192191611160348e-02
5.826129580166421817e+01 6.692828570579928416e-01 2.295079987926748333e-01 -2.382631720764494254e-02 7.728841870590752450e-02
5.836129580166421960e+01 6.666804435171889143e-01 2.371712421228997503e-01 -3.228753482335525171e-02 7.537367799660288359e-02
5.846129580166422102e+01 6.626704868050105057e-01 2.444609102205046736e-01 -4.453433094549172355e-02 6.980777915501014397e-02
5.856129580166422244e+01 6.586254892440863706e-01 2.510140744685004366e-01 -3.356824162521967331e-02 6.069748229171392784e-02
5.866129580166422386e+01 6.571194607822482547e-01 2.565004102264736852e-01 1.175589656080985174e-02 4.860849693631345836e-02
5.876129580166422528e+01 6.602592378834619691e-01 2.606737580279910871e-01 3.545441231498952517e-02 3.464975011484615341e-02
5.886129580166422670e+01 6.630410962223013405e-01 2.633983354754065864e-01 2.803566779914154830e-02 1.971706460424434842e-02
5.896129580166422812e+01 6.663748222212169114e-01 2.646042504696843323e-01 3.167056105012777678e-02 4.403335485590218618e-03
5.906129580166422954e+01 6.692286402315793525e-01 2.642885462296444277e-01 3.368533583683096244e-02 -1.062506401599464662e-02
5.916129580166423096e+01 6.738623456168619796e-01 2.625120359853204133e-01 5.416538949236331807e-02 -2.466131783617841328e-02
5.926129580166423239e+01 6.790650883118726222e-01 2.594169798710492802e-01 4.984012395779906929e-02 -3.689279965632290964e-02
5.936129580166423381e+01 6.844344427992982149e-01 2.552105630260760871e-01 5.870887953642903168e-02 -4.680616415308377215e-02
5.946129580166423523e+01 6.905458852750726573e-01 2.501501256513167792e-01 6.566109072304743277e-02 -5.389575484499722902e-02
5.956129580166423665e+01 6.986350157203988775e-01 2.445404842384147903e-01 9.488738368157471903e-02 -5.770261726503466554e-02
5.966129580166423807e+01 7.073899310606519553e-01 2.387350499626414713e-01 6.931995297115202403e-02 -5.778299725440066981e-02
5.976129580166423949e+01 7.110827387712544967e-01 2.330970285529697927e-01 -1.616565508806511176e-03 -5.449347770013363013e-02
5.986129580166424091e+01 7.071612376989404591e-01 2.279111290576577853e-01 -6.757259326904890839e-02 -4.896173335311415631e-02
5.996129580166424233e+01 6.984929803930258752e-01 2.233409405105345469e-01 -1.100041424160246029e-01 -4.233177061219082354e-02
6.000000000000000000e+01 6.938254940947490290e-01 2.217541201674375351e-01 -1.306781593873757585e-01 -3.966668078075643450e-02
