time[s] x1[m] x2[m] x1_dot[m/s] x2_dot[m/s]
0.000000000000000000e+00 0.000000000000000000e+00 0.000000000000000000e+00 0.000000000000000000e+00 0.000000000000000000e+00
9.999999999999999124e-05 1.488825740338082451e-08 1.789288693793425185e-15 2.977601755240476570e-04 5.385826179824014113e-11
1.100000000000000066e-03 1.800875630813916176e-06 2.620541346303242229e-12 3.273713977345582213e-03 7.385878189616675549e-09
1.110000000000000049e-02 1.827417502314728566e-04 5.142495381592494806e-09 3.286108753897756807e-02 1.634303177388595582e-06
1.111000000000000043e-01 1.748072420220516884e-02 2.894789776742063859e-05 3.048945157584542764e-01 1.012346354942082142e-03
2.111000000000000099e-01 5.913746495634376876e-02 3.494980866481783312e-04 5.157469310244573446e-01 6.398936941707704038e-03
3.111000000000000432e-01 1.174914527625772198e-01 1.547905734407478652e-03 6.346829521509805838e-01 1.890568704853799742e-02
4.111000000000000210e-01 1.833349311269246995e-01 4.408486715752448284e-03 6.707914195003336078e-01 3.969763319477526142e-02
5.110999999999999988e-01 2.491949279176998155e-01 9.752408587450406632e-03 6.326272855292777164e-01 6.839198227298369515e-02
6.110999999999999766e-01 3.069550184163228335e-01 1.829136993694663663e-02 5.091134649725027606e-01 1.031702385203734779e-01
7.110999999999999543e-01 3.494722364135270931e-01 3.048229084000991101e-02 3.398040937775613779e-01 1.407975654498023199e-01
8.110999999999999321e-01 3.749259129927957068e-01 4.641298017169971646e-02 1.694528010981324606e-01 1.772888864175038437e-01
9.110999999999999099e-01 3.839552940539686654e-01 6.576919483963669655e-02 1.642508892055200009e-02 2.086694255428296341e-01
1.011099999999999888e+00 3.792721451663963461e-01 8.785890560756881573e-02 -1.032455929621871882e-01 2.314379866139047726e-01
1.111099999999999977e+00 3.652908541866095593e-01 1.116807716092931002e-01 -1.655828401553676998e-01 2.429702543714661045e-01
1.211100000000000065e+00 3.483214400591548854e-01 1.360319716680175872e-01 -1.615427491166210872e-01 2.419217292702870170e-01
1.311100000000000154e+00 3.350137264085790711e-01 1.596489794447648047e-01 -9.961154591938400915e-02 2.284354491744173821e-01
1.411100000000000243e+00 3.289692045990518232e-01 1.813515714168573434e-01 -1.790583540484561031e-02 2.039483581214058816e-01
1.511100000000000332e+00 3.317932450150146151e-01 2.001456746676091858e-01 7.347425270560049848e-02 1.706896344282114730e-01
1.611100000000000421e+00 3.434054546262651497e-01 2.152872968384732799e-01 1.573800927519410364e-01 1.313701292037023072e-01
1.711100000000000509e+00 3.627014169874026028e-01 2.263132078497834265e-01 2.247619053042341497e-01 8.885241267013815891e-02
1.811100000000000598e+00 3.876459173289086291e-01 2.330434252959259767e-01 2.700279531887753715e-01 4.589485609316831111e-02
1.911100000000000687e+00 4.156649443777022390e-01 2.355595343513252893e-01 2.843524785563430468e-01 4.940225790630255187e-03
2.011100000000000776e+00 4.431318844119584432e-01 2.341625698311438353e-01 2.573879003404807575e-01 -3.210678909891074434e-02
2.111100000000000865e+00 4.657988244699293179e-01 2.293077101182527944e-01 1.901705466828425561e-01 -6.409408880184611079e-02
2.211100000000000954e+00 4.800413965428777519e-01 2.215253316861907629e-01 8.985834103460949018e-02 -9.065791826785782326e-02
2.311100000000001042e+00 4.832389133932318837e-01 2.113465616856476381e-01 -2.679996111399154946e-02 -1.121234481134799343e-01
2.411100000000001131e+00 4.746956977527971300e-01 1.992450672348232421e-01 -1.432213066271221524e-01 -1.292623215219901867e-01
2.511100000000001220e+00 4.549514444461865148e-01 1.856065416386315226e-01 -2.477852427963112558e-01 -1.430274933656240643e-01
2.611100000000001309e+00 4.265398519540672395e-01 1.707219118917080170e-01 -3.126485841209766248e-01 -1.543056819405474456e-01
2.711100000000001398e+00 3.933416653362682980e-01 1.548122522295761194e-01 -3.485115970313054645e-01 -1.635686726192613905e-01
2.811100000000001486e+00 3.577326699764883933e-01 1.380709512176784004e-01 -3.583631241954745028e-01 -1.709379967429757730e-01
2.911100000000001575e+00 3.224557803557023816e-01 1.206931601492971656e-01 -3.436162936800273848e-01 -1.762438411656354897e-01
3.011100000000001664e+00 2.899036311302272129e-01 1.029055669353053926e-01 -3.029007229902033749e-01 -1.790385787324368927e-01
3.111100000000001753e+00 2.625292120262002205e-01 8.499239778064753004e-02 -2.431849454921796161e-01 -1.786199624885534409e-01
3.211100000000001842e+00 2.411022099989615919e-01 6.731603412093893624e-02 -1.868761484390452088e-01 -1.741755352722227923e-01
3.311100000000001931e+00 2.251070332754236680e-01 5.031255182721969255e-02 -1.333387817889139793e-01 -1.650802205604636197e-01
3.411100000000002019e+00 2.139088295833714293e-01 3.446758132166971578e-02 -9.402596070195595734e-02 -1.509719735264873630e-01
3.511100000000002108e+00 2.059926320730277038e-01 2.028465050774608258e-02 -6.497930191455382476e-02 -1.318800924216637638e-01
3.611100000000002197e+00 2.004504445855048167e-01 8.244747092205557612e-03 -4.953221756944373860e-02 -1.082061346274398872e-01
3.711100000000002286e+00 1.956280349920358486e-01 -1.229700169599645329e-03 -4.650337087165138522e-02 -8.073745715970284675e-02
3.811100000000002375e+00 1.915034487039058431e-01 -7.812541318371278229e-03 -3.512865835897704264e-02 -5.056149735994154570e-02
3.911100000000002463e+00 1.883322236601113198e-01 -1.128937586989848217e-02 -3.050129897582013611e-02 -1.881334635329168919e-02
4.011100000000002552e+00 1.851513364701561082e-01 -1.156517085500678027e-02 -3.326024798456943959e-02 1.323204085363238053e-02
4.111100000000002197e+00 1.819434700585209341e-01 -8.678963808517417555e-03 -2.856863284193564972e-02 4.420286550263531622e-02
4.211100000000001842e+00 1.796479444502059319e-01 -2.801753436169149986e-03 -1.786027462305610214e-02 7.286492664129499974e-02
4.311100000000001486e+00 1.784075137734106864e-01 5.781674516197553987e-03 -5.159816420885999025e-03 9.816196823434823748e-02
4.411100000000001131e+00 1.790852975049588014e-01 1.668945874353417944e-02 2.079144932421678887e-02 1.192362318698766133e-01
4.511100000000000776e+00 1.826523273423260318e-01 2.947065733990219399e-02 4.907409509935323211e-02 1.355702694999780800e-01
4.611100000000000421e+00 1.888241649824640711e-01 4.363591032595480479e-02 7.720841669343080083e-02 1.468826451172187686e-01
4.711100000000000065e+00 1.988252467272574597e-01 5.867836438409468336e-02 1.238428745034310108e-01 1.531479044958860003e-01
4.811099999999999710e+00 2.132547762213966858e-01 7.410974609688017467e-02 1.631337261138308681e-01 1.547423995256013152e-01
4.911099999999999355e+00 2.314673183949171875e-01 8.948829848064017434e-02 2.012828961653424231e-01 1.521869149784467190e-01
5.011099999999999000e+00 2.530983592263391646e-01 1.044303866275441556e-01 2.278058625993377717e-01 1.461279690882469617e-01
5.111099999999998644e+00 2.766360765077137684e-01 1.186184621644050668e-01 2.427239021391669749e-01 1.372049121660963988e-01
5.211099999999998289e+00 3.013634380594048534e-01 1.317958603628116010e-01 2.485591200161632874e-01 1.260155258147343527e-01
5.311099999999997934e+00 3.257369352844219912e-01 1.437642696041256662e-01 2.362011223867861998e-01 1.131008440732966247e-01
5.411099999999997578e+00 3.479104430756083666e-01 1.543707139080550683e-01 2.042280271922137236e-01 9.881854608946184781e-02
5.511099999999997223e+00 3.663854429796984391e-01 1.634876349293318820e-01 1.648262579535226258e-01 8.332493577358282555e-02
5.611099999999996868e+00 3.805935764269867683e-01 1.709980061545527397e-01 1.185428829690553520e-01 6.669781713354634711e-02
5.711099999999996513e+00 3.902660170150697438e-01 1.767909901191723754e-01 7.564974876843835738e-02 4.898855714673844286e-02
5.811099999999996157e+00 3.956792991998197007e-01 1.807635855377136280e-01 3.289288551234470503e-02 3.031589838772680984e-02
5.911099999999995802e+00 3.972686269575448903e-01 1.828281558995745182e-01 2.023057071171178306e-03 1.087021528301624837e-02
6.011099999999995447e+00 3.964468021448961932e-01 1.829242562911624348e-01 -1.875460515226023972e-02 -8.971190575281694224e-03
6.111099999999995092e+00 3.935067566647189596e-01 1.810381404478325906e-01 -3.842217300834883942e-02 -2.868611814285685138e-02
6.211099999999994736e+00 3.889478750624302816e-01 1.772097803965655138e-01 -5.412584644824844360e-02 -4.771707311023372367e-02
6.311099999999994381e+00 3.825986271875883582e-01 1.715363237401851815e-01 -7.092707430483290165e-02 -6.550276738925449316e-02
6.411099999999994026e+00 3.746716620140284060e-01 1.641677944998069238e-01 -9.188788232650944854e-02 -8.153565395591048925e-02
6.511099999999993670e+00 3.637338944671569818e-01 1.552995400568730755e-01 -1.254501019482951174e-01 -9.546756890518595662e-02
6.611099999999993315e+00 3.497261773299670806e-01 1.451485017169735214e-01 -1.563669435459462131e-01 -1.071742643839188047e-01
6.711099999999992960e+00 3.324030778864584534e-01 1.339400862787459567e-01 -1.876502307906027511e-01 -1.166226592536300788e-01
6.811099999999992605e+00 3.127279305271338239e-01 1.218980736972860440e-01 -2.041264774570216156e-01 -1.238435715092442158e-01
6.911099999999992249e+00 2.919141855720056022e-01 1.092475396627297923e-01 -2.100455483106834220e-01 -1.287777716422743024e-01
7.011099999999991894e+00 2.711703838913178677e-01 9.622290966410509960e-02 -2.028739755046513882e-01 -1.312971603060905101e-01
7.111099999999991539e+00 2.514635014228215892e-01 8.307526296438229318e-02 -1.919911794214345657e-01 -1.312039420508289977e-01
7.211099999999991184e+00 2.328396706493653379e-01 7.007418774284043805e-02 -1.779938010570285278e-01 -1.283513315511459751e-01
7.311099999999990828e+00 2.162909303759359969e-01 5.750014867049385581e-02 -1.534460426979038783e-01 -1.226423049179015401e-01
7.411099999999990473e+00 2.018787748624514267e-01 4.564392563374758405e-02 -1.344850955771183798e-01 -1.139952499958459681e-01
7.511099999999990118e+00 1.895597072174943498e-01 3.479656944720406486e-02 -1.126653969969328983e-01 -1.024856408216755638e-01
7.611099999999989763e+00 1.792520999432298812e-01 2.523616290901207343e-02 -9.175078440491787890e-02 -8.829994934364801540e-02
7.711099999999989407e+00 1.713778053956079572e-01 1.721630895379890405e-02 -6.780989545283699904e-02 -7.172353482308382877e-02
7.811099999999989052e+00 1.655190811504509973e-01 1.095888122890929101e-02 -4.689705038906456097e-02 -5.312924725424757882e-02
7.911099999999988697e+00 1.622163638401379615e-01 6.642199671922956183e-03 -2.160804909915754052e-02 -3.298218299104301726e-02
8.011099999999988341e+00 1.606917442168833976e-01 4.397254154174134143e-03 -9.949526114208111921e-03 -1.179945107505893029e-02
8.111099999999987986e+00 1.601563968821957118e-01 4.293131104957800641e-03 4.649003495018136367e-04 9.706579387491739985e-03
8.211099999999987631e+00 1.613138817083226428e-01 6.324778538661828334e-03 2.346941956328810891e-02 3.080698391188088636e-02
8.311099999999987276e+00 1.643876249714128490e-01 1.042132606713373072e-02 3.605613916217696030e-02 5.090573338820987559e-02
8.411099999999986920e+00 1.685099786133377464e-01 1.645091915118051390e-02 4.597704528523762629e-02 6.935657738019693208e-02
8.511099999999986565e+00 1.734447457864261577e-01 2.421634205972204162e-02 5.333569296289882716e-02 8.551963723629642244e-02
8.611099999999986210e+00 1.794648851820996593e-01 3.345987527676798357e-02 6.836095248854197337e-02 9.884175363249994573e-02
8.711099999999985855e+00 1.873905976448120569e-01 4.387844869318061058e-02 9.107194626839215656e-02 1.089849071896119154e-01
8.811099999999985499e+00 1.976318130887247115e-01 5.514723365398248311e-02 1.133065382787574182e-01 1.158432015707627216e-01
8.911099999999985144e+00 2.100592875098048484e-01 6.693875903802309901e-02 1.351255420511173200e-01 1.194564092728760546e-01
9.011099999999984789e+00 2.246250106049487438e-01 7.893573691069713516e-02 1.559050561748149266e-01 1.199901073243689331e-01
9.111099999999984433e+00 2.408115704209332908e-01 9.084308115271361173e-02 1.639354212543751022e-01 1.177103314979709575e-01
9.211099999999984078e+00 2.567946512046562213e-01 1.023909441414286581e-01 1.537162726127730972e-01 1.128197636318302582e-01
9.311099999999983723e+00 2.712102276619229313e-01 1.133222690268983479e-01 1.340724157373524017e-01 1.053849288940778561e-01
9.411099999999983368e+00 2.837520609860926801e-01 1.233846601810778681e-01 1.168215095872023185e-01 9.545759124175751120e-02
9.511099999999983012e+00 2.944707476962543646e-01 1.323360104735997189e-01 9.837809436270446295e-02 8.319871096582359682e-02
9.611099999999982657e+00 3.037047758290191690e-01 1.399554866861426328e-01 8.670542037465621410e-02 6.887926443566956547e-02
9.711099999999982302e+00 3.118996560682876784e-01 1.460574202428857604e-01 7.813725558297607288e-02 5.293009894694609974e-02
9.811099999999981947e+00 3.192454267957580694e-01 1.505053474316140616e-01 6.735375896012642249e-02 3.589631935663170625e-02
9.911099999999981591e+00 3.254890247127084080e-01 1.532194613546702666e-01 5.946405125555997984e-02 1.834857592243201163e-02
1.001109999999998124e+01 3.310238130206604734e-01 1.541786260970939015e-01 4.816000784659853207e-02 9.054745468248213969e-04
1.011109999999998088e+01 3.347209596315604552e-01 1.534228062278018001e-01 2.589738378669836916e-02 -1.587647448068135736e-02
1.021109999999998053e+01 3.362347171476720020e-01 1.510387673962703958e-01 2.862538837854478047e-03 -3.159661019204235838e-02
1.031109999999998017e+01 3.348453415001483302e-01 1.471493420996232426e-01 -3.166137456064629929e-02 -4.594942221693198992e-02
1.041109999999997981e+01 3.298873221849318305e-01 1.418985350868652850e-01 -6.831468996916369163e-02 -5.881502974696927594e-02
1.051109999999997946e+01 3.211368438409759052e-01 1.354361866014357485e-01 -1.044610066139924631e-01 -7.018774266615096513e-02
1.061109999999997910e+01 3.095176455030166363e-01 1.279099486147273756e-01 -1.267279040942771440e-01 -8.008624071835808433e-02
1.071109999999997875e+01 2.961960917658093551e-01 1.194709951740720172e-01 -1.361377966496365721e-01 -8.841930172467070415e-02
1.081109999999997839e+01 2.826260502584380663e-01 1.102854163354018840e-01 -1.358988028963475647e-01 -9.497047348475348705e-02
1.091109999999997804e+01 2.690187558780584576e-01 1.005452446436228692e-01 -1.359603521909094337e-01 -9.947400327983108026e-02
1.101109999999997768e+01 2.554100592873723152e-01 9.046508209328926742e-02 -1.345501639402657823e-01 -1.017469275378796445e-01
1.111109999999997733e+01 2.426271873990565320e-01 8.027475132979830508e-02 -1.217067873085554280e-01 -1.016489809870239763e-01
1.121109999999997697e+01 2.304854578573436452e-01 7.021906826504564769e-02 -1.212262106195259592e-01 -9.904939307402668702e-02
1.131109999999997662e+01 2.188790072581655310e-01 6.054610746083100015e-02 -1.101265455268841537e-01 -9.400880905373851237e-02
1.141109999999997626e+01 2.082190212422295461e-01 5.149604015705820659e-02 -1.034395767737509436e-01 -8.661311173659964890e-02
1.151109999999997591e+01 1.983488585844221941e-01 4.329527073611606769e-02 -9.258916453216449460e-02 -7.706431076277990566e-02
1.161109999999997555e+01 1.901824603815871484e-01 3.614702275064946013e-02 -6.837360001371024787e-02 -6.559582300188393500e-02
1.171109999999997520e+01 1.846339609585473940e-01 3.023511353008113967e-02 -4.463143435830514705e-02 -5.236051986310352735e-02
1.181109999999997484e+01 1.810505606353274288e-01 2.572646725292200218e-02 -2.653467078349704134e-02 -3.758359913036356942e-02
1.191109999999997449e+01 1.794528766856229030e-01 2.275811897556809932e-02 -6.287905842620788999e-03 -2.161500375751641140e-02
1.201109999999997413e+01 1.792497988475666992e-01 2.142979080221226948e-02 -6.388213129260040396e-05 -4.865691575111030093e-03
1.211109999999997378e+01 1.793938703034687610e-01 2.179104641188282440e-02 2.644359687868636389e-03 1.206482924170684812e-02
1.221109999999997342e+01 1.794838167253351713e-01 2.382597557633447938e-02 -1.142394148076091888e-03 2.848825958837014269e-02
1.230604485120274916e+01 1.794215970576821806e-01 2.722854615614203611e-02 2.895588159476051443e-05 4.295366502073115489e-02
1.240401329412402021e+01 1.792917625386890867e-01 3.209908286214113726e-02 -2.382747229498510637e-03 5.613396080384235737e-02
1.250401329412401985e+01 1.794936538594520958e-01 3.828811084903534917e-02 9.341358617509360612e-03 6.721187438504595824e-02
1.260401329412401950e+01 1.812505803621320410e-01 4.545115400685455220e-02 2.422575399873589524e-02 7.558535913785000004e-02
1.270401329412401914e+01 1.842359201119646572e-01 5.331016929461826481e-02 3.792436490884651401e-02 8.111136665463621054e-02
1.280401329412401878e+01 1.895457678012372194e-01 6.157824266359551019e-02 6.976336156994833448e-02 8.379599042691876498e-02
1.290401329412401843e+01 1.981023199741415441e-01 6.998530237534325571e-02 1.013085041072589731e-01 8.396084991564253808e-02
1.300401329412401807e+01 2.097791733159974636e-01 7.830156440910746030e-02 1.306482071391555366e-01 8.206280748371466705e-02
1.310401329412401772e+01 2.238178576509024242e-01 8.634552482222243586e-02 1.479077175897836050e-01 7.859085781782602920e-02
1.320401329412401736e+01 2.387986539265394281e-01 9.398036888873984029e-02 1.499492989144219912e-01 7.393158746125223779e-02
1.330401329412401701e+01 2.538265198244955001e-01 1.011005060136234562e-01 1.493529127956512714e-01 6.833388265952534957e-02
1.340401329412401665e+01 2.679087769842209976e-01 1.076225987112078009e-01 1.294934215464175198e-01 6.198961110007417119e-02
1.350401329412401630e+01 2.794811161068247451e-01 1.134736110839728584e-01 9.907410951081821460e-02 5.489841037281639746e-02
1.360401329412401594e+01 2.871285093642210740e-01 1.185721990921464047e-01 5.450147558324200392e-02 4.689761171849492205e-02
1.370401329412401559e+01 2.909128914811889843e-01 1.228138429460504666e-01 2.286397878806619571e-02 3.772742562824610291e-02
1.380401329412401523e+01 2.920909965267224906e-01 1.260760340346165354e-01 3.973330407451663299e-03 2.731507520257337590e-02
1.390401329412401488e+01 2.921010027141884846e-01 1.282410133766192506e-01 -3.351071924552127303e-03 1.583433875261061954e-02
1.400401329412401452e+01 2.916585431824956220e-01 1.292196992334752326e-01 -4.282440462395092906e-03 3.662061748179628803e-03
1.410401329412401417e+01 2.911202697803067507e-01 1.289666702881560323e-01 -7.924081933123796467e-03 -8.714600182923991356e-03
1.420401329412401381e+01 2.897739508990964663e-01 1.274855119916999679e-01 -2.130287085050060203e-02 -2.083387626514448393e-02
1.430401329412401346e+01 2.864904699539535526e-01 1.248189595194705709e-01 -4.425139120310940533e-02 -3.238711355626169852e-02
1.440401329412401310e+01 2.811659427798885447e-01 1.210328086132274605e-01 -6.117042940388467409e-02 -4.319624027942964295e-02
1.450401329412401275e+01 2.744280475625303084e-01 1.162114393616003605e-01 -7.303226612163826736e-02 -5.305246248383274632e-02
1.460401329412401239e+01 2.665201578099958279e-01 1.104619993077344542e-01 -8.550464673304111751e-02 -6.172049331702540720e-02
1.470401329412401203e+01 2.573572683932041083e-01 1.039132021940027684e-01 -9.746119455281103405e-02 -6.901408494305975860e-02
1.480401329412401168e+01 2.470658557529836763e-01 9.670947858672250541e-02 -1.081043471267738310e-01 -7.480037415190209094e-02
1.490401329412401132e+01 2.359305169213356812e-01 8.900648138293716649e-02 -1.121581895840166043e-01 -7.898530964466052295e-02
1.500401329412401097e+01 2.252312958620486527e-01 8.097015887966420300e-02 -1.007510165458520152e-01 -8.143197281706061885e-02
1.510401329412401061e+01 2.155330343458877473e-01 7.278601379609393740e-02 -9.381720135442467301e-02 -8.190726254634707326e-02
1.520401329412401026e+01 2.068031214476035162e-01 6.465907727280466311e-02 -7.893168753987832298e-02 -8.026924259231259240e-02
1.530401329412400990e+01 1.997956057392605844e-01 5.680713462804647118e-02 -6.162014299519454064e-02 -7.638480960246508966e-02
1.540401329412400955e+01 1.943888897482666800e-01 4.945977083982423111e-02 -4.719632731556859528e-02 -7.017520475237748467e-02
1.550401329412400919e+01 1.902078120347063250e-01 4.284778291629127295e-02 -3.763703012850280749e-02 -6.170031282948519602e-02
1.560401329412400884e+01 1.865160593070636363e-01 3.718770105034251844e-02 -3.698472431584982206e-02 -5.119345930582450827e-02
1.570401329412400848e+01 1.829437795823609936e-01 3.266290871437226018e-02 -3.426793598096242177e-02 -3.907239795748261579e-02
1.580401329412400813e+01 1.795126834879710864e-01 2.941092387293922292e-02 -3.386210563175316712e-02 -2.582408465901123162e-02
1.590401329412400777e+01 1.766333800223827688e-01 2.751789591934316118e-02 -2.178161492596130885e-02 -1.197574342290824885e-02
1.600401329412400742e+01 1.752070557568730924e-01 2.702164273295175681e-02 -7.177486649351198095e-03 2.048818073300057857e-03
1.610401329412400884e+01 1.751292608164014553e-01 2.792074923714317133e-02 5.591421132957906034e-03 1.586544939965161063e-02
1.620401329412401026e+01 1.764828309392499628e-01 3.017475250487274691e-02 2.237347154737654581e-02 2.908581786962764065e-02
1.630401329412401168e+01 1.795657179883758114e-01 3.370731700010578397e-02 3.909428394665558082e-02 4.138896064884532017e-02
1.640401329412401310e+01 1.845658507712181207e-01 3.841304611421103576e-02 6.237036327521522372e-02 5.251276834503861013e-02
1.650401329412401452e+01 1.918868671959919892e-01 4.416571907920777834e-02 8.188642964862560825e-02 6.231136620012661664e-02
1.660401329412401594e+01 2.006989273283695252e-01 5.082669627286222347e-02 9.432383653181382333e-02 7.065006376223405271e-02
1.670401329412401736e+01 2.108700701065703842e-01 5.824171153963123015e-02 1.100064134433637875e-01 7.737214518332381774e-02
1.680401329412401878e+01 2.226297048372923582e-01 6.624520970668919262e-02 1.227852001588333741e-01 8.241784120418318982e-02
1.690401329412402021e+01 2.349787434154332333e-01 7.466804072478762377e-02 1.238252899015454267e-01 8.574252581861732669e-02
1.700401329412402163e+01 2.473696080719391399e-01 8.333272316112426414e-02 1.222651881600504004e-01 8.723953602333253676e-02
1.710401329412402305e+01 2.591154069707900520e-01 9.205179492744980374e-02 1.130426948490675654e-01 8.681020539389854018e-02
1.720401329412402447e+01 2.701395226681209127e-01 1.006272833265024341e-01 1.071541070887597064e-01 8.436154085842706429e-02
1.730401329412402589e+01 2.805311466491204331e-01 1.088571429676970792e-01 1.016734753362841526e-01 7.990675886325682153e-02
1.740401329412402731e+01 2.906560066024540534e-01 1.165456046760888487e-01 1.015694473209302756e-01 7.356631000883230576e-02
1.750401329412402873e+01 3.010817966709835036e-01 1.235164717652790511e-01 1.072510802131951407e-01 6.561350501520686607e-02
1.760401329412403015e+01 3.117642798307780350e-01 1.296278738216341264e-01 1.046629094954260736e-01 5.644438468809537951e-02
1.770401329412403157e+01 3.219558046966365383e-01 1.347768275320827547e-01 9.830545165263450402e-02 4.642016091845271170e-02
1.780401329412403300e+01 3.309509361104165381e-01 1.388939769572045679e-01 7.990889165453196608e-02 3.585189602555434452e-02
1.790401329412403442e+01 3.379476384505027409e-01 1.419356267280740547e-01 6.049968645838760262e-02 2.493710879081407691e-02
1.800401329412403584e+01 3.431620680026590264e-01 1.438759016234086585e-01 4.428152554010007791e-02 1.385911719250737181e-02
1.810401329412403726e+01 3.464014359673621701e-01 1.447093278912325309e-01 1.632564072301555952e-02 2.831248706279886757e-03
1.820401329412403868e+01 3.461731329816026270e-01 1.444459331726847540e-01 -1.832857373316289229e-02 -8.086429813475232500e-03
1.830401329412404010e+01 3.430320231839727452e-01 1.430950136012096030e-01 -4.559515985683695871e-02 -1.891121416387471152e-02
1.840401329412404152e+01 3.370544346943921687e-01 1.406684503099223105e-01 -7.195893236493391965e-02 -2.959318417159089581e-02
1.850401329412404294e+01 3.288850698939853046e-01 1.371837283398884277e-01 -9.114720992040703518e-02 -4.005164289155341978e-02
1.860401329412404436e+01 3.190926391489800062e-01 1.326710005298311068e-01 -1.028319059616604192e-01 -5.012026348991374669e-02
1.870401329412404579e+01 3.085738651679266198e-01 1.271811226390982263e-01 -1.058963876750996930e-01 -5.954274307484801187e-02
1.880401329412404721e+01 2.982027679680928078e-01 1.207958509831437294e-01 -1.021227655340631313e-01 -6.796061883424471539e-02
1.890401329412404863e+01 2.879814035828631158e-01 1.136355577900420161e-01 -1.009034071625334317e-01 -7.498596448242106360e-02
1.900401329412405005e+01 2.782427344568391692e-01 1.058560849737039816e-01 -9.590314530112961644e-02 -8.028793596672571808e-02
1.910401329412405147e+01 2.683365615949511729e-01 9.764445568362059569e-02 -1.018924203302544046e-01 -8.360462326176576475e-02
1.920401329412405289e+01 2.580645972075107375e-01 8.920391283499762292e-02 -1.039347608339378226e-01 -8.485879736299878351e-02
1.930401329412405431e+01 2.474305600994189946e-01 8.074182836428173138e-02 -1.087329066138482403e-01 -8.404362576835784637e-02
1.940401329412405573e+01 2.363535502018330459e-01 7.246086335247313437e-02 -1.118252313533888848e-01 -8.126041799616003092e-02
1.950401329412405715e+01 2.254881660387403064e-01 6.455033020853881420e-02 -1.037135665051934913e-01 -7.665603694042219529e-02
1.960401329412405858e+01 2.157543282899946624e-01 5.718744335901099901e-02 -9.038786799431947072e-02 -7.031852274505552558e-02
1.970401329412406000e+01 2.074043928282192917e-01 5.054180048421249433e-02 -7.764042775911537964e-02 -6.232820503943265616e-02
1.980401329412406142e+01 2.002133574444898978e-01 4.477174532246103872e-02 -6.489292547292593860e-02 -5.284166756897585443e-02
1.990401329412406284e+01 1.945871137529966155e-01 4.001632990991110111e-02 -4.710466361409263586e-02 -4.206877579175606618e-02
2.000401329412406426e+01 1.909413639930994111e-01 3.639431007651600797e-02 -2.648307233243367420e-02 -3.020573908616969866e-02
2.010401329412406568e+01 1.888559464737885329e-01 3.400412257789397347e-02 -1.597519350619085177e-02 -1.748196236348155755e-02
2.020401329412406710e+01 1.880059703230395896e-01 3.291458482948243086e-02 -3.241389984450053496e-04 -4.254924314830235005e-03
2.030401329412406852e+01 1.887438633265276500e-01 3.315844815637375431e-02 1.554176055774245113e-02 9.130423180640187195e-03
2.040401329412406994e+01 1.911582190308393492e-01 3.473493429105655589e-02 3.205252233566723008e-02 2.234459304378223765e-02
2.050401329412407136e+01 1.952984330608377173e-01 3.761107506242613446e-02 5.263908086741570652e-02 3.507295294656279094e-02
2.060401329412407279e+01 2.015867427607509754e-01 4.172515983895878910e-02 7.068724393554469410e-02 4.706961614264978250e-02
2.070401329412407421e+01 2.092665269645563875e-01 4.699236751216179231e-02 8.308938479495645013e-02 5.808657013346328613e-02
2.080401329412407563e+01 2.180326660931709570e-01 5.330029626895050471e-02 9.186702667236443243e-02 6.783742717699418889e-02
2.090401329412407705e+01 2.281776637198572044e-01 6.050886163355003594e-02 1.151702788229340135e-01 7.606887853254255816e-02
2.100401329412407847e+01 2.412896250645218676e-01 6.846279175454811350e-02 1.444075857487683856e-01 8.276669463870658938e-02
2.110401329412407989e+01 2.563514689593425211e-01 7.701479179861127344e-02 1.544493182202152926e-01 8.803422299245841631e-02
2.120401329412408131e+01 2.718605493652760385e-01 8.601990937524774117e-02 1.538496446167585130e-01 9.180752848051093595e-02
2.130401329412408273e+01 2.868695919942265693e-01 9.532093969478463991e-02 1.462556665052950899e-01 9.391885815951840633e-02
2.140401329412408415e+01 3.008477943920082609e-01 1.047417534529582472e-01 1.297566429923590059e-01 9.417081191896856107e-02
2.150401329412408558e+01 3.122535397028515236e-01 1.140844768798572745e-01 9.741287315865568286e-02 9.229893798258191617e-02
2.160401329412408700e+01 3.200816031068604017e-01 1.231181979651268799e-01 5.759964920911846142e-02 8.792656095647653769e-02
2.170401329412408842e+01 3.240009715355519071e-01 1.315738086099506599e-01 2.429617912712572075e-02 8.068235983438211412e-02
2.180401329412408984e+01 3.252797299878354975e-01 1.391532186800298887e-01 5.486500441380659510e-04 7.040324989477848849e-02
2.190401329412409126e+01 3.241950126441132118e-01 1.455559336639093981e-01 -1.934779624782561464e-02 5.717406354869054852e-02
2.200401329412409268e+01 3.220478939980472299e-01 1.504993050749856842e-01 -2.213234249453235533e-02 4.129580630434338817e-02
2.210401329412409410e+01 3.197674988895407022e-01 1.537470349681234749e-01 -2.298358935004794074e-02 2.337859695677351954e-02
2.220401329412409552e+01 3.178295358111221658e-01 1.551322607010907628e-01 -1.406175266712750629e-02 4.185939026001884306e-03
2.230401329412409694e+01 3.170039819704088546e-01 1.545726207862449242e-01 -2.796307958028609181e-03 -1.535370229695658811e-02
2.240401329412409837e+01 3.171069786408315383e-01 1.520827199525945361e-01 2.708423994072151585e-03 -3.426061047574366358e-02
2.250401329412409979e+01 3.171824341314844475e-01 1.477705728140093488e-01 -6.669984304573379867e-04 -5.167235279060518327e-02
2.260401329412410121e+01 3.172413899259796111e-01 1.418216956820026464e-01 1.362444089453745174e-03 -6.687998173175543903e-02
2.270020602963906953e+01 3.170747663367839420e-01 1.347905839406542683e-01 -6.377309086729494522e-03 -7.883190949046320339e-02
2.280020602963907095e+01 3.156074695364069482e-01 1.264169698246238871e-01 -2.637719307392073775e-02 -8.808301817840701042e-02
2.290020602963907237e+01 3.111344658037433208e-01 1.172846744785301654e-01 -6.343330912196540328e-02 -9.402730045586388252e-02
2.300020602963907379e+01 3.035553328934140760e-01 1.077135881215988966e-01 -8.415290161814469039e-02 -9.690408375016168474e-02
2.310020602963907521e+01 2.946723208869073685e-01 9.799980000813168779e-02 -9.286936046879391837e-02 -9.690167123332189825e-02
2.320020602963907663e+01 2.853122730315609812e-01 8.842494159021807576e-02 -9.215029688540693487e-02 -9.414754274077871687e-02
2.330020602963907805e+01 2.765314029523929240e-01 7.925838393428823181e-02 -8.168883090850076467e-02 -8.875025086440793687e-02
2.340020602963907947e+01 2.696196555233584813e-01 7.076079445545500890e-02 -5.385958673682891135e-02 -8.077018555451138948e-02
2.350020602963908090e+01 2.656192183609166202e-01 6.319181729762833599e-02 -2.895263546472904084e-02 -7.017215579233544720e-02
2.360020602963908232e+01 2.634189611522146368e-01 5.681051279426756195e-02 -1.689973124175602262e-02 -5.705887207837646857e-02
2.370020602963908374e+01 2.616405922056982969e-01 5.185110158275417491e-02 -2.141148749588969377e-02 -4.182553013224810795e-02
2.380020602963908516e+01 2.590927603621713815e-01 4.849306429357724130e-02 -2.806334158895091441e-02 -2.516483526656660905e-02
2.390020602963908658e+01 2.562274499481243528e-01 4.683930787981805538e-02 -2.876716465950296744e-02 -7.867214395257005055e-03
2.400020602963908800e+01 2.534232141943373318e-01 4.691606608404564477e-02 -2.744396202979230981e-02 9.325034422919646626e-03
2.410020602963908942e+01 2.506754403525403019e-01 4.867708022911124838e-02 -2.717794812150545886e-02 2.570040945583317721e-02
2.420020602963909084e+01 2.481310569184451975e-01 5.200626552827121440e-02 -2.369448034533806757e-02 4.058336335285267493e-02
2.430020602963909226e+01 2.458673926540183574e-01 5.672449819462512671e-02 -2.154074743217797988e-02 5.339050670161808038e-02
2.440020602963909369e+01 2.438593523619213277e-01 6.259833877470317998e-02 -1.877108946902715167e-02 6.362089401581785819e-02
2.450020602963909511e+01 2.421523712634769399e-01 6.934969067200626169e-02 -1.408120666256961438e-02 7.088656667146434054e-02
2.460020602963909653e+01 2.414884015379321625e-01 7.666927101315476611e-02 3.199849654503908805e-03 7.497176158350919717e-02
2.470020602963909795e+01 2.430798556510348207e-01 8.424042375990642428e-02 2.916094131365849773e-02 7.595675830275004647e-02
2.480020602963909937e+01 2.475442391805687814e-01 9.176830036925590073e-02 6.204278439250134752e-02 7.417940053901404818e-02
2.490020602963910079e+01 2.556688110983187934e-01 9.900257317883440211e-02 9.955842345468132737e-02 7.019568162148445700e-02
2.500020602963910221e+01 2.671411542548255968e-01 1.057570832533827609e-01 1.279874677655689630e-01 6.469899215337437948e-02
2.510020602963910363e+01 2.808165549260456806e-01 1.119132809737656553e-01 1.438338899123903225e-01 5.832447951750258097e-02
2.520020602963910505e+01 2.957446497773986160e-01 1.174097045992663069e-01 1.529387478184495719e-01 5.157992362999331420e-02
2.530020602963910648e+01 3.106284374517880309e-01 1.222302037952114062e-01 1.408158396751408303e-01 4.485205349513001621e-02
2.540020602963910790e+01 3.235230956324704477e-01 1.263847785480481933e-01 1.162032337908372043e-01 3.825857018684786226e-02
2.550020602963910932e+01 3.337001159649236048e-01 1.298840259655780760e-01 8.671349165278686988e-02 3.172563102190278234e-02
2.560020602963911074e+01 3.406566866849176645e-01 1.327268983164598959e-01 5.078487210792468481e-02 2.509946117163085536e-02
2.570020602963911216e+01 3.436920186513494624e-01 1.348928404442568674e-01 9.941961520058793800e-03 1.813910647537847476e-02
2.580020602963911358e+01 3.425707617896249224e-01 1.363337751036154677e-01 -3.254384478215541221e-02 1.055011011887031259e-02
2.590020602963911500e+01 3.374150789702423658e-01 1.369723995338382461e-01 -6.899764979998360137e-02 2.051906211606438143e-03
2.600020602963911642e+01 3.292035955170696249e-01 1.367082906032914269e-01 -9.046466809857825475e-02 -7.514405881336453513e-03
2.610020602963911784e+01 3.205648048159333574e-01 1.354378623494012501e-01 -7.872669372141813393e-02 -1.801127342649961813e-02
2.620020602963911927e+01 3.135522234433512634e-01 1.330940887101118020e-01 -6.095219251781790193e-02 -2.886495716819417051e-02
2.630020602963912069e+01 3.084346145138580075e-01 1.296769242934256161e-01 -4.379206240057913896e-02 -3.935673897881274141e-02
2.640020602963912211e+01 3.043721573294887461e-01 1.252572060049652880e-01 -3.610278326129825327e-02 -4.882171022258734866e-02
2.650020602963912353e+01 3.016824708227894281e-01 1.199648548905678930e-01 -1.714583792834826689e-02 -5.671386227697085974e-02
2.660020602963912495e+01 3.009079849851127308e-01 1.139865035590449382e-01 1.108207469955393987e-03 -6.244748539369691931e-02
2.670020602963912637e+01 3.011944087197264142e-01 1.075635908340990265e-01 -6.861152959666233335e-04 -6.554828726503278413e-02
2.679447171715246512e+01 3.003809610735648783e-01 1.013464795859269074e-01 -1.686677662500102662e-02 -6.596376440956965015e-02
2.689447171715246654e+01 2.974834046259428599e-01 9.483057369112467272e-02 -4.299216500144240061e-02 -6.396599676250580568e-02
2.699447171715246796e+01 2.920703069903144988e-01 8.862235949240299115e-02 -6.240076878040613784e-02 -5.989430516006066796e-02
2.709447171715246938e+01 2.849145572809047011e-01 8.290538227388431769e-02 -8.341797304883839803e-02 -5.421670026018485938e-02
2.719447171715247080e+01 2.752935977214898688e-01 7.781438814066859999e-02 -1.069788084135498696e-01 -4.748042732496014773e-02
2.729447171715247222e+01 2.639937716672747792e-01 7.342431304507164580e-02 -1.168788377016834329e-01 -4.028759277838681041e-02
2.739447171715247364e+01 2.523553456187785926e-01 6.975709565649929056e-02 -1.138294377303947780e-01 -3.308174441114980491e-02
2.749447171715247507e+01 2.415024711334313734e-01 6.679953607110028502e-02 -1.024220101432477825e-01 -2.612453300446396232e-02
2.759447171715247649e+01 2.321304745915167278e-01 6.451955256263312843e-02 -8.314265817152759197e-02 -1.954201615067627587e-02
2.769447171715247791e+01 2.250829001180175426e-01 6.287863279089714319e-02 -5.770134667699611253e-02 -1.333103472172955314e-02
2.779447171715247933e+01 2.207432985648404011e-01 6.184439871412453216e-02 -2.794406580571479407e-02 -7.385722636204363444e-03
2.789447171715248075e+01 2.192544553232802784e-01 6.139829019219399109e-02 -5.406127200193889398e-03 -1.539995787514647843e-03
2.799447171715248217e+01 2.191119074953784551e-01 6.153540528677195476e-02 1.736691688006216511e-03 4.268343836592652756e-03
2.809447171715248359e+01 2.196856111680674795e-01 6.224666215413283271e-02 1.103032441834011189e-02 9.919355731211366989e-03
2.819447171715248501e+01 2.216408334976192607e-01 6.351080178673984555e-02 2.888433490251156310e-02 1.532109807796068132e-02
2.829447171715248643e+01 2.253898878633130431e-01 6.530314711371934533e-02 4.551516254348679513e-02 2.049000697529167886e-02
2.839447171715248786e+01 2.306521202306426321e-01 6.760182124309736806e-02 5.867758902772173685e-02 2.544847772593302609e-02
2.849447171715248928e+01 2.367885832683242486e-01 7.038495960966645315e-02 6.245138058017007943e-02 3.016591432699845809e-02
2.859447171715249070e+01 2.429333712895779818e-01 7.362233406192483787e-02 5.944093544176140553e-02 3.450080175319455295e-02
2.869447171715249212e+01 2.483865398933335356e-01 7.726474830993429466e-02 4.853486280107106865e-02 3.822119746868209156e-02
2.879447171715249354e+01 2.528102442226649593e-01 8.123605943442362143e-02 4.192907780184407240e-02 4.103008600565748870e-02
2.889447171715249496e+01 2.568052701158333728e-01 8.543313508058429651e-02 3.622260684800961139e-02 4.271173164588471655e-02
2.899447171715249638e+01 2.598570458777926251e-01 8.973545588957176911e-02 2.491066361353928491e-02 4.310401391255189868e-02
2.909447171715249780e+01 2.617717211260160992e-01 9.400514899563884585e-02 1.365461169647287469e-02 4.203443703627812722e-02
2.919447171715249922e+01 2.629158144648937045e-01 9.809003370793378807e-02 1.093173175028600702e-02 3.940259630580143085e-02
2.929447171715250064e+01 2.640301040587173520e-01 1.018356654530325478e-01 1.179920510029065610e-02 3.527366867863594713e-02
2.939447171715250207e+01 2.656249124511468884e-01 1.051013880479689105e-01 2.159303321795872505e-02 2.985033769929495984e-02
2.949447171715250349e+01 2.682533741650759973e-01 1.077744666146605579e-01 2.931985066591566436e-02 2.348869266557633909e-02
2.959447171715250491e+01 2.711875043902607363e-01 1.097803489939866012e-01 2.814658210978536815e-02 1.656032829397371953e-02
2.969447171715250633e+01 2.737588248554459480e-01 1.110770119493274810e-01 2.323504984373120016e-02 9.345042300106860822e-03
2.979447171715250775e+01 2.756883425824427358e-01 1.116476010568723809e-01 1.349162511397061955e-02 2.074880514541742847e-03
2.989447171715250917e+01 2.762056198667935392e-01 1.114955377850143647e-01 -2.511419097907688011e-03 -5.092333638462048957e-03
2.999447171715251059e+01 2.755228161528689435e-01 1.106355706555488816e-01 -1.015701956138817703e-02 -1.206191987188193031e-02
3.009447171715251201e+01 2.740875627641227164e-01 1.090953709053634341e-01 -1.888558417565713160e-02 -1.866685695529959541e-02
3.019447171715251343e+01 2.721203620765480502e-01 1.069198744373734272e-01 -1.710910188936666868e-02 -2.473655572381661810e-02
3.029447171715251486e+01 2.709902622771516723e-01 1.041752509373619767e-01 -6.214982775890715364e-03 -2.998733360562784098e-02
3.039447171715251628e+01 2.706789322412506693e-01 1.009617830213869749e-01 -8.654838575929239830e-04 -3.406132711679316083e-02
3.049447171715251770e+01 2.704142863874114400e-01 9.741037387944168069e-02 -7.016701590346578234e-03 -3.672158401850382503e-02
3.059447171715251912e+01 2.690261581104919641e-01 9.366555777104468294e-02 -2.139250144929821101e-02 -3.794455018082582010e-02
3.069447171715252054e+01 2.660180215563111572e-01 8.986423199348074486e-02 -3.699341254545477492e-02 -3.788783337496143266e-02
3.079447171715252196e+01 2.624093718786082441e-01 8.612405079420951126e-02 -3.397871417535693744e-02 -3.673969725313632612e-02
3.089447171715252338e+01 2.587009521068955320e-01 8.255100471391645101e-02 -4.104482242243238238e-02 -3.455940728445929672e-02
3.099447171715252480e+01 2.546888163458129184e-01 7.924131305500911604e-02 -3.862085093009046122e-02 -3.149879673137923747e-02
3.109447171715252622e+01 2.505444783855200752e-01 7.627633878993693439e-02 -4.467282385182598514e-02 -2.769293029326350131e-02
3.119447171715252765e+01 2.459263510343072667e-01 7.372009628057543673e-02 -4.879707125455911426e-02 -2.336421481521228777e-02
3.129447171715252907e+01 2.406252280672898647e-01 7.161235303700272392e-02 -5.540568287653603596e-02 -1.877235027507653808e-02
3.139447171715253049e+01 2.350876957606368445e-01 6.996527516813633163e-02 -5.622938509706511961e-02 -1.418775791019282785e-02
3.149447171715253191e+01 2.293548542136123747e-01 6.876736209680391065e-02 -5.746781321592806663e-02 -9.826228342314630854e-03
3.159447171715253333e+01 2.236374260477607956e-01 6.798593048814652318e-02 -5.643615500934449913e-02 -5.886550465622908228e-03
3.169447171715253475e+01 2.183751319741054631e-01 6.757123334451523022e-02 -4.769490449803370086e-02 -2.506074097707795476e-03
3.179447171715253617e+01 2.142725510741637918e-01 6.746531302190916790e-02 -3.286137664495390742e-02 2.956015424594770138e-04
3.189447171715253759e+01 2.118176193395147899e-01 6.761416886541181392e-02 -1.764219854916765709e-02 2.612535514294866273e-03
3.199447171715253901e+01 2.110042153640265539e-01 6.797590263490591034e-02 4.921906984088775944e-03 4.576625489986080320e-03
3.209447171715253688e+01 2.128050626928850719e-01 6.852565801378177057e-02 2.793443410376279801e-02 6.425312043887477717e-03
3.219447171715253830e+01 2.163160883430444992e-01 6.926532397156283383e-02 4.211347838047663911e-02 8.401006117390020372e-03
3.229447171715253972e+01 2.208628109241231319e-01 7.021408563436055961e-02 4.690724441998980754e-02 1.061766727352751738e-02
3.239447171715254115e+01 2.256281687343881515e-01 7.139645085190018947e-02 4.816204463534868446e-02 1.306105792388275594e-02
3.249447171715254257e+01 2.304780937142402453e-01 7.283100524223180827e-02 5.007136813996478086e-02 1.564527911771893334e-02
3.259447171715254399e+01 2.357550025203782595e-01 7.452770405923542230e-02 5.401429110237440656e-02 1.829676022777259117e-02
3.269447171715254541e+01 2.411222186154619862e-01 7.649040793230431345e-02 5.449471982432174677e-02 2.094768224497657594e-02
3.279447171715254683e+01 2.467909653028345363e-01 7.871410930255919036e-02 5.774599495710527886e-02 2.350654707463150847e-02
3.289447171715254825e+01 2.523158066305241087e-01 8.118607801189975381e-02 5.181157475730188700e-02 2.589144567327279767e-02
3.299447171715254967e+01 2.574008489463077143e-01 8.388099466476166277e-02 5.245939800004048581e-02 2.793851574563353465e-02
3.309447171715255109e+01 2.628734141891728715e-01 8.675981373261465457e-02 5.458432526202526558e-02 2.956767017905180192e-02
3.319447171715255251e+01 2.680129910810647997e-01 8.977890344808486800e-02 4.851406562118489030e-02 3.072457114663192101e-02
3.329447171715255394e+01 2.725095821689494380e-01 9.288475574220723952e-02 3.977921872876501175e-02 3.128196067157456434e-02
3.339447171715255536e+01 2.756737013171955408e-01 9.601007731816127433e-02 2.254384002031223008e-02 3.107969355195222896e-02
3.349447171715255678e+01 2.769683129715284631e-01 9.906758495409247189e-02 4.453387416768921081e-03 2.988489847268309407e-02
3.359447171715255820e+01 2.769388421979188664e-01 1.019473669538098065e-01 -3.418956074273254986e-03 2.750648518192413960e-02
3.369447171715255962e+01 2.765828480274341028e-01 1.045288371671925093e-01 -2.349555506159782189e-03 2.393263310158714671e-02
3.379447171715256104e+01 2.764616051216102210e-01 1.066992907330691354e-01 -1.145415591218377962e-03 1.932188868114628408e-02
3.389447171715256246e+01 2.762902147900764271e-01 1.083656582182210421e-01 -2.116147050806370042e-03 1.388482914658154682e-02
3.399447171715256388e+01 2.759937496855555117e-01 1.094558962197710733e-01 -3.557202814565443069e-03 7.837170982675915540e-03
3.409447171715256530e+01 2.757452967028501400e-01 1.099207982294486824e-01 -1.207443383216121480e-03 1.423666098341882028e-03
3.419447171715256673e+01 2.756961665766675118e-01 1.097383128276033099e-01 3.074175564428648089e-04 -5.060098585586653673e-03
3.429447171715256815e+01 2.756338572696838685e-01 1.089162392397623885e-01 -3.579519408943595323e-03 -1.132293235797408003e-02
3.439447171715256957e+01 2.750039367449683692e-01 1.074881467914390321e-01 -6.232919190493423946e-03 -1.715304404359641391e-02
3.449447171715257099e+01 2.745556131661779919e-01 1.055072149718107449e-01 -4.998801928822127483e-03 -2.233450887592130368e-02
3.459447171715257241e+01 2.738177971514400011e-01 1.030502800623956661e-01 -7.934575366557065218e-03 -2.664841810252055812e-02
3.469447171715257383e+01 2.732243947237267823e-01 1.002116257216396633e-01 -4.304622075778192017e-03 -2.993746825495154779e-02
3.479447171715257525e+01 2.728974645498775109e-01 9.710296158380629650e-02 -2.340680877337024141e-03 -3.202374119932081820e-02
3.489447171715257667e+01 2.726419114274578614e-01 9.385079374495029769e-02 -2.996965409836562563e-03 -3.279604448177951548e-02
3.499447171715257809e+01 2.722876488061215516e-01 9.058848529607128885e-02 -5.138972934669142761e-03 -3.222841028676131508e-02
3.509447171715257952e+01 2.715346971205015447e-01 8.744777648781715262e-02 -7.883361782718896829e-03 -3.038354148739118299e-02
3.519447171715258094e+01 2.710499525047854741e-01 8.455097094930602575e-02 -3.070326746731450070e-03 -2.735985864771608989e-02
3.529447171715258236e+01 2.706129850915228174e-01 8.201237598468053003e-02 -4.868950377999699611e-03 -2.324486265562240861e-02
3.539447171715258378e+01 2.702770881134451408e-01 7.993236784077827062e-02 -3.025301517304183202e-03 -1.821736183414075089e-02
3.549447171715258520e+01 2.696080183260006202e-01 7.839245263087404880e-02 -1.125940246983612655e-02 -1.249013866722447318e-02
3.559447171715258662e+01 2.680877687819234745e-01 7.744616481675155317e-02 -1.858308185381449956e-02 -6.407728445971883242e-03
3.569447171715258804e+01 2.658079098035302512e-01 7.711051746029239096e-02 -2.823786835241642174e-02 -3.383846626036201427e-04
3.579447171715258946e+01 2.624270335888586048e-01 7.736489585283248815e-02 -3.786250786070495533e-02 5.323728736115191165e-03
3.589447171715259088e+01 2.585174637381590368e-01 7.814938916066221930e-02 -3.921036000389068604e-02 1.021467590323546851e-02
3.599447171715259230e+01 2.549815518078660248e-01 7.937467328832369107e-02 -2.970518338478460307e-02 1.411799157851254330e-02
3.609447171715259373e+01 2.525659115354796924e-01 8.093870304420987261e-02 -1.872655974084712349e-02 1.699389523701508656e-02
3.619447171715259515e+01 2.515986063494891622e-01 8.274086332073515848e-02 8.836874315810670788e-04 1.889891616724640941e-02
3.629447171715259657e+01 2.524799488284220073e-01 8.469224275205515517e-02 1.414064816833596888e-02 2.001358985700791432e-02
3.639447171715259799e+01 2.540520772498922053e-01 8.672200672800227383e-02 1.604808127147495239e-02 2.047683144336696556e-02
3.649447171715259941e+01 2.556432421752964368e-01 8.876649209416978548e-02 1.641523640632058800e-02 2.030689737345110074e-02
3.659447171715260083e+01 2.572434689422629095e-01 9.076269039944136197e-02 1.407631388161487140e-02 1.951546417959853022e-02
3.669447171715260225e+01 2.583873974682410202e-01 9.264885642756043316e-02 9.449076906489918548e-03 1.810220940810474549e-02
3.679447171715260367e+01 2.591474965824676069e-01 9.436223915460764666e-02 6.198684009832371340e-03 1.606321336705774858e-02
3.689447171715260509e+01 2.601074265380340367e-01 9.584238978320865077e-02 1.607588290712651941e-02 1.345892189328340253e-02
3.699447171715260652e+01 2.627696662881212064e-01 9.704346202723765358e-02 3.865094344135934501e-02 1.054390885105220207e-02
3.709447171715260794e+01 2.679474915336247931e-01 9.795553659245670453e-02 6.349456215632405531e-02 7.761131559249446338e-03
3.719447171715260936e+01 2.750412499109065045e-01 9.861542375870363530e-02 7.662122328407917904e-02 5.563436432142155122e-03
3.729447171715261078e+01 2.826994438027408130e-01 9.909713469284345266e-02 7.208222720286612539e-02 4.223461541099374043e-03
3.739447171715261220e+01 2.888460693657802780e-01 9.948835474686315572e-02 5.008003581664105530e-02 3.720921705690057903e-03
3.749447171715261362e+01 2.924459541768891779e-01 9.985979304031508685e-02 1.928823968721207413e-02 3.767671445512506875e-03
3.759447171715261504e+01 2.925417420301628102e-01 1.002453335901927478e-01 -1.572276663678368394e-02 3.915491891733746850e-03
3.769447171715261646e+01 2.894952099995766193e-01 1.006295920612513689e-01 -4.584194738162441357e-02 3.667307582168322956e-03
3.779447171715261788e+01 2.833794866540808588e-01 1.009511584629656789e-01 -7.508348370869856458e-02 2.591332641840434978e-03
3.789447171715261931e+01 2.747804901977587422e-01 1.011079782953397121e-01 -9.546337337815972990e-02 3.248532243606922984e-04
3.799447171715262073e+01 2.647194849932600347e-01 1.009698727170540294e-01 -1.029496108514112995e-01 -3.321052220882938361e-03
3.809447171715262215e+01 2.547112839581369692e-01 1.003993509751988644e-01 -9.524101714381463801e-02 -8.290173823447891110e-03
3.819447171715262357e+01 2.460428815985477857e-01 9.927819013755606603e-02 -7.516819249837777828e-02 -1.426176643981758724e-02
3.829447171715262499e+01 2.404651754772453576e-01 9.753208760971167346e-02 -3.415909462991510714e-02 -2.066871692453970885e-02
3.839447171715262641e+01 2.388178031355275288e-01 9.515749038778796576e-02 -2.764701277015363390e-03 -2.669094603402080365e-02
3.849447171715262783e+01 2.393786007764423240e-01 9.223027123559537910e-02 1.220252256775022741e-02 -3.163077023742465882e-02
3.859447171715262925e+01 2.410326714833692374e-01 8.888188135478802820e-02 2.137640504405499339e-02 -3.505943321104870725e-02
3.869447171715263067e+01 2.438595418879083709e-01 8.527850314557153255e-02 3.497350985538125179e-02 -3.668409781045502138e-02
3.879447171715263210e+01 2.478368669509319611e-01 8.161359406664289717e-02 4.341343612840879024e-02 -3.625854954075628800e-02
3.889447171715263352e+01 2.519483676651097515e-01 7.809830342429888161e-02 3.420696049581542497e-02 -3.369952244463893243e-02
3.899447171715263494e+01 2.540344680455682291e-01 7.493673951187528048e-02 6.168306836301262752e-03 -2.926068274407139097e-02
3.909447171715263636e+01 2.529953697071922747e-01 7.228957389698753566e-02 -2.733991353442086214e-02 -2.352426858451404229e-02
3.919447171715263778e+01 2.486444727496140150e-01 7.025119364517835863e-02 -5.923329281235698018e-02 -1.720836137355211126e-02
3.929447171715263920e+01 2.413813400357211203e-01 6.884302411692558299e-02 -8.310997596642460961e-02 -1.103517783093679872e-02
3.939447171715264062e+01 2.327508931396017888e-01 6.801967973902621478e-02 -8.594363084834757971e-02 -5.584839499804356185e-03
3.949447171715264204e+01 2.249415858075727859e-01 6.769286012076167203e-02 -6.723495805797226332e-02 -1.118299989241168697e-03
3.959447171715264346e+01 2.194615397668764345e-01 6.776530004843976662e-02 -4.199474104562231358e-02 2.430083430532273443e-03
3.969447171715264489e+01 2.169360856605372090e-01 6.815570874483188601e-02 -6.877491911716729356e-03 5.290312162177438285e-03
3.979447171715264631e+01 2.179099677953607039e-01 6.881273365920030638e-02 2.423289309442061557e-02 7.829285984584082730e-03
3.989447171715264773e+01 2.214390330637889259e-01 6.972216388464665127e-02 4.529234347248849157e-02 1.038155010663177093e-02
3.999447171715264915e+01 2.270432156581669025e-01 7.089648192552755468e-02 6.763299184779178463e-02 1.315789539546021077e-02
4.009447171715265057e+01 2.345906289459017413e-01 7.236769009259176599e-02 7.910313218108090683e-02 1.634630267094394976e-02
4.019447171715265199e+01 2.422924644687436402e-01 7.418033154452226274e-02 7.418192019707636753e-02 1.996395327356189145e-02
4.029447171715265341e+01 2.494681781493837680e-01 7.636798324390374482e-02 7.004532001682448050e-02 2.380698472731943016e-02
4.039447171715265483e+01 2.563350758595933088e-01 7.894186462523665460e-02 6.599125082172881129e-02 2.765437240916457373e-02
4.049447171715265625e+01 2.622717291525047401e-01 8.189118731484548719e-02 5.127541705952852469e-02 3.126624435232958771e-02
4.059447171715265767e+01 2.665881450541428555e-01 8.517549126918519398e-02 3.662798410682484296e-02 3.429042213808751460e-02
4.069447171715265910e+01 2.697930181077460854e-01 8.871864197326263801e-02 2.564636431795108348e-02 3.639942644697396340e-02
4.079447171715266052e+01 2.711701285215444290e-01 9.241575692392278718e-02 1.453182321106201436e-03 3.731365509166146427e-02
4.089447171715266194e+01 2.702997197387598249e-01 9.612949705874827833e-02 -1.872397449889498869e-02 3.667689690650740436e-02
4.099447171715266336e+01 2.674107729371358877e-01 9.969027051162061837e-02 -3.819795560452673294e-02 3.421644528221292475e-02
4.109447171715266478e+01 2.627871375156213274e-01 1.029062225529241009e-01 -5.318366841839572423e-02 2.976375323879022067e-02
4.119447171715266620e+01 2.575616959750852142e-01 1.055762481441426398e-01 -4.626099545449084000e-02 2.332232281507287328e-02
4.129447171715266762e+01 2.540461339576361444e-01 1.075164330309257982e-01 -2.282052201200884811e-02 1.526254268106231639e-02
4.139447171715266904e+01 2.532586150298734018e-01 1.085972306761415762e-01 6.578348358040643495e-03 6.262142260362832044e-03
4.149447171715267046e+01 2.549796757243750212e-01 1.087636170373268985e-01 2.694694293880825833e-02 -2.900840537533476080e-03
4.159447171715267189e+01 2.584838325896922639e-01 1.080347135429882977e-01 4.076226353925845730e-02 -1.153733305646499792e-02
4.169447171715267331e+01 2.628100257076194657e-01 1.064922823351069081e-01 4.602762119464307022e-02 -1.909576829028300504e-02
4.179447171715267473e+01 2.676167742795740323e-01 1.042649967989125737e-01 4.874005251508709002e-02 -2.517429787073782038e-02
4.189447171715267615e+01 2.724304074207797299e-01 1.015165636055459369e-01 4.668507732330684501e-02 -2.948286422338493307e-02
4.199447171715267757e+01 2.765199795695172935e-01 9.843216656580859591e-02 3.373511249857420735e-02 -3.188818410687460636e-02
4.209447171715267899e+01 2.792470394507879372e-01 9.520011218614371495e-02 2.039009230374332071e-02 -3.245942563677464004e-02
4.219447171715268041e+01 2.801979774856482863e-01 9.199525162550752089e-02 -2.813917897742299751e-03 -3.138985330169862670e-02
4.229447171715268183e+01 2.787174919102390902e-01 8.896462821770005636e-02 -2.567759820960854519e-02 -2.904677592432747604e-02
4.239447171715268325e+01 2.754550310336699170e-01 8.621434730452824657e-02 -3.771580508191496595e-02 -2.584581615518028938e-02
4.249447171715268468e+01 2.710198043871854812e-01 8.381321859838263000e-02 -5.365463938146476652e-02 -2.211568158262878364e-02
4.259447171715268610e+01 2.645149462033921650e-01 8.179584778091766872e-02 -7.567748535627588646e-02 -1.824940667060460583e-02
4.269447171715268752e+01 2.560115201600023371e-01 8.015216261911552176e-02 -9.349253269234089614e-02 -1.471618200805884305e-02
4.279447171715268894e+01 2.463733258387466596e-01 7.882832942323937664e-02 -9.559199937777716760e-02 -1.190221045562064525e-02
4.289447171715269036e+01 2.372677288699381326e-01 7.774255142459300660e-02 -8.603462536770968561e-02 -9.956966913673816547e-03
4.299447171715269178e+01 2.295570146228027297e-01 7.680977868001344355e-02 -6.452077520252906540e-02 -8.819295481271735571e-03
4.309447171715269320e+01 2.248992004799604261e-01 7.596069737949465162e-02 -2.782623328868633061e-02 -8.213189127007396867e-03
4.319447171715269462e+01 2.239351190296915983e-01 7.516564916021836740e-02 7.022629071232786013e-03 -7.652678212027213926e-03
4.329447171715269604e+01 2.257345451588625429e-01 7.444415796298160803e-02 2.661457472045110004e-02 -6.681016097155880254e-03
4.339447171715269747e+01 2.292415367825300088e-01 7.385185323728674089e-02 4.409679710832807575e-02 -5.037978737329007993e-03
4.349447171715269889e+01 2.344638066533307197e-01 7.346493394410551214e-02 6.072192310915752733e-02 -2.546294486553623074e-03
4.359447171715270031e+01 2.417704097020458576e-01 7.337596341750736439e-02 8.519815379332892902e-02 9.505563242089803792e-04
4.369447171715270173e+01 2.505723007938181479e-01 7.369405352791605357e-02 8.593484532624534600e-02 5.602247249131969697e-03
4.379447171715270315e+01 2.588789148903110071e-01 7.452968395008086055e-02 8.191078491704283093e-02 1.125013978544241698e-02
4.389447171715270457e+01 2.667447067988085729e-01 7.596729564055251793e-02 7.216868956095719156e-02 1.758986586403365679e-02
4.399447171715270599e+01 2.727986109480304289e-01 7.805682992525656005e-02 4.723589247993775775e-02 2.419715601100504848e-02
4.409447171715270741e+01 2.760988193307466476e-01 8.079474556045963818e-02 2.011758444008268296e-02 3.044423870440208374e-02
4.419447171715270883e+01 2.771199631234742555e-01 8.411225870408994831e-02 1.455296594690125289e-04 3.569419363834175352e-02
4.429447171715271026e+01 2.760172479763043363e-01 8.788282280652533196e-02 -2.130467436607292112e-02 3.942181563968658736e-02
4.439447171715271168e+01 2.732077640681132569e-01 9.193079693002402519e-02 -3.343132404993827411e-02 4.118249100164595583e-02
4.449447171715271310e+01 2.697343954234637797e-01 9.604538561293368693e-02 -3.300146151981171727e-02 4.073410296923273693e-02
4.459447171715271452e+01 2.670568079861160293e-01 1.000048737208782262e-01 -1.989461175446561453e-02 3.811273288976249618e-02
4.469447171715271594e+01 2.657702665059870073e-01 1.036050189623817092e-01 -5.785398474360825549e-03 3.360687822260944452e-02
4.479447171715271736e+01 2.659230453865916721e-01 1.066765853759453764e-01 9.212681037193304334e-03 2.761362244040794708e-02
4.489447171715271878e+01 2.675918437029498609e-01 1.090938265889825343e-01 2.264118909659680601e-02 2.060391163148286853e-02
4.499447171715272020e+01 2.700479399427277993e-01 1.107793949751959273e-01 2.587753029860692666e-02 1.305013874075690826e-02
4.509447171715272162e+01 2.728915313501082407e-01 1.116985335134994817e-01 3.047833347105937188e-02 5.338791582918878814e-03
4.519447171715272304e+01 2.756055324364168890e-01 1.118542572462628698e-01 2.138709721888232274e-02 -2.167606391609100923e-03
4.529447171715272447e+01 2.773216341378337280e-01 1.112787397850500543e-01 1.574260776004182683e-02 -9.260081038521153149e-03
4.539447171715272589e+01 2.790976081158306754e-01 1.100234663483293379e-01 2.018316509628427860e-02 -1.571200938824718341e-02
4.549447171715272731e+01 2.813649339955447970e-01 1.081685527342459707e-01 2.458700069950344250e-02 -2.119875100570713794e-02
4.559447171715272873e+01 2.837368122068670284e-01 1.058254495908648729e-01 2.138691363391172218e-02 -2.543931589838950569e-02
4.569447171715273015e+01 2.854412855502245772e-01 1.031267639314980000e-01 1.209449652959509493e-02 -2.830238604345598763e-02
4.579447171715273157e+01 2.861454904134886901e-01 1.002106388178587992e-01 1.841291694662875941e-03 -2.979756915848731993e-02
4.589447171715273299e+01 2.854886755322071923e-01 9.720970530214471939e-02 -1.695497485683057637e-02 -3.002566136697473742e-02
4.599447171715273441e+01 2.827354573389425640e-01 9.423932093689355027e-02 -3.712558602593836465e-02 -2.924081558544231602e-02
4.609447171715273583e+01 2.781863909093051923e-01 9.138457155999610282e-02 -5.244392736623752771e-02 -2.776437881841772176e-02
4.619447171715273726e+01 2.727796452657409443e-01 8.870046041276248572e-02 -5.375311781365996189e-02 -2.586034062875007880e-02
4.629447171715273868e+01 2.675507869094480573e-01 8.622293230934421904e-02 -5.025388452001145617e-02 -2.364238813343689377e-02
4.639447171715274010e+01 2.627926106068080303e-01 8.398101216890194176e-02 -4.555093883903898327e-02 -2.115302965964333676e-02
4.649447171715274152e+01 2.584534756061044880e-01 8.200002387753259347e-02 -3.975434451958152759e-02 -1.843271787125089906e-02
4.659447171715274294e+01 2.551349028313448786e-01 8.030142963467035155e-02 -2.553372637411746582e-02 -1.549968523451016565e-02
4.669447171715274436e+01 2.534875119230540208e-01 7.890975477023305651e-02 -7.903544366599849630e-03 -1.227506643731124045e-02
4.679447171715274578e+01 2.531804136525734328e-01 7.785958975511429736e-02 -7.653354418155683056e-04 -8.661379444300686820e-03
4.689447171715274720e+01 2.527171339306475972e-01 7.718862843234260140e-02 -1.105828462189797218e-02 -4.722493806590459704e-03
4.699447171715274862e+01 2.512185738640865251e-01 7.691626568785460416e-02 -1.458595548200748368e-02 -7.443235016809223586e-04
4.709447171715275005e+01 2.502635445243254764e-01 7.703401498058384811e-02 -4.923237164085813092e-03 3.067822872511103294e-03
4.719447171715275147e+01 2.500829284686649223e-01 7.752295155612043409e-02 -3.400660607398488938e-05 6.671743777049884451e-03
4.729447171715275289e+01 2.499103052667555891e-01 7.835848253221305848e-02 -3.387283003569868407e-03 9.974719060862944839e-03
4.739447171715275431e+01 2.495688290022176903e-01 7.950225112972943153e-02 -4.862244312177306516e-03 1.281130853168253696e-02
4.749447171715275573e+01 2.486127553735205109e-01 8.089984765886618079e-02 -1.279595441850709704e-02 1.501737616094240592e-02
4.759447171715275715e+01 2.474571673598529031e-01 8.247870528296512294e-02 -1.031305119571730017e-02 1.642028203756095220e-02
4.769447171715275857e+01 2.465913501414288556e-01 8.415577631029003136e-02 -4.559884553166640257e-03 1.698127421736942561e-02
4.779447171715275999e+01 2.468508840239710678e-01 8.584925609929131007e-02 8.590779137211380923e-03 1.677635842464463359e-02
4.789447171715276141e+01 2.480823010937010242e-01 8.749151172595759363e-02 1.663375747957665865e-02 1.598312593799573744e-02
4.799447171715276284e+01 2.504181577712348838e-01 8.903179482339032558e-02 3.066106267830599752e-02 1.477139888324133579e-02
4.809447171715276426e+01 2.542516410238058189e-01 9.044004367781480203e-02 4.675513974378782411e-02 1.338810368803511341e-02
4.819447171715276568e+01 2.599699436600186875e-01 9.171361742229307279e-02 6.717640259724907970e-02 1.213349226361405339e-02
4.829447171715276710e+01 2.671704898940817641e-01 9.288190306525063999e-02 7.400519066811031554e-02 1.132547285221985334e-02
4.839447171715276852e+01 2.746320316419674223e-01 9.399844348425662188e-02 7.639611206015044231e-02 1.110695591713656109e-02
4.849447171715276994e+01 2.826311338662573780e-01 9.512478265389397170e-02 8.226065470683792402e-02 1.153447700909445220e-02
4.859447171715277136e+01 2.902074687638218076e-01 9.632803707506404356e-02 6.446177852731507785e-02 1.262912501581187757e-02
4.869447171715277278e+01 2.952519437226953092e-01 9.766340250336826012e-02 3.725785671204827343e-02 1.410359724863898684e-02
4.879447171715277420e+01 2.975040137837512977e-01 9.914637624801829474e-02 5.846692081592511081e-03 1.550410092543822241e-02
4.889447171715277562e+01 2.963354431743537853e-01 1.007446855101667843e-01 -2.782694018030536925e-02 1.631835068741067929e-02
4.899447171715277705e+01 2.924092122641960834e-01 1.023736608730812653e-01 -4.805816293055709815e-02 1.604925166946951504e-02
4.909447171715277847e+01 2.870897404722104751e-01 1.039088901152902672e-01 -5.694196398690305055e-02 1.441780960479968621e-02
4.919447171715277989e+01 2.814077867945127820e-01 1.052098092025455650e-01 -5.486239171329429509e-02 1.137159604852336012e-02
4.929447171715278131e+01 2.764793725123616541e-01 1.061412017383493861e-01 -4.023851052145400314e-02 7.072282814259207850e-03
4.939447171715278273e+01 2.741608279268302195e-01 1.065960793013681490e-01 -4.504281108072133444e-03 1.940079508284813480e-03
4.949447171715278415e+01 2.755167846429212308e-01 1.065249040313638179e-01 3.145969149907286433e-02 -3.322297718363709761e-03
4.959447171715278557e+01 2.801354980156909313e-01 1.059519047370626743e-01 5.704299787799325949e-02 -7.981607864467256397e-03
4.969447171715278699e+01 2.863880528334474818e-01 1.049673237416252347e-01 6.722169627431166805e-02 -1.148769572161002783e-02
4.979447171715278841e+01 2.931977963622404149e-01 1.037029041191613321e-01 6.612438839603645979e-02 -1.354533217970204685e-02
4.989447171715278984e+01 2.993391243583521932e-01 1.023090412613033989e-01 5.603775396650338692e-02 -1.408532892253662461e-02
4.999447171715279126e+01 3.041935311869463088e-01 1.009323810222523821e-01 4.034416168508583866e-02 -1.323424477692720230e-02
5.009447171715279268e+01 3.070382225832343770e-01 9.969976349077533384e-02 1.235046433431796417e-02 -1.126323141818802095e-02
5.019447171715279410e+01 3.061487127298685995e-01 9.870055572076710804e-02 -2.884925378040649815e-02 -8.675554877815613852e-03
5.029447171715279552e+01 3.016703754223571399e-01 9.796272627596031013e-02 -5.982604039589109468e-02 -6.139963274487547293e-03
5.039447171715279694e+01 2.945052982213378079e-01 9.745211875493005327e-02 -8.059826043992646127e-02 -4.212118043362376128e-03
5.049447171715279836e+01 2.861455247702401339e-01 9.708754190694236785e-02 -8.337356980166964193e-02 -3.257236077380496267e-03
5.059447171715279978e+01 2.784341054199208076e-01 9.676553615370596384e-02 -6.906185809264084319e-02 -3.346309905323414761e-03
5.069447171715280120e+01 2.726825950560078371e-01 9.639014028550954571e-02 -4.341922752113228090e-02 -4.273281990781519629e-03
5.079447171715280263e+01 2.700112517617394015e-01 9.589656619345705846e-02 -1.053841652724339661e-02 -5.625420742841104500e-03
5.089447171715280405e+01 2.704774069175700513e-01 9.526826127707768710e-02 1.905815271994555637e-02 -6.882842808539922641e-03
5.099447171715280547e+01 2.734149933086231776e-01 9.453888673938523612e-02 3.810919676035383341e-02 -7.580247457724844165e-03
5.109447171715280689e+01 2.779667752432993799e-01 9.378144358957896110e-02 5.075511783431072010e-02 -7.403718982033472874e-03
5.119447171715280831e+01 2.829163379406399725e-01 9.309254057918693592e-02 4.648005414886851455e-02 -6.206072029327107560e-03
5.129447171715280973e+01 2.869234722501298740e-01 9.257101774346854217e-02 2.999919857581135468e-02 -4.091051670968157833e-03
5.139447171715281115e+01 2.884300534787894721e-01 9.229373148036727759e-02 1.445809243235573333e-03 -1.401483755080532630e-03
5.149447171715281257e+01 2.877065337939922474e-01 9.229341792600033456e-02 -1.488507986245377404e-02 1.375824386091687151e-03
5.159447171715281399e+01 2.854321786510935488e-01 9.255943210565009682e-02 -3.079456793189984734e-02 3.869132370936129856e-03
5.169447171715281542e+01 2.817061913832016873e-01 9.304675601429318599e-02 -4.161734896984131682e-02 5.751062631972772218e-03
5.179447171715281684e+01 2.774095218854182865e-01 9.368158453298568167e-02 -4.484664089628737083e-02 6.796488592320956874e-03
5.189447171715281826e+01 2.726057066926894645e-01 9.437461891730893060e-02 -5.056676153825852976e-02 6.898383420991495256e-03
5.199447171715281968e+01 2.674062507012076040e-01 9.502720406521135421e-02 -5.324804080779314136e-02 5.981561484406052419e-03
5.209447171715282110e+01 2.624698491360100139e-01 9.553726985229353541e-02 -4.065190426073185537e-02 4.064082018025810990e-03
5.219447171715282252e+01 2.598356527346304401e-01 9.581550076941663940e-02 -1.211196165796844804e-02 1.419723884359471409e-03
5.229447171715282394e+01 2.600973109797570793e-01 9.581386265614996733e-02 1.855242235027755246e-02 -1.443901104718617497e-03
5.239447171715282536e+01 2.635430702845460993e-01 9.553822225218722153e-02 4.894674508591843887e-02 -3.963101261074044451e-03
5.249447171715282678e+01 2.697496037811188407e-01 9.505076401910261819e-02 7.540412856677142228e-02 -5.599581610219474086e-03
5.259447171715282821e+01 2.784580891586673213e-01 9.446282033790362465e-02 9.664811325777292184e-02 -5.905014206230493716e-03
5.269447171715282963e+01 2.887596083711172490e-01 9.392464804068020867e-02 1.084703911059872461e-01 -4.570580388828930293e-03
5.279447171715283105e+01 2.996517133029736324e-01 9.360711612593664022e-02 1.049221447294632625e-01 -1.493708549427021082e-03
5.289447171715283247e+01 3.090568626959601106e-01 9.367774959387806244e-02 8.226573506051276796e-02 3.126679593188674659e-03
5.299447171715283389e+01 3.160603555060038650e-01 9.426724863860806714e-02 5.630754702080279644e-02 8.788650641287785309e-03
5.309447171715283531e+01 3.199104493713673669e-01 9.544928451491638266e-02 2.034086525129753797e-02 1.485831798566636559e-02
5.319447171715283673e+01 3.205461753177667461e-01 9.722750474525762576e-02 -5.347733370127522728e-03 2.059228184792645175e-02
5.329447171715283815e+01 3.187818796929231535e-01 9.953558200770587505e-02 -3.160417220000705241e-02 2.536145353776297906e-02
5.339447171715283957e+01 3.141515801075491776e-01 1.022482583486573060e-01 -6.025690443269533791e-02 2.858575968184523877e-02
5.349447171715284099e+01 3.069629848041596221e-01 1.051831498250597324e-01 -8.118025329140850233e-02 2.972879801246286480e-02
5.359447171715284242e+01 2.983880677685322169e-01 1.081132317126566877e-01 -9.018268730786260790e-02 2.845821659763591790e-02
5.369447171715284384e+01 2.887512005069342580e-01 1.107909872621500036e-01 -1.010185256757696742e-01 2.467454121642151388e-02
5.379447171715284526e+01 2.789746017416435686e-01 1.129655201850843643e-01 -9.144642605728194040e-02 1.842724170389619873e-02
5.389447171715284668e+01 2.706551234914337245e-01 1.144069732331505357e-01 -7.388889130357473300e-02 1.010159831000279410e-02
5.399447171715284810e+01 2.646876767525532803e-01 1.149370369611006637e-01 -4.247074314887057389e-02 3.213144800099654308e-04
5.409447171715284952e+01 2.626805967134450137e-01 1.144516223433007379e-01 4.194398297040144441e-03 -1.003906512516715942e-02
5.419447171715285094e+01 2.656130724879856020e-01 1.129465247322803123e-01 5.317849707591106034e-02 -1.987997452269222448e-02
5.429447171715285236e+01 2.727984565743331036e-01 1.105298253363417998e-01 8.736903566908742202e-02 -2.810459834636363369e-02
5.439447171715285378e+01 2.825507334948902383e-01 1.074075955130423810e-01 1.049163245612718398e-01 -3.388051077901392538e-02
5.449447171715285521e+01 2.929512788765455955e-01 1.038517120412000838e-01 9.867893475311059759e-02 -3.673290545340378993e-02
5.459447171715285663e+01 3.018436742501990344e-01 1.001599284912533389e-01 7.819920545718078708e-02 -3.662816476261811921e-02
5.469447171715285805e+01 3.081202142962338186e-01 9.661464832564581329e-02 4.438313708815150999e-02 -3.387715267327205682e-02
5.479447171715285947e+01 3.104383324564017888e-01 9.345276120159863587e-02 1.404142548609502161e-03 -2.908503540120605663e-02
5.489447171715286089e+01 3.082250200579747523e-01 9.083831701159658656e-02 -4.611781594413266044e-02 -2.307711047829523465e-02
5.499447171715286231e+01 3.013439709806571831e-01 8.884680738803797662e-02 -9.000662979050325085e-02 -1.678363174401845126e-02
5.509447171715286373e+01 2.907693457134665760e-01 8.746143309626824847e-02 -1.175419360579913058e-01 -1.108615231762985487e-02
5.519447171715286515e+01 2.786221313602541549e-01 8.658859224140449951e-02 -1.217555038247576382e-01 -6.605330561956839104e-03
5.529447171715286657e+01 2.670003223323637043e-01 8.609123585849787208e-02 -1.097013099731103392e-01 -3.588237275936106193e-03
5.539447171715286800e+01 2.565999626720234517e-01 8.582296579879895859e-02 -9.796271220860117146e-02 -2.009686863779134268e-03
5.549447171715286942e+01 2.476816273928656442e-01 8.564520341002306025e-02 -7.946348793691623835e-02 -1.748014606945381315e-03
5.559447171715287084e+01 2.409517038234629815e-01 8.543789291783547568e-02 -5.292408893822752453e-02 -2.545308392982424412e-03
5.569447171715287226e+01 2.372958251233601989e-01 8.511476262804756887e-02 -2.106270406761657360e-02 -3.980324631312755906e-03
5.579447171715287368e+01 2.366410550773150046e-01 8.463761872153828525e-02 7.732946154411397821e-03 -5.542662038503428160e-03
5.589447171715287510e+01 2.384076426805163407e-01 8.401779320819073582e-02 2.410597041712379471e-02 -6.765059801840342738e-03
5.599447171715287652e+01 2.408131855950859102e-01 8.330542563083895291e-02 2.054401765189635756e-02 -7.372958264624237222e-03
5.609447171715287794e+01 2.421162632315712604e-01 8.256302674630577876e-02 6.936147760965917161e-03 -7.392346326451118901e-03
5.619447171715287936e+01 2.427041081526281618e-01 8.184105463850863127e-02 5.487129706851529010e-03 -6.982207918278272689e-03
5.629447171715288079e+01 2.431649564204944047e-01 8.117896615246522618e-02 3.448518073922164206e-03 -6.202079948787343061e-03
5.639447171715288221e+01 2.428926050355768862e-01 8.061051834291874107e-02 -1.241445684649614481e-02 -5.133412444266913580e-03
5.649447171715288363e+01 2.407850523533399123e-01 8.015332167787114770e-02 -2.608669311118919087e-02 -4.031570100644903815e-03
5.659447171715288505e+01 2.379982234700974142e-01 7.979738261771011920e-02 -2.932579813282865100e-02 -3.129815382223473993e-03
5.669447171715288647e+01 2.353800765983500576e-01 7.951796027678643963e-02 -2.044050382986818334e-02 -2.502728487574034169e-03
5.679447171715288789e+01 2.338657207495070389e-01 7.929054706020563503e-02 -1.159702733160330491e-02 -2.065136546870700168e-03
5.689447171715288931e+01 2.328928997747341523e-01 7.910215421986913076e-02 -7.593529077575070403e-03 -1.712872737468477610e-03
5.699447171715289073e+01 2.326124973351316461e-01 7.894698939385287606e-02 3.666914006938572397e-03 -1.386159384421664729e-03
5.709447171715289215e+01 2.337614187770187535e-01 7.882888078127225917e-02 1.956940170765803302e-02 -9.390182359610037884e-04
5.719447171715289358e+01 2.365894277508501786e-01 7.877019252956064810e-02 3.650531242828738282e-02 -1.611772036483636672e-04
5.729447171715289500e+01 2.409260458260102378e-01 7.881449317945257715e-02 5.042012137669608929e-02 1.149398604198241178e-03
5.739447171715289642e+01 2.464153260411242607e-01 7.902269938401691729e-02 5.561024076436158620e-02 3.133890238025654595e-03
5.749447171715289784e+01 2.516730146619399200e-01 7.946324460463322081e-02 5.090006365852145498e-02 5.771686518720956643e-03
5.759447171715289926e+01 2.566067857745201186e-01 8.019335065433069731e-02 4.546959635040553199e-02 8.898046211738768613e-03
5.769447171715290068e+01 2.606670947897060109e-01 8.125192041371658014e-02 3.768663771098310772e-02 1.229496947429268433e-02
5.779447171715290210e+01 2.644604180561044848e-01 8.265327105360772975e-02 3.914880149395886383e-02 1.572402549784029935e-02
5.789447171715290352e+01 2.685429059898027937e-01 8.439344458978666197e-02 4.046328289691574626e-02 1.905525489124389876e-02
5.799447171715290494e+01 2.719375529027721616e-01 8.645628402331968776e-02 2.605504088580351540e-02 2.213682948397649453e-02
5.809447171715290636e+01 2.738679933001740285e-01 8.880202516629670528e-02 1.390072498116831645e-02 2.465750465513332629e-02
5.819447171715290779e+01 2.752079373093123116e-01 9.135997914947820153e-02 1.601286176282126425e-02 2.635229311945564215e-02
5.829447171715290921e+01 2.772681004002324201e-01 9.404331212817995667e-02 2.370407506702148018e-02 2.717559842537647236e-02
5.839447171715291063e+01 2.795717783054347816e-01 9.676800328041272603e-02 2.110913566607167113e-02 2.718184889716606864e-02
5.849447171715291205e+01 2.814838330150722934e-01 9.945158255396639724e-02 1.798075557692338858e-02 2.634635499144334647e-02
5.859447171715291347e+01 2.832749171699116553e-01 1.020089801439226368e-01 1.862641338480046024e-02 2.466480292938589419e-02
5.869447171715291489e+01 2.855742145927844255e-01 1.043593079554784725e-01 2.760180466650185085e-02 2.223241682436622943e-02
5.879447171715291631e+01 2.880878238901814492e-01 1.064370523580579625e-01 1.927096855369572065e-02 1.923802169986770644e-02
5.889447171715291773e+01 2.896359229385294110e-01 1.081893897176189889e-01 1.390025916844510843e-02 1.572222456748868444e-02
5.899447171715291915e+01 2.907126163641596817e-01 1.095660323103944539e-01 6.622952657519655568e-03 1.174048944854177642e-02
5.909447171715292058e+01 2.913446839950187273e-01 1.105246329875036737e-01 8.483749581557994968e-03 7.379535526380640899e-03
5.919447171715292200e+01 2.923828236021310256e-01 1.110358736656204964e-01 1.076779352984388177e-02 2.836064934360549121e-03
5.929447171715292342e+01 2.934516534690105316e-01 1.110932237838247461e-01 1.184584424669102992e-02 -1.666460217337502846e-03
5.939447171715292484e+01 2.949358550523689670e-01 1.107110639553372800e-01 1.755064356904802864e-02 -5.912325583570043376e-03
5.949447171715292626e+01 2.970127550485397450e-01 1.099278170190087917e-01 2.583535841027701299e-02 -9.646224516614346906e-03
5.959447171715292768e+01 3.001970508395591652e-01 1.088082867278413607e-01 3.500854267407630532e-02 -1.258616763923815947e-02
5.969447171715292910e+01 3.033185115490699135e-01 1.074447577610695287e-01 2.510883897982232882e-02 -1.451227510395630173e-02
5.979447171715293052e+01 3.048287275169651034e-01 1.059379545588866739e-01 4.065366853316470380e-03 -1.548154884708670583e-02
5.989447171715293194e+01 3.044512402616796898e-01 1.043722815144975391e-01 -9.490189927401122480e-03 -1.573206343256264989e-02
5.999447171715293337e+01 3.028177719263534518e-01 1.028088364247769504e-01 -2.443689343509969358e-02 -1.546650852874799711e-02
6.000000000000000000e+01 3.026802371632466571e-01 1.027234035697402459e-01 -2.531441404765837760e-02 -1.544090122015415699e-02
