time[s] x1[m] x2[m] x1_dot[m/s] x2_dot[m/s]
0.000000000000000000e+00 0.000000000000000000e+00 0.000000000000000000e+00 0.000000000000000000e+00 0.000000000000000000e+00
9.999999999999999124e-05 9.466656772112134501e-09 1.137711967814857800e-15 1.893307136703367807e-04 3.424562402762101340e-11
1.100000000000000066e-03 1.145171203825673423e-06 1.666356117691800486e-12 2.081833965130751307e-03 4.696643841327970407e-09
1.110000000000000049e-02 1.162953369046495610e-04 3.271711601268784796e-09 2.092139986569160892e-02 1.039922360091119776e-06
5.426712929585839063e-02 2.739892831999933206e-03 1.160241879356260051e-06 9.994055480025619553e-02 8.198215151033290057e-05
1.542671292958583962e-01 2.110423474922936554e-02 6.632950047585496720e-05 2.615022762415790125e-01 1.672276633469590686e-03
2.542671292958583740e-01 5.354375860421388411e-02 4.599269921353081950e-04 3.775485218648212959e-01 6.965387238007755832e-03
3.542671292958583518e-01 9.452852043869292009e-02 1.630917274843989321e-03 4.329805961693461436e-01 1.736697606750198242e-02
4.542671292958583296e-01 1.385548435921767352e-01 4.116488099247535282e-03 4.394501751709181669e-01 3.323322770709453977e-02
5.542671292958583074e-01 1.806037677733035862e-01 8.440484586121252061e-03 3.917419188319308798e-01 5.395386814911251605e-02
6.542671292958582852e-01 2.151044212570867864e-01 1.501708786144693650e-02 2.921573539047488399e-01 7.793884367279121927e-02
7.542671292958582629e-01 2.385805711018832431e-01 2.405680988609946655e-02 1.769727441801910994e-01 1.027727775170551860e-01
8.542671292958582407e-01 2.504743637235846698e-01 3.550985273893672578e-02 6.226193069778324096e-02 1.257547596375500620e-01
9.542671292958582185e-01 2.516320736080824849e-01 4.905901761590434479e-02 -3.576478549237777083e-02 1.442890030310365612e-01
1.054267129295858307e+00 2.442181904988966201e-01 6.414618055145802911e-02 -1.059268682949527918e-01 1.562011104514395565e-01
1.154267129295858396e+00 2.318992061695168416e-01 8.002836677485748729e-02 -1.331765752675567738e-01 1.600191790448546869e-01
1.254267129295858485e+00 2.192033149887262222e-01 9.586168480898807354e-02 -1.129628824102303503e-01 1.552227004206530314e-01
1.354267129295858574e+00 2.102408576606971113e-01 1.108014363590499873e-01 -6.378332254729685014e-02 1.423066544034627123e-01
1.454267129295858663e+00 2.069862746672551101e-01 1.240937980474132174e-01 7.632442365623076652e-04 1.225317817528987635e-01
1.554267129295858751e+00 2.104469315022541864e-01 1.351375776988930633e-01 6.789390841242963492e-02 9.765845165841119391e-02
1.654267129295858840e+00 2.203980907466531469e-01 1.435227322055997734e-01 1.293375992331513014e-01 6.970467707619515396e-02
1.754267129295858929e+00 2.358055732763499335e-01 1.490444577615415989e-01 1.761435467359531715e-01 4.072357826721371282e-02
1.854267129295859018e+00 2.549992863438682589e-01 1.516965212348299896e-01 2.037941224631553971e-01 1.260460507504550937e-02
1.954267129295859107e+00 2.756660966671847790e-01 1.516468228294453602e-01 2.044413020397675418e-01 -1.308729988093484606e-02
2.054267129295859196e+00 2.947886771974390641e-01 1.491963135493553638e-01 1.728387776585935676e-01 -3.528232412728691397e-02
2.154267129295859284e+00 3.093271151675230368e-01 1.447232225966847419e-01 1.136153250460144037e-01 -5.351000112712585299e-02
2.254267129295859373e+00 3.167811333817980302e-01 1.386238623589627628e-01 3.312846057502448482e-02 -6.786717286768648161e-02
2.354267129295859462e+00 3.157370378591189408e-01 1.312607532474601990e-01 -5.421751256702804500e-02 -7.890324021942007882e-02
2.454267129295859551e+00 3.060313501180396134e-01 1.229276120546150680e-01 -1.387930498313270644e-01 -8.740974460026657011e-02
2.554267129295859640e+00 2.884951196383332972e-01 1.138346272201934822e-01 -2.071785589552039564e-01 -9.423641652708872329e-02
2.654267129295859728e+00 2.656538807448691197e-01 1.041134570002001519e-01 -2.457726825122570347e-01 -1.000556810256040541e-01
2.754267129295859817e+00 2.399241199497171850e-01 9.384599109323915611e-02 -2.651868380619186727e-01 -1.051926340498968576e-01
2.854267129295859906e+00 2.134357506352214662e-01 8.309574837102835787e-02 -2.611793639060228656e-01 -1.096941563420289756e-01
2.954267129295859995e+00 1.883136931684462612e-01 7.193627931651457030e-02 -2.377683130184879423e-01 -1.133142954602357338e-01
3.054267129295860084e+00 1.665545133758270790e-01 6.047864989358817112e-02 -1.947641354282168558e-01 -1.155538383117102330e-01
3.154267129295860173e+00 1.496320614468851229e-01 4.889498431367712145e-02 -1.439241646602786306e-01 -1.157082947655675154e-01
3.254267129295860261e+00 1.376067364238692525e-01 3.743075358952534237e-02 -9.693056246992567959e-02 -1.130559898250633882e-01
3.354267129295860350e+00 1.301237939220024897e-01 2.639639681594923779e-02 -5.473497093238515604e-02 -1.070318342592140592e-01
3.454267129295860439e+00 1.261497805100507963e-01 1.614824910221046919e-02 -2.650761276972271249e-02 -9.730422282639797360e-02
3.554267129295860528e+00 1.245563223033502864e-01 7.059277701804773236e-03 -7.449102019371864336e-03 -8.387387474049884384e-02
3.654267129295860617e+00 1.240959387306843215e-01 -5.130915282713314346e-04 -4.197890130296625180e-03 -6.705341869998626692e-02
3.754267129295860705e+00 1.235593976786629467e-01 -6.260050507686023072e-03 -5.957335949805777665e-03 -4.749820447744032559e-02
3.854267129295860794e+00 1.229276442678365194e-01 -9.949707080996558761e-03 -7.754740296339617325e-03 -2.605478451781614857e-02
3.954267129295860883e+00 1.217277476408126363e-01 -1.143941721153623331e-02 -1.715888481014743450e-02 -3.669071147019132423e-03
4.054267129295860528e+00 1.194818995321879074e-01 -1.068785013335341039e-02 -2.684463619457983646e-02 1.858681007216035283e-02
4.154267129295860173e+00 1.166762206012655068e-01 -7.762023904453714887e-03 -2.798040792450677550e-02 3.964977606893925477e-02
4.254267129295859817e+00 1.139735197089432051e-01 -2.828111203132627378e-03 -2.553173092354549603e-02 5.861032078659093869e-02
4.354267129295859462e+00 1.118747488428458864e-01 3.864679729377992236e-03 -1.433144552730842951e-02 7.471856486157919808e-02
4.454267129295859107e+00 1.114813773130402946e-01 1.200331591824644467e-02 7.535517263078583480e-03 8.746819257191018604e-02
4.554267129295858751e+00 1.133648859935645625e-01 2.123855355215797588e-02 2.996826271261394253e-02 9.662965205991159989e-02
4.654267129295858396e+00 1.178028878819301212e-01 3.120789862526696795e-02 6.159092078902245193e-02 1.021608011338468597e-01
4.754267129295858041e+00 1.258911143945055100e-01 4.155707138003796042e-02 9.908112729089371684e-02 1.042901644763679081e-01
4.854267129295857686e+00 1.374004217339410416e-01 5.196715866719539556e-02 1.309339284090392241e-01 1.034575918494152758e-01
4.954267129295857330e+00 1.520199233845876685e-01 6.216662711291866955e-02 1.599466552499439198e-01 1.001687469462064911e-01
5.054267129295856975e+00 1.689063776432079278e-01 7.193721389693046031e-02 1.758376498424654155e-01 9.496489256999798845e-02
5.154267129295856620e+00 1.869902431417664046e-01 8.111112814573852303e-02 1.846032646154808776e-01 8.830603366730085946e-02
5.254267129295856265e+00 2.053638847240916721e-01 8.956326237415043745e-02 1.803694205637197401e-01 8.058711211188560042e-02
5.354267129295855909e+00 2.226160299379742191e-01 9.720213367267770133e-02 1.621083416562330570e-01 7.207038123322835610e-02
5.454267129295855554e+00 2.373372803986588397e-01 1.039539197475209953e-01 1.313702108465434060e-01 6.284569139333906485e-02
5.554267129295855199e+00 2.487846700665949096e-01 1.097462473981652836e-01 9.654084119922953788e-02 5.286974071255014229e-02
5.654267129295854843e+00 2.565391372226326627e-01 1.145000164090982930e-01 5.920685548509536933e-02 4.205794059104799032e-02
5.754267129295854488e+00 2.607642621235850555e-01 1.181274587519283992e-01 2.537028040416137303e-02 3.033794247239763112e-02
5.854267129295854133e+00 2.617094909046884799e-01 1.205373935757286796e-01 -4.846464244390714243e-03 1.771434060394085075e-02
5.954267129295853778e+00 2.602354073898086595e-01 1.216437332926279397e-01 -2.285404954227269678e-02 4.300349499552597390e-03
6.054267129295853422e+00 2.572566184887533636e-01 1.213809270500505744e-01 -3.652462352708786553e-02 -9.607468692256168272e-03
6.154267129295853067e+00 2.531564222741070069e-01 1.197188466060866013e-01 -4.424778634513534120e-02 -2.361356682599943108e-02
6.254267129295852712e+00 2.483673726354590772e-01 1.166706154061541434e-01 -5.188821538947031853e-02 -3.724881723219586327e-02
6.354267129295852357e+00 2.429601815566511669e-01 1.122971987066135324e-01 -5.598557530289852147e-02 -5.003907192665206505e-02
6.454267129295852001e+00 2.367590910401183857e-01 1.067063450112941680e-01 -7.008012303649656383e-02 -6.153095061252650960e-02
6.554267129295851646e+00 2.289716445820216273e-01 1.000441655714231493e-01 -8.514951773223905507e-02 -7.142971822418429928e-02
6.654267129295851291e+00 2.195448036627601074e-01 9.247990805818098736e-02 -1.042088452678060079e-01 -7.954866034419116883e-02
6.754267129295850935e+00 2.082886771953653127e-01 8.419635750951734443e-02 -1.195023528965997589e-01 -8.581000906231275871e-02
6.854267129295850580e+00 1.958197268320789053e-01 7.538123251066485009e-02 -1.291764979928578805e-01 -9.017184465963992701e-02
6.954267129295850225e+00 1.826538468214607414e-01 6.622677811361316058e-02 -1.329096106254624710e-01 -9.258978495923636531e-02
7.054267129295849870e+00 1.694590931930881894e-01 5.692968018767054217e-02 -1.304962248047091822e-01 -9.301527119338182104e-02
7.154267129295849514e+00 1.565138058674410415e-01 4.769160284577067532e-02 -1.283703660832392346e-01 -9.140781725336240282e-02
7.254267129295849159e+00 1.440524894164981751e-01 3.871494954180907527e-02 -1.190744769413737969e-01 -8.779417132402203561e-02
7.354267129295848804e+00 1.327568435066125985e-01 3.019881899845383577e-02 -1.076230903084148260e-01 -8.220114599521753662e-02
7.454267129295848449e+00 1.225729285971067228e-01 2.233832010502320373e-02 -9.503931817853220054e-02 -7.470196337895886052e-02
7.554267129295848093e+00 1.137630938409742581e-01 1.531745543351285821e-02 -8.146256493529427378e-02 -6.543428393717452829e-02
7.654267129295847738e+00 1.064747477679091892e-01 9.304103363191890824e-03 -6.318902330509759691e-02 -5.458668126629961925e-02
7.754267129295847383e+00 1.010028369594638820e-01 4.445990534976685706e-03 -4.701942908004118349e-02 -4.236678439701265647e-02
7.854267129295847027e+00 9.729427385655056715e-02 8.674787166800205368e-04 -2.594006178850862682e-02 -2.904303850320479052e-02
7.954267129295846672e+00 9.561904629005953116e-02 -1.334846364748778699e-03 -9.312138521833213112e-03 -1.489043839515908144e-02
8.054267129295846317e+00 9.525528971130443889e-02 -2.094800302429089545e-03 1.577337679820762020e-03 -2.665570684971287074e-04
8.154267129295845962e+00 9.602253138428125390e-02 -1.387538563568756992e-03 1.543417773940252563e-02 1.437722439579744091e-02
8.254267129295845606e+00 9.843924543176106601e-02 7.674663057520270636e-04 3.122462053936411394e-02 2.862734469812009200e-02
8.354267129295845251e+00 1.019827479781313107e-01 4.311945310840390941e-03 3.948943381059329127e-02 4.209503265683946921e-02
8.454267129295844896e+00 1.062667250381193335e-01 9.145713074933239928e-03 4.539578023349594843e-02 5.434054594955782524e-02
8.554267129295844541e+00 1.110698135621284721e-01 1.512500167115196636e-02 5.143711413941386146e-02 6.493704778962522406e-02
8.654267129295844185e+00 1.166981419553688448e-01 2.206629120456612969e-02 6.191412212774781432e-02 7.353343613654128585e-02
8.754267129295843830e+00 1.235582677554220299e-01 2.975795321312807440e-02 7.513680345436173080e-02 7.992231874402329350e-02
8.854267129295843475e+00 1.316756612676355798e-01 3.797438289189769556e-02 8.730747612591750750e-02 8.402255258450259945e-02
8.954267129295843120e+00 1.410242182200167060e-01 4.648635277107406039e-02 9.959664672228293880e-02 8.584271336223257831e-02
9.054267129295842764e+00 1.515634272992523179e-01 5.507028225111560565e-02 1.101426053213454548e-01 8.548611983216587717e-02
9.154267129295842409e+00 1.626375649143523838e-01 6.351622139597866423e-02 1.093865818440754173e-01 8.310566594556585696e-02
9.254267129295842054e+00 1.731726407628594033e-01 7.162715461082812263e-02 1.001507473561097650e-01 7.879634062043025522e-02
9.354267129295841698e+00 1.825774229971027229e-01 7.921296789716240905e-02 8.843452812771086802e-02 7.261276003211995789e-02
9.454267129295841343e+00 1.908772437565714464e-01 8.609042048842853456e-02 7.701643838601895942e-02 6.465325106111811937e-02
9.554267129295840988e+00 1.980296618441623746e-01 9.209011241388913305e-02 6.696503553529777053e-02 5.509163958681821682e-02
9.654267129295840633e+00 2.043361660031549065e-01 9.706396158282148967e-02 5.924610329317914204e-02 4.418914374060932404e-02
9.754267129295840277e+00 2.099555833361667345e-01 1.008948856513851716e-01 5.294167252198964113e-02 3.229750713255973710e-02
9.854267129295839922e+00 2.147732319522933642e-01 1.035039000611176346e-01 4.354111934831914749e-02 1.981769462784272601e-02
9.954267129295839567e+00 2.188391516111261592e-01 1.048522298956641452e-01 3.767311449303258064e-02 7.154839433850958275e-03
1.005426712929583921e+01 2.219925043641588491e-01 1.049432127974471857e-01 2.388960402381785572e-02 -5.262676372670532440e-03
1.015426712929583886e+01 2.235672251267519783e-01 1.038190017298625534e-01 7.884595877571641542e-03 -1.710234771188129041e-02
1.025426712929583850e+01 2.234233830052556047e-01 1.015508588445470373e-01 -1.229891981223509012e-02 -2.810202324061207221e-02
1.035426712929583815e+01 2.209516345735016429e-01 9.823232041165676220e-02 -3.705284197475053332e-02 -3.809354719518222299e-02
1.045426712929583779e+01 2.159483247633655068e-01 9.396798011491980240e-02 -6.342031363471649363e-02 -4.701264924556496083e-02
1.055426712929583744e+01 2.084803421181400662e-01 8.886562172725517850e-02 -8.405856646160744794e-02 -5.485511376517584331e-02
1.065426712929583708e+01 1.993496176544750365e-01 8.303387957947785947e-02 -9.745320857863438990e-02 -6.158854242424485065e-02
1.075426712929583672e+01 1.893948759402747650e-01 7.658808507697305312e-02 -1.001912024168019055e-01 -6.711262372808451948e-02
1.085426712929583637e+01 1.793296797484910665e-01 6.965765559160645715e-02 -1.010145943138255620e-01 -7.124952380512704353e-02
1.095426712929583601e+01 1.692488181789536805e-01 6.238992169087130557e-02 -1.007394384472653642e-01 -7.383549707847822385e-02
1.105426712929583566e+01 1.593575394524401057e-01 5.494607580478355624e-02 -9.501846623194226682e-02 -7.475557372735029682e-02
1.115426712929583530e+01 1.502697819117631006e-01 4.749829273029100574e-02 -8.880134887463331239e-02 -7.389351440981979657e-02
1.125426712929583495e+01 1.415206156824886929e-01 4.022839039680114331e-02 -8.437008537995133173e-02 -7.120423839556237755e-02
1.135426712929583459e+01 1.335379867023491207e-01 3.331698128841485002e-02 -7.617916509874028685e-02 -6.672959905086310595e-02
1.145426712929583424e+01 1.262113750103817100e-01 2.693938033642125779e-02 -6.989563758765442170e-02 -6.055091115013904596e-02
1.155426712929583388e+01 1.197172457489877051e-01 2.125815622935726262e-02 -5.858366955590205150e-02 -5.283132764222989164e-02
1.165426712929583353e+01 1.147627783161697113e-01 1.641920653387396456e-02 -4.045996096638070083e-02 -4.372719204778935387e-02
1.175426712929583317e+01 1.114270987869236396e-01 1.255429161790042394e-02 -2.705409207402492688e-02 -3.338052600605791176e-02
1.185426712929583282e+01 1.093771904374666176e-01 9.776684800748610543e-03 -1.340939157584146793e-02 -2.202729524353796292e-02
1.195426712929583246e+01 1.086685404378263664e-01 8.172923012357977829e-03 -2.455944513272479909e-03 -9.953658548153882304e-03
1.205426712929583211e+01 1.086062459099245009e-01 7.798035165415984765e-03 1.101507872908302765e-03 2.478028503808293870e-03
1.215426712929583175e+01 1.088559986305352723e-01 8.665015646232343549e-03 2.841197952082563129e-03 1.480391424179076931e-02
1.225426712929583140e+01 1.091117830534113348e-01 1.073871332573550323e-02 3.225671247028181598e-03 2.652673565749216755e-02
1.235426712929583104e+01 1.095505349837081338e-01 1.393411988013885244e-02 4.701568346244207504e-03 3.716433930590391788e-02
1.245426712929583069e+01 1.101015454036588237e-01 1.812109757011318156e-02 8.178823931387590312e-03 4.629050477759859283e-02
1.255426712929583033e+01 1.115094771551646130e-01 2.313098784810639630e-02 2.024346207164227224e-02 5.358671462747055525e-02
1.265426712929582997e+01 1.140032055053345345e-01 2.877248038707720668e-02 2.917595003322495661e-02 5.890479360603678022e-02
1.275426712929582962e+01 1.176180198973914570e-01 3.484325676548843953e-02 4.550068579180736872e-02 6.216925359617871821e-02
1.285426712929582926e+01 1.232858957040939840e-01 4.114106355708823520e-02 6.737469297342024710e-02 6.348083185078060020e-02
1.295426712929582891e+01 1.310707193130719594e-01 4.748281401439417154e-02 8.828940311747413006e-02 6.309633243188232654e-02
1.305426712929582855e+01 1.407523742129239974e-01 5.371426676041450576e-02 1.039582087537772037e-01 6.132903081572082388e-02
1.315426712929582820e+01 1.515585177747051926e-01 5.971251354880079132e-02 1.101872444089675440e-01 5.847574495996397947e-02
1.325426712929582784e+01 1.625622635012292372e-01 6.538029643613442465e-02 1.100364045229513532e-01 5.474697023600239021e-02
1.335426712929582749e+01 1.733650026258529431e-01 7.063801600609068143e-02 1.032344923764588751e-01 5.029932995482380709e-02
1.345426712929582713e+01 1.828455550427599552e-01 7.541899425986825500e-02 8.576464832000441074e-02 4.521244018855067465e-02
1.355426712929582678e+01 1.901605960805612117e-01 7.965799608483316308e-02 5.830301156050048117e-02 3.944593555496393039e-02
1.365426712929582642e+01 1.945363159429365219e-01 8.328078049452403153e-02 3.098329039836173610e-02 3.285931621614463644e-02
1.375426712929582607e+01 1.965740531977790140e-01 8.619876714011474872e-02 1.087554751253681437e-02 2.534418511059710263e-02
1.385426712929582571e+01 1.970749270358649052e-01 8.831968869991313476e-02 4.155690225676588606e-04 1.693772792949896702e-02
1.395426712929582536e+01 1.967663099525470971e-01 8.956305093693303632e-02 -5.670298526950993089e-03 7.835873658304891645e-03
1.405426712929582500e+01 1.960886939141310015e-01 8.987363017854521630e-02 -8.199345736950492194e-03 -1.660352376875026334e-03
1.415426712929582465e+01 1.949893622969212648e-01 8.922965835330944062e-02 -1.449219206519915953e-02 -1.119817926043368585e-02
1.425426712929582429e+01 1.929474055729155091e-01 8.764290849176249731e-02 -2.749891146618116400e-02 -2.047244816790980138e-02
1.435426712929582393e+01 1.894999517169639325e-01 8.515098773015691846e-02 -4.060414175414106541e-02 -2.927248449183951495e-02
1.445426712929582358e+01 1.849614733374155273e-01 8.181038700599201074e-02 -4.962105534963820452e-02 -3.741232902827572315e-02
1.455426712929582322e+01 1.796343018015412740e-01 7.769755426339355897e-02 -5.712361705388334376e-02 -4.468161954191965379e-02
1.465426712929582287e+01 1.734971941931815198e-01 7.290956931548321640e-02 -6.552922045159148556e-02 -5.088774378258052039e-02
1.475426712929582251e+01 1.665556903897912333e-01 6.756019464741656877e-02 -7.325241983555176584e-02 -5.588948607142280034e-02
1.485426712929582216e+01 1.588778056097593094e-01 6.177511572030331549e-02 -7.981448297231122369e-02 -5.958924242819983730e-02
1.495426712929582180e+01 1.508777459829616641e-01 5.568800699638647850e-02 -7.815919598686087155e-02 -6.191688667849387651e-02
1.505426712929582145e+01 1.433747499591793151e-01 4.944140051719245199e-02 -7.285471357925085711e-02 -6.275509392764516692e-02
1.515426712929582109e+01 1.362643803312095503e-01 4.319014152823888453e-02 -6.807816419147560971e-02 -6.200127630122460876e-02
1.525426712929582074e+01 1.299762303390945839e-01 3.709575054653777709e-02 -5.752418122718101073e-02 -5.960856176948681195e-02
1.535426712929582038e+01 1.247369521501996981e-01 3.132451090481751937e-02 -4.739510020834053483e-02 -5.553608736680391150e-02
1.545426712929582003e+01 1.204385431066491013e-01 2.604365405412972789e-02 -3.889380921083401138e-02 -4.981318380632486498e-02
1.555426712929581967e+01 1.168274566949243920e-01 2.141289409158388113e-02 -3.441745676275444199e-02 -4.256374841669638420e-02
1.565426712929581932e+01 1.134832806952237871e-01 1.757378975716822334e-02 -3.182814826474644754e-02 -3.403046090528205614e-02
1.575426712929581896e+01 1.104888925293339291e-01 1.463897502963055000e-02 -2.866675445337812586e-02 -2.453304203765888439e-02
1.585426712929581861e+01 1.078270572583785447e-01 1.268748923583476636e-02 -2.296625722273338763e-02 -1.442595827951582629e-02
1.595426712929581825e+01 1.061198733656998905e-01 1.176280431132042080e-02 -1.106242386447113535e-02 -4.045562693049863101e-03
1.605426712929581967e+01 1.055743220853553460e-01 1.187833732806728437e-02 -6.509626795661235810e-05 6.333072828161732254e-03
1.615426712929582109e+01 1.061118352433075285e-01 1.302010526493540231e-02 1.134687940015829608e-02 1.643282419464139540e-02
1.625426712929582251e+01 1.079280297077197942e-01 1.514700716293312065e-02 2.474977320770739911e-02 2.599765192269814021e-02
1.635426712929582393e+01 1.110522981842610446e-01 1.819467760681313384e-02 3.860034285178501334e-02 3.481474029004164722e-02
1.645426712929582536e+01 1.157838660269961545e-01 2.207950489695518700e-02 5.544959303987548327e-02 4.272143486144520941e-02
1.655426712929582678e+01 1.218989062771608511e-01 2.670520951946923210e-02 6.603301452880355749e-02 4.961338736790377180e-02
1.665426712929582820e+01 1.289647891293808080e-01 3.196402076106170942e-02 7.556787992523947284e-02 5.536182759234611200e-02
1.675426712929582962e+01 1.370874702505380238e-01 3.773608303544147280e-02 8.665418623588577729e-02 5.986825007997101378e-02
1.685426712929583104e+01 1.460208873351292458e-01 4.389492748516236886e-02 9.043911906365505182e-02 6.309012710713188254e-02
1.695426712929583246e+01 1.550928135494656634e-01 5.030881271364677498e-02 9.098592873418796800e-02 6.495397660028803810e-02
1.705426712929583388e+01 1.640184974946320429e-01 5.683798547019847797e-02 8.634697526591994521e-02 6.538471887998575927e-02
1.715426712929583530e+01 1.723716639154506403e-01 6.333537398874182489e-02 8.126612655292275722e-02 6.430640800087153441e-02
1.725426712929583672e+01 1.802470413067661370e-01 6.964798203541838761e-02 7.608673853348116300e-02 6.169126244009280613e-02
1.735426712929583815e+01 1.876834499092666364e-01 7.562371234415253551e-02 7.317515422255504998e-02 5.758224878061034974e-02
1.745426712929583957e+01 1.949812590252120448e-01 8.111898075325316149e-02 7.360530649546569160e-02 5.211302506627752545e-02
1.755426712929584099e+01 2.024247178222414456e-01 8.600883868285727485e-02 7.407217610958981291e-02 4.552116963487594370e-02
1.765426712929584241e+01 2.096069395702384042e-01 9.019504599012347079e-02 6.956789785711206542e-02 3.808281627356045057e-02
1.775426712929584383e+01 2.162168012220226088e-01 9.360560973863613077e-02 6.098418859644342410e-02 3.004966350237769923e-02
1.785426712929584525e+01 2.216033422141148179e-01 9.619220847188748869e-02 4.684641618751461678e-02 2.163121743983807688e-02
1.795426712929584667e+01 2.256332357315768977e-01 9.792430289559478362e-02 3.403039460981083231e-02 1.298722091364696261e-02
1.805426712929584809e+01 2.284263779810626616e-01 9.878811495424663636e-02 2.056211246652352512e-02 4.297237063619917252e-03
1.815426712929584951e+01 2.293018550951405887e-01 9.878743549763380205e-02 -3.930111508617807614e-03 -4.288725561631052605e-03
1.825426712929585094e+01 2.278749049237185076e-01 9.793486339024133625e-02 -2.362515161797142452e-02 -1.273657314040587719e-02
1.835426712929585236e+01 2.244949238483459619e-01 9.624671344225521619e-02 -4.403913983690591061e-02 -2.098827623847454235e-02
1.845426712929585378e+01 2.192703666704731436e-01 9.374583965288932341e-02 -5.968144389513825587e-02 -2.897839356015652346e-02
1.855426712929585520e+01 2.126352523151289475e-01 9.046325507923805298e-02 -7.210523952962136218e-02 -3.660138666200674074e-02
1.865426712929585662e+01 2.050748391513953217e-01 8.644269475126005464e-02 -7.832122268464468406e-02 -4.370787285050210108e-02
1.875426712929585804e+01 1.971853538780933002e-01 8.174583770110116498e-02 -7.832333341068202504e-02 -5.008757820723844928e-02
1.885426712929585946e+01 1.893870731040175892e-01 7.645813208771211344e-02 -7.823650339207539883e-02 -5.548051686598801102e-02
1.895426712929586088e+01 1.816928364167824661e-01 7.069043478837266914e-02 -7.465624691347519382e-02 -5.965175362325873115e-02
1.905426712929586230e+01 1.742676764801586453e-01 6.457574129088912429e-02 -7.541762360917102226e-02 -6.238913336221918460e-02
1.915426712929586373e+01 1.666312971096994278e-01 5.826411818767859158e-02 -7.649981942155557879e-02 -6.358277931542778705e-02
1.925426712929586515e+01 1.589454448181348289e-01 5.191173655897065448e-02 -7.762139561848711844e-02 -6.320256805754055629e-02
1.935426712929586657e+01 1.511002288751456257e-01 4.567502204062319493e-02 -7.922884005924493711e-02 -6.128201199928189069e-02
1.945426712929586799e+01 1.432239255058012362e-01 3.970329563650920601e-02 -7.688704296072589039e-02 -5.792276330199548628e-02
1.955426712929586941e+01 1.359307682836737585e-01 3.413491821600496412e-02 -6.859305132751530865e-02 -5.322898347589228446e-02
1.965426712929587083e+01 1.295729475312072665e-01 2.909922076573882854e-02 -5.851271179839984127e-02 -4.728431093371217309e-02
1.975426712929587225e+01 1.241375750773492520e-01 2.471607330956692578e-02 -5.023416792908890621e-02 -4.020201276878419827e-02
1.985426712929587367e+01 1.196614977833041771e-01 2.109102489496408189e-02 -3.878380663903094328e-02 -3.215282446212123363e-02
1.995426712929587509e+01 1.164601711063499023e-01 1.831183761973890003e-02 -2.460337189005184361e-02 -2.331375620893723008e-02
2.005426712929587652e+01 1.146628588669182797e-01 1.644889326670177787e-02 -1.285644721122462461e-02 -1.385824268566680263e-02
2.015426712929587794e+01 1.138078837789916198e-01 1.555306537199892432e-02 -3.233641313766740660e-03 -4.017941540424807903e-03
2.025426712929587936e+01 1.141011393570122850e-01 1.564912970566934361e-02 8.811196000358699487e-03 5.938025657598615739e-03
2.035426712929588078e+01 1.156107623802178908e-01 1.673628070498732467e-02 2.153816996598457295e-02 1.576310657125986822e-02
2.045426712929588220e+01 1.183576782968324831e-01 1.878958033419132062e-02 3.384076245624945134e-02 2.522283782132345165e-02
2.055426712929588362e+01 1.225488972593117426e-01 2.176157875116987994e-02 4.960975875591180917e-02 3.410772892097750641e-02
2.065426712929588504e+01 1.280291035210278372e-01 2.558659133871127311e-02 5.947678215392926404e-02 4.225395949959201425e-02
2.075426712929588646e+01 1.344236678744573366e-01 3.018135796675793306e-02 6.770235867904172977e-02 4.947085967088574177e-02
2.085426712929588788e+01 1.415421346700226901e-01 3.544352237347402068e-02 7.633379717363948658e-02 5.557193098154757788e-02
2.095426712929588930e+01 1.501199233143011014e-01 4.125464361616427988e-02 9.588320700929664486e-02 6.044781028189400579e-02
2.105426712929589073e+01 1.604260931364830667e-01 4.749405250887717145e-02 1.079161747661377679e-01 6.414998053537514233e-02
2.115426712929589215e+01 1.713935020555820976e-01 5.404614235549876772e-02 1.104684160342679911e-01 6.669458847313292083e-02
2.125426712929589357e+01 1.822895478891398136e-01 6.079214046334799337e-02 1.065426600946722813e-01 6.801272310696213075e-02
2.135426712929589499e+01 1.926401346493367694e-01 6.760427142549109425e-02 9.966571725375165947e-02 6.799937391795234098e-02
2.145426712929589641e+01 2.018149308476433756e-01 7.434398338084531599e-02 8.194201545221292682e-02 6.654107677399194454e-02
2.155426712929589783e+01 2.088614763986219314e-01 8.085814128850193905e-02 5.815500963234517678e-02 6.345237616139280667e-02
2.165426712929589925e+01 2.132870287440572776e-01 8.697294837159171010e-02 3.101839766236443377e-02 5.851869480692042935e-02
2.175426712929590067e+01 2.154243276725358591e-01 9.249480546642366297e-02 1.277918172257068441e-02 5.158071759007804707e-02
2.185426712929590209e+01 2.158061142749110595e-01 9.722276953731417981e-02 -4.947024847731563285e-03 4.265520160446516912e-02
2.195426712929590352e+01 2.147648672513066403e-01 1.009639796016752050e-01 -1.373063823276979810e-02 3.188119103255974973e-02
2.205426712929590494e+01 2.132543272526420397e-01 1.035481478264755756e-01 -1.652765146782042560e-02 1.958612013156829298e-02
2.215426712929590636e+01 2.115491629114698846e-01 1.048462979553666519e-01 -1.621435242138189944e-02 6.246833008177630694e-03
2.225426712929590778e+01 2.102163734064530498e-01 1.047817530824180499e-01 -1.030781277015700541e-02 -7.561718881425623720e-03
2.235426712929590920e+01 2.094610550790489412e-01 1.033403275742180438e-01 -5.167711906673731932e-03 -2.117968414449096851e-02
2.245426712929591062e+01 2.089475215288505716e-01 1.005736067047382359e-01 -6.357780673295410252e-03 -3.396848297061329930e-02
2.255426712929591204e+01 2.082288205734383058e-01 9.659196586995096034e-02 -7.034950207719050178e-03 -4.539835192421869114e-02
2.265426712929591346e+01 2.074797431112191948e-01 9.155489778055136973e-02 -9.370553613554190309e-03 -5.500300952517267472e-02
2.275426712929591488e+01 2.061393987527744276e-01 8.566444730013209052e-02 -1.851246368800424716e-02 -6.242127658999366974e-02
2.285426712929591631e+01 2.033656228122331378e-01 7.914937904566193838e-02 -3.915708908756659196e-02 -6.748679692816368647e-02
2.295426712929591773e+01 1.982949619336512315e-01 7.224306482851124145e-02 -6.005987005258060785e-02 -7.027604641775235528e-02
2.305426712929591915e+01 1.917828002550132638e-01 6.516434854934875787e-02 -6.923672083846793557e-02 -7.095690199378495988e-02
2.315426712929592057e+01 1.845729601190877478e-01 5.811810814647708906e-02 -7.374954954385737338e-02 -6.964602921827960091e-02
2.325426712929592199e+01 1.772952541484060229e-01 5.129765873414108418e-02 -7.087487880493895109e-02 -6.645854180202490080e-02
2.335426712929592341e+01 1.706759495127698201e-01 4.488579826493103303e-02 -5.920951578278592364e-02 -6.148748214484739405e-02
2.345426712929592483e+01 1.657554435288290107e-01 3.905830386918029973e-02 -3.965158447829103538e-02 -5.477049354900397765e-02
2.355426712929592625e+01 1.624819356274699589e-01 3.398926256195294870e-02 -2.678331016833675193e-02 -4.633284905862678632e-02
2.365426712929592767e+01 1.601731803742292293e-01 2.984354670614968591e-02 -2.127313429333320752e-02 -3.634632012111558425e-02
2.375426712929592910e+01 1.579522448235724241e-01 2.676016396403770037e-02 -2.308536844998444054e-02 -2.516033660726839372e-02
2.385426712929593052e+01 1.557059611319004944e-01 2.483532424699035068e-02 -2.133721775375022056e-02 -1.325788382599055355e-02
2.395426712929593194e+01 1.537387072003948141e-01 2.411644259302835047e-02 -1.778006084755189703e-02 -1.119421427113961170e-03
2.405426712929593336e+01 1.521237471868728819e-01 2.460387788080454011e-02 -1.483714282596131431e-02 1.079204638274496031e-02
2.415426712929593478e+01 1.508009966917031319e-01 2.625200594690673198e-02 -1.120026925003499325e-02 2.201952761187490892e-02
2.425426712929593620e+01 1.498713831150727260e-01 2.897090871180597882e-02 -7.732591190644247381e-03 3.214200898753934166e-02
2.435426712929593762e+01 1.492469892215246285e-01 3.263102023186469774e-02 -4.689590796225280578e-03 4.078485698320643421e-02
2.445426712929593904e+01 1.489146922027127784e-01 3.706785401044451755e-02 -1.880422053449402973e-03 4.762914920935788776e-02
2.455426712929594046e+01 1.490259395498320927e-01 4.208878789809572529e-02 5.503164294065724521e-03 5.243676312481395513e-02
2.465426712929594188e+01 1.502842765558545790e-01 4.748422263402966165e-02 2.047722145529664445e-02 5.512166172397724856e-02
2.475426712929594331e+01 1.532084336576191586e-01 5.304558521759392825e-02 3.872182528814123448e-02 5.578464269809264853e-02
2.485426712929594473e+01 1.582405908388526683e-01 5.858176029022019865e-02 6.246224552991822693e-02 5.467148654419106552e-02
2.495426712929594615e+01 1.656050302448672795e-01 6.393336628077216088e-02 8.385127065052737361e-02 5.216337062206538588e-02
2.505426712929594757e+01 1.747724572606744742e-01 6.898167638393792878e-02 9.802604091850904144e-02 4.867053597330547182e-02
2.515426712929594899e+01 1.850109677743063397e-01 7.364644518932290940e-02 1.063222639837305000e-01 4.454497394643193442e-02
2.525426712929595041e+01 1.957665871576909633e-01 7.787938307161304530e-02 1.061077038823714652e-01 4.007719008631532159e-02
2.535426712929595183e+01 2.057746334992902604e-01 8.165646871543354168e-02 9.289681787746771613e-02 3.544074148915750400e-02
2.545426712929595325e+01 2.141981793031235981e-01 8.496242623775204783e-02 7.492112541091816569e-02 3.064921715219162679e-02
2.555426712929595467e+01 2.206463183366910163e-01 8.777926569912439247e-02 5.325919017005376066e-02 2.564490406540522252e-02
2.565426712929595610e+01 2.246537368464213702e-01 9.008081951286255051e-02 2.635666311513490054e-02 2.032052240024913997e-02
2.575426712929595752e+01 2.258854111425351585e-01 9.182741859393769857e-02 -2.069480658612302126e-03 1.451778461885862639e-02
2.585426712929595894e+01 2.242422961331219933e-01 9.296288428224074030e-02 -2.997388772867360177e-02 8.071230619753688024e-03
2.595426712929596036e+01 2.200866439944353103e-01 9.341600448613336660e-02 -5.187388769057782456e-02 8.587818024228489541e-04
2.605426712929596178e+01 2.144724864849939239e-01 9.310902925016581455e-02 -5.628251731924156093e-02 -7.112048050797472286e-03
2.615426712929596320e+01 2.092528688052281149e-01 9.197719519008484834e-02 -4.797443383104734588e-02 -1.556843516538820513e-02
2.625426712929596462e+01 2.049809000510221801e-01 8.999470043114653206e-02 -3.702254881236140271e-02 -2.404244603206583814e-02
2.635426712929596604e+01 2.016120441178385625e-01 8.718497174187073151e-02 -3.164920862427934856e-02 -3.203264266452138936e-02
2.645426712929596746e+01 1.988141336977543583e-01 8.361855056166186961e-02 -2.270335112609082537e-02 -3.911006823825025069e-02
2.655426712929596889e+01 1.971502601472423510e-01 7.940753221636044634e-02 -1.068777433150309986e-02 -4.485118574605089642e-02
2.665426712929597031e+01 1.965442127708197650e-01 7.470658144517931809e-02 -3.854386755843039643e-03 -4.884869359036297931e-02
2.675426712929597173e+01 1.957980304533344096e-01 6.970433952015897550e-02 -1.242785789556162188e-02 -5.086087893931960646e-02
2.685426712929597315e+01 1.939333534005068249e-01 6.459985804845641555e-02 -2.631634416550187455e-02 -5.091404405156092772e-02
2.695426712929597457e+01 1.903848449350890037e-01 5.958010264022089997e-02 -4.336672096950705546e-02 -4.921454568767470727e-02
2.705426712929597599e+01 1.854854750332753377e-01 5.480522324630990316e-02 -5.545424829358470975e-02 -4.606585491757086981e-02
2.715426712929597741e+01 1.790369144609059715e-01 5.040440983231592870e-02 -7.343104308088671539e-02 -4.179807784272882021e-02
2.725426712929597883e+01 1.710525976920078961e-01 4.646879290054745787e-02 -8.474412407981524176e-02 -3.683204314182993849e-02
2.735426712929598025e+01 1.623725705592001800e-01 4.304881166312425622e-02 -8.735340126771558300e-02 -3.153813812990600984e-02
2.745426712929598168e+01 1.538484002153769903e-01 4.016335461931441753e-02 -8.219903489289739906e-02 -2.617489718157501449e-02
2.755426712929598310e+01 1.460888001522894220e-01 3.781093281610625745e-02 -7.189422064974501647e-02 -2.089624641333037713e-02
2.765426712929598452e+01 1.397152891874637870e-01 3.597892469788568220e-02 -5.489110715443013683e-02 -1.576926982629891366e-02
2.775426712929598594e+01 1.351854459662847896e-01 3.465279176577406445e-02 -3.494688008292134995e-02 -1.076963613777464496e-02
2.785426712929598736e+01 1.328255890744364232e-01 3.382341252744346105e-02 -1.324016937527005763e-02 -5.816142305837464568e-03
2.795426712929598878e+01 1.321445189246780449e-01 3.349100137138481814e-02 -1.887345067304282281e-03 -8.252165647613411356e-04
2.805426712929599020e+01 1.323645525760111796e-01 3.365843043994696387e-02 6.559001376499291880e-03 4.166531769291950682e-03
2.815426712929599162e+01 1.336039221565731294e-01 3.432160649809083003e-02 1.910699976770387915e-02 9.079509216721872583e-03
2.825426712929599304e+01 1.362216211580672687e-01 3.547073629242651627e-02 3.272881164477782490e-02 1.388519061197662427e-02
2.835426712929599447e+01 1.400610376921417599e-01 3.709475325681797775e-02 4.365773759438518892e-02 1.857306768803133196e-02
2.845426712929599589e+01 1.447784177375817105e-01 3.918003847072432794e-02 4.943826476508683676e-02 2.309925105817023719e-02
2.855426712929599731e+01 1.497466033703940824e-01 4.170562395154302215e-02 4.924287790849299351e-02 2.735357853001322073e-02
2.865426712929599873e+01 1.544686377628879947e-01 4.463569211219516747e-02 4.413220428924009148e-02 3.115434788983067332e-02
2.875426712929600015e+01 1.584823547861928528e-01 4.791361189391254299e-02 3.689471047798859038e-02 3.426843856074816841e-02
2.885426712929600157e+01 1.620302935847855452e-01 5.145893928259417244e-02 3.388097586724356236e-02 3.647310338086900972e-02
2.895426712929600299e+01 1.650806837351188328e-01 5.517295422383264314e-02 2.673324814233862465e-02 3.761829592121025689e-02
2.905426712929600441e+01 1.673868542985808561e-01 5.894246042176809475e-02 1.932502994185128845e-02 3.756120295808257348e-02
2.915426712929600583e+01 1.690340776757729147e-01 6.264166360385672871e-02 1.489274142156499746e-02 3.620133259833873546e-02
2.925426712929600725e+01 1.705374502641849865e-01 6.613917841240141149e-02 1.525222521467326300e-02 3.353921344067938015e-02
2.935426712929600868e+01 1.721947579120227945e-01 6.930990603062611721e-02 1.919082135674225753e-02 2.969245116375610408e-02
2.945426712929601010e+01 1.745020165885482755e-01 7.204553311214721700e-02 2.639654197330390528e-02 2.488464858769829854e-02
2.955426712929601152e+01 1.772836913797786462e-01 7.426470824563438655e-02 2.831154061468025770e-02 1.941122617305903950e-02
2.965426712929601294e+01 1.800190110592130299e-01 7.591427778524689751e-02 2.602629354244811316e-02 1.353132028308309288e-02
2.975426712929601436e+01 1.824415738836046852e-01 7.696471865817569591e-02 2.173695998448249220e-02 7.463364969007531442e-03
2.985426712929601578e+01 1.841276422262935197e-01 7.740694773920334115e-02 1.117462604384355726e-02 1.391883624918708803e-03
2.995426712929601720e+01 1.847506128694686167e-01 7.724675288940946460e-02 2.298124504103398261e-03 -4.568823063637689370e-03
3.005426712929601862e+01 1.846379749665099379e-01 7.650095957817233672e-02 -5.114014274826923431e-03 -1.029600528433721393e-02
3.015426712929602004e+01 1.837342795336056600e-01 7.519972736824136195e-02 -1.155393629587924895e-02 -1.565817248458610186e-02
3.025426712929602147e+01 1.826749951688275420e-01 7.338630046651520300e-02 -8.924112219933100915e-03 -2.050686916759753009e-02
3.035426712929602289e+01 1.818739728089055208e-01 7.112307977781709423e-02 -7.584320681406700460e-03 -2.461599029337903366e-02
3.045426712929602431e+01 1.810338457486261321e-01 6.849418320355013523e-02 -1.053856543477467780e-02 -2.779578742905021091e-02
3.055426712929602573e+01 1.795150534259938313e-01 6.559780238314252832e-02 -2.027781886516422799e-02 -2.996417568901993747e-02
3.065426712929602715e+01 1.769034024321159415e-01 6.253363341049092416e-02 -3.228900505300127954e-02 -3.116642332446714625e-02
3.075426712929602857e+01 1.733690416430958281e-01 5.939295898742986968e-02 -3.559287342464029225e-02 -3.151197869838601173e-02
3.085426712929602999e+01 1.698264768490917453e-01 5.625844061543847779e-02 -3.723233578104488684e-02 -3.104238475860732552e-02
3.095426712929603141e+01 1.659540699048423218e-01 5.321013940156393840e-02 -3.818347411284771231e-02 -2.980332208803716451e-02
3.105426712929603283e+01 1.621797800228673425e-01 5.032121616477987919e-02 -3.885006567909908559e-02 -2.786253181214065275e-02
3.115426712929603426e+01 1.581931073543864641e-01 4.765798853076400055e-02 -4.021022466843740539e-02 -2.531157224552613855e-02
3.125426712929603568e+01 1.540119508747471722e-01 4.527483495609903319e-02 -4.376689406293567813e-02 -2.228528393408357733e-02
3.135426712929603710e+01 1.496416737303989664e-01 4.321118828154746350e-02 -4.310558320249565506e-02 -1.894874957447264391e-02
3.145426712929603852e+01 1.453130499254419727e-01 4.149070090424067381e-02 -4.335531380413189251e-02 -1.544523160334117934e-02
3.155426712929603994e+01 1.410520852223502986e-01 4.012287017742990208e-02 -4.191545413531350128e-02 -1.191867249866908340e-02
3.165426712929604136e+01 1.370224019261964410e-01 3.910343195203130201e-02 -3.760099838059147853e-02 -8.496576883670510505e-03
3.175426712929604278e+01 1.336547334994157010e-01 3.841736198990884643e-02 -2.921868874568021857e-02 -5.258271724359950619e-03
3.185426712929604420e+01 1.313253839464914308e-01 3.804518634114026354e-02 -1.758487153810004214e-02 -2.215331964154129436e-03
3.195426712929604562e+01 1.300559886014208133e-01 3.796879815292773797e-02 -6.497578214494424340e-03 6.618571415570278886e-04
3.205426712929604349e+01 1.303534923623773101e-01 3.817384525266653145e-02 1.189127097814680380e-02 3.432441108540892037e-03
3.215426712929604491e+01 1.321278924732474380e-01 3.865596574377849759e-02 2.314717620151660049e-02 6.218965911849701558e-03
3.225426712929604633e+01 1.349042609917249780e-01 3.942001284733789163e-02 3.099339241008938067e-02 9.075461011514907028e-03
3.235426712929604776e+01 1.381465072686488826e-01 4.047301961434830730e-02 3.384185606442949301e-02 1.198821642228710405e-02
3.245426712929604918e+01 1.416326804515254667e-01 4.181697058670159894e-02 3.582457530629689496e-02 1.487983301206327949e-02
3.255426712929605060e+01 1.454399102143794364e-01 4.344536100595847161e-02 4.046773226282025099e-02 1.766471015424903382e-02
3.265426712929605202e+01 1.495638023024989938e-01 4.534434230170622526e-02 4.164415434077767264e-02 2.028028874622967923e-02
3.275426712929605344e+01 1.538848816232537553e-01 4.749299254768550582e-02 4.504011045840096428e-02 2.264518310712687610e-02
3.285426712929605486e+01 1.584093022340557211e-01 4.986303644038044686e-02 4.425533072436035886e-02 2.469772813517773571e-02
3.295426712929605628e+01 1.626700671510507012e-01 5.241895249597566808e-02 4.195781239842327759e-02 2.634252496818888581e-02
3.305426712929605770e+01 1.670396373214254604e-01 5.511487921413731061e-02 4.521332353383244324e-02 2.749147884509668335e-02
3.315426712929605912e+01 1.714470302668756885e-01 5.790010951504279135e-02 4.217614376148091926e-02 2.812310366989460853e-02
3.325426712929606055e+01 1.754808978380936191e-01 6.072024649553164899e-02 3.809909801618960312e-02 2.817806774337490439e-02
3.335426712929606197e+01 1.788677736640883198e-01 6.351422925095671912e-02 2.874987163602775453e-02 2.758617209192600409e-02
3.345426712929606339e+01 1.811158261911611778e-01 6.621235282755791318e-02 1.608728093980717894e-02 2.623990370897960611e-02
3.355426712929606481e+01 1.822281904125575558e-01 6.873310192058840196e-02 7.330085474094156367e-03 2.402376381215604040e-02
3.365426712929606623e+01 1.827673094959590128e-01 7.098701859654081570e-02 4.364619944953479318e-03 2.090888823635593877e-02
3.375426712929606765e+01 1.832237843746654382e-01 7.288782179318982479e-02 4.523681349743961973e-03 1.698511139039309698e-02
3.385426712929606907e+01 1.835703209508550982e-01 7.436241514164233790e-02 2.365094013148431006e-03 1.241204152193155913e-02
3.395426712929607049e+01 1.837007508983447557e-01 7.535411615587794820e-02 5.052687061006533309e-05 7.356306271598958557e-03
3.405426712929607191e+01 1.836301651383919764e-01 7.582360857481509897e-02 -8.812755969641378933e-04 1.999739902474899876e-03
3.415426712929607334e+01 1.835334171285395166e-01 7.575107991122924378e-02 -1.252996628745033612e-03 -3.446148041285971610e-03
3.425426712929607476e+01 1.833648606361792388e-01 7.513888223158664281e-02 -2.804008451295879768e-03 -8.757325716118593076e-03
3.435426712929607618e+01 1.827856724820392798e-01 7.401060654192183341e-02 -8.361960887576036852e-03 -1.374180323756262617e-02
3.445426712929607760e+01 1.819706573877962752e-01 7.240628383220275299e-02 -7.795066279790360819e-03 -1.825010076014171867e-02
3.455426712929607902e+01 1.809973911270660873e-01 7.038247478242097566e-02 -1.193311023594782576e-02 -2.210601278444459389e-02
3.465426712929608044e+01 1.797847141685104122e-01 6.801075459349263663e-02 -1.169097803457642276e-02 -2.518976867712629727e-02
3.475426712929608186e+01 1.786316905916459086e-01 6.537442725643860530e-02 -1.143146950404993860e-02 -2.737805836902607037e-02
3.485426712929608328e+01 1.774731094637175544e-01 6.256822615944253319e-02 -1.212099824566677600e-02 -2.857556502811795310e-02
3.495426712929608470e+01 1.762035163593324849e-01 5.969370776306623383e-02 -1.323904826089679874e-02 -2.874275504810104229e-02
3.505426712929608613e+01 1.747165777214453319e-01 5.685359479344662820e-02 -1.657818917153554283e-02 -2.789536794652696175e-02
3.515426712929608755e+01 1.731412326995713236e-01 5.414604176985508138e-02 -1.394083346366182564e-02 -2.610335849981112316e-02
3.525426712929608897e+01 1.717772846701116352e-01 5.166270740534734812e-02 -1.416142269658590518e-02 -2.342142267805415873e-02
3.535426712929609039e+01 1.704269315934702211e-01 4.948785521296508033e-02 -1.221881206670445696e-02 -1.995577730572808614e-02
3.545426712929609181e+01 1.691775416325292936e-01 4.769344142017945681e-02 -1.398333801932516961e-02 -1.583683137399854654e-02
3.555426712929609323e+01 1.675610237269941905e-01 4.633572746126499858e-02 -1.799594034977363560e-02 -1.126223442512502837e-02
3.565426712929609465e+01 1.656237936406988465e-01 4.544794611991788413e-02 -2.113671017774865560e-02 -6.478871909607477643e-03
3.575426712929609607e+01 1.632219447938253742e-01 4.503848262556318927e-02 -2.674406297228360679e-02 -1.741145111003304137e-03
3.585426712929609749e+01 1.604503204520005000e-01 4.508913948561825424e-02 -2.789787342557285138e-02 2.682293034176433041e-03
3.595426712929609891e+01 1.578106770065775821e-01 4.555762346407330604e-02 -2.350289876377578344e-02 6.589354704301942679e-03
3.605426712929610034e+01 1.559133016982070241e-01 4.638644337177751792e-02 -1.474210039849231831e-02 9.882521936054983538e-03
3.615426712929610176e+01 1.549194022190687192e-01 4.751308824628747846e-02 -3.712370197825484719e-03 1.254638894201428288e-02
3.625426712929610318e+01 1.552708626880487108e-01 4.887641307848761968e-02 9.562295832424743888e-03 1.463306240689062759e-02
3.635426712929610460e+01 1.565446890069125685e-01 5.042351930537020827e-02 1.485953738908423090e-02 1.623087415914340956e-02
3.645426712929610602e+01 1.581094265865195247e-01 5.210677871605737255e-02 1.640511557677096222e-02 1.735320507148797875e-02
3.655426712929610744e+01 1.598562384653502144e-01 5.387768007684281407e-02 1.798576819189203618e-02 1.798219854398798445e-02
3.665426712929610886e+01 1.615466614066287387e-01 5.568642414180272060e-02 1.576054035103230735e-02 1.810577001423966520e-02
3.675426712929611028e+01 1.630470660669130212e-01 5.748098521271056277e-02 1.407845926986886660e-02 1.769520032360414816e-02
3.685426712929611170e+01 1.644608152678601609e-01 5.920742929959540990e-02 1.588857695894753397e-02 1.674590603302434505e-02
3.695426712929611313e+01 1.665501646176598405e-01 6.081465188192790305e-02 2.694933050017376402e-02 1.533646809490126633e-02
3.705426712929611455e+01 1.700150825132239751e-01 6.226651314013210980e-02 4.255705503584087529e-02 1.368342356830175646e-02
3.715426712929611597e+01 1.748766513624555041e-01 6.355271478680839248e-02 5.335264678851384113e-02 1.206894022564346941e-02
3.725426712929611739e+01 1.804474224994930542e-01 6.468907311310007069e-02 5.611123252762208885e-02 1.071383595602271900e-02
3.735426712929611881e+01 1.855922518101111862e-01 6.570708942987606160e-02 4.511492912650470061e-02 9.699185782430355673e-03
3.745426712929612023e+01 1.893406965676076859e-01 6.663685238418756707e-02 2.880359522426604799e-02 8.920618552198035511e-03
3.755426712929612165e+01 1.910709055819028723e-01 6.749211499057750085e-02 5.528745927249369141e-03 8.165004860737514261e-03
3.765426712929612307e+01 1.906055839226948601e-01 6.826096207862838994e-02 -1.447329680386611264e-02 7.145324430716906358e-03
3.775426712929612449e+01 1.881120709881488051e-01 6.890388458842564012e-02 -3.528018434099684797e-02 5.606488212655722642e-03
3.785426712929612592e+01 1.837125498632714293e-01 6.935733581664645098e-02 -5.182492869828150828e-02 3.323362568841905281e-03
3.795426712929612734e+01 1.779455790453592645e-01 6.953896628736078167e-02 -6.206689225621914857e-02 1.566201838079498733e-04
3.805426712929612876e+01 1.716437118207437829e-01 6.935884784436437134e-02 -6.236702935618020777e-02 -3.898276786696026463e-03
3.815426712929613018e+01 1.657186983097495570e-01 6.873512252404884171e-02 -5.494260693044619726e-02 -8.674266756766210382e-03
3.825426712929613160e+01 1.610665234305834470e-01 6.761037101272134031e-02 -3.545701555889896328e-02 -1.385231345818276755e-02
3.835426712929613302e+01 1.587935657687650215e-01 6.596771783779019349e-02 -1.165536098073503488e-02 -1.893663234133599257e-02
3.845426712929613444e+01 1.583167883346717209e-01 6.384418001953520716e-02 7.424286188748331627e-04 -2.339365727614174661e-02
3.855426712929613586e+01 1.587325561651189709e-01 6.132240840391699893e-02 6.920927117482637662e-03 -2.685229192454557934e-02
3.865426712929613728e+01 1.597685201755950080e-01 5.851512897420275972e-02 1.440125073899109487e-02 -2.906932314174788534e-02
3.875426712929613871e+01 1.615566823759378157e-01 5.555652158497590559e-02 2.067492678482604068e-02 -2.984994876636247116e-02
3.885426712929614013e+01 1.637027511312657002e-01 5.259705389131467262e-02 2.009762174889274250e-02 -2.907824847785182854e-02
3.895426712929614155e+01 1.650475982948096665e-01 4.979091617582821760e-02 5.017916305704035740e-03 -2.681493397763092673e-02
3.905426712929614297e+01 1.645300808586947772e-01 4.727375845669871957e-02 -1.598074563440313525e-02 -2.336504142050272598e-02
3.915426712929614439e+01 1.618223276143050671e-01 4.514261444170004217e-02 -3.784054983955745244e-02 -1.917543413608790298e-02
3.925426712929614581e+01 1.570322450173361750e-01 4.344697912895484349e-02 -5.708482184596588155e-02 -1.473596092635985969e-02
3.935426712929614723e+01 1.507923279875306999e-01 4.218852177653132501e-02 -6.534232718030552611e-02 -1.049756671651961085e-02
3.945426712929614865e+01 1.444331500910167043e-01 4.133083048292700290e-02 -5.931332032389728670e-02 -6.750868606840296909e-03
3.955426712929615007e+01 1.392677654402273424e-01 4.081946006563853813e-02 -4.363732568819263941e-02 -3.565296792483369642e-03
3.965426712929615150e+01 1.358472114866845215e-01 4.060187448122629800e-02 -2.311271396842118700e-02 -8.537545402259078160e-04
3.975426712929615292e+01 1.348008136521016143e-01 4.063904521340402226e-02 1.442073160976903995e-03 1.570391799493301398e-03
3.985426712929615434e+01 1.359180496583821396e-01 4.091441075969077384e-02 1.997432475123135306e-02 3.945323259948936220e-03
3.995426712929615576e+01 1.387097455262644996e-01 4.143220265852656792e-02 3.627304016238989959e-02 6.441801873218810232e-03
4.005426712929615718e+01 1.431851076625924313e-01 4.221133465553691261e-02 5.159365470484925109e-02 9.194888998692345855e-03
4.015426712929615860e+01 1.485383811686712963e-01 4.328271280362644413e-02 5.382327950843850128e-02 1.228644004137077403e-02
4.025426712929616002e+01 1.538398192657955965e-01 4.467707684032634630e-02 5.222909551247747334e-02 1.562983348870731343e-02
4.035426712929616144e+01 1.590192899479319077e-01 4.641175266976388381e-02 5.120157526074298193e-02 1.906572924429734972e-02
4.045426712929616286e+01 1.638723185554237238e-01 4.848774249108605411e-02 4.445180175286815583e-02 2.242418910095304863e-02
4.055426712929616428e+01 1.677438959516810157e-01 5.088608359017399163e-02 3.305561755794279855e-02 2.546562955655275531e-02
4.065426712929616571e+01 1.706484377806932184e-01 5.356088038797534451e-02 2.549859726682628461e-02 2.791058162089408989e-02
4.075426712929616713e+01 1.725935791268600472e-01 5.644080750589924173e-02 1.170600304667862752e-02 2.953110371173424398e-02
4.085426712929616855e+01 1.729896198612181357e-01 5.943096323918743012e-02 -2.913478881754109559e-03 3.006921641984854413e-02
4.095426712929616997e+01 1.720326656372839491e-01 6.241076637548093747e-02 -1.614705147524642809e-02 2.929278923192397965e-02
4.105426712929617139e+01 1.698730146512937023e-01 6.524052556002203629e-02 -2.667346602859497692e-02 2.705022795062426988e-02
4.115426712929617281e+01 1.669339818661110253e-01 6.777005430714055922e-02 -2.916003581518273116e-02 2.329062660382932859e-02
4.125426712929617423e+01 1.645917743422470880e-01 6.985251310257717394e-02 -1.644448166172893591e-02 1.815665312507199619e-02
4.135426712929617565e+01 1.638348570753790645e-01 7.136848217022521979e-02 2.232452164694264524e-03 1.203971373995692609e-02
4.145426712929617707e+01 1.649410376981111648e-01 7.224503151812816659e-02 1.859593121138971086e-02 5.459201218902749557e-03
4.155426712929617850e+01 1.674505012341692967e-01 7.246203940744586069e-02 3.098164941146260010e-02 -1.071194619251888622e-03
4.165426712929617992e+01 1.708510813793040761e-01 7.204742247875245420e-02 3.607590022160184901e-02 -7.107527011414272941e-03
4.175426712929618134e+01 1.746430027324047674e-01 7.106828073661113077e-02 3.920503431673098838e-02 -1.231282706985480091e-02
4.185426712929618276e+01 1.785201499848794171e-01 6.962120109830609305e-02 3.793592856233111293e-02 -1.643181968821472855e-02
4.195426712929618418e+01 1.820418146816726868e-01 6.782335383812988783e-02 3.080124284699181647e-02 -1.931221863316998771e-02
4.205426712929618560e+01 1.845413590823031247e-01 6.580068674409970952e-02 1.952197967556167091e-02 -2.093835208794048164e-02
4.215426712929618702e+01 1.858213762802723157e-01 6.367439606287281229e-02 4.575677638279316770e-03 -2.140674283903212100e-02
4.225426712929618844e+01 1.853233867331005313e-01 6.155136343810339167e-02 -1.425830669280382830e-02 -2.091749067412033980e-02
4.235426712929618986e+01 1.831321567313405618e-01 5.951332872684478303e-02 -2.816728053376603425e-02 -1.975390929282957661e-02
4.245426712929619129e+01 1.798642158241208211e-01 5.761475495173003225e-02 -3.790049731660739135e-02 -1.816343146468368808e-02
4.255426712929619271e+01 1.753151516804379306e-01 5.588747115491433243e-02 -5.325560473547626128e-02 -1.637178327109499801e-02
4.265426712929619413e+01 1.693260087716054463e-01 5.433757976628616343e-02 -6.603994906552632105e-02 -1.466290269102914386e-02
4.275426712929619555e+01 1.623060569325681934e-01 5.294357907606855179e-02 -7.221092916349108881e-02 -1.328995214059265281e-02
4.285426712929619697e+01 1.553058346765358311e-01 5.166372223265081054e-02 -6.678295227606706463e-02 -1.238641092566291659e-02
4.295426712929619839e+01 1.490797111014405540e-01 5.045161514194797941e-02 -5.618272630692091457e-02 -1.192073447555145639e-02
4.305426712929619981e+01 1.445010395331388642e-01 4.926975628855255473e-02 -3.386486372160650571e-02 -1.174294669185214392e-02
4.315426712929620123e+01 1.423953898469343116e-01 4.810355141963734010e-02 -8.478300489628741443e-03 -1.154827028287843012e-02
4.325426712929620265e+01 1.425778816327941678e-01 4.697235531727280561e-02 1.015288291188183589e-02 -1.098983261026679169e-02
4.335426712929620408e+01 1.441923509047028096e-01 4.592589315845457820e-02 2.230459094553933347e-02 -9.826142192180822854e-03
4.345426712929620550e+01 1.470338702196779812e-01 4.503180489597234659e-02 3.390457876417616451e-02 -7.923263438830039848e-03
4.355426712929620692e+01 1.510494029694989526e-01 4.436883791814923150e-02 4.768769397745186572e-02 -5.192374901933230827e-03
4.365426712929620834e+01 1.563840532915142523e-01 4.402355005924724757e-02 5.543855732474736731e-02 -1.559220246890261324e-03
4.375426712929620976e+01 1.616639183880870800e-01 4.408535836190739104e-02 5.048295175533083073e-02 2.917236886199757375e-03
4.385426712929621118e+01 1.665843686761613318e-01 4.462711242559234959e-02 4.680017659126980284e-02 7.997581814129312711e-03
4.395426712929621260e+01 1.706624111096653740e-01 4.569557260495485385e-02 3.335473409951991708e-02 1.339313269084341923e-02
4.405426712929621402e+01 1.730821737643518099e-01 4.730240146526189238e-02 1.494165315152732113e-02 1.868625222447358597e-02
4.415426712929621544e+01 1.738362121663722948e-01 4.941345223647210239e-02 1.149439175010471756e-03 2.340172729156347886e-02
4.425426712929621686e+01 1.733022991058879858e-01 5.194998445883702159e-02 -1.204791480628269323e-02 2.713538237014297486e-02
4.435426712929621829e+01 1.715884109951108238e-01 5.479636063290641707e-02 -2.096984824948575771e-02 2.954828777654158745e-02
4.445426712929621971e+01 1.693274533106578494e-01 5.780793281057810401e-02 -2.277196080609072276e-02 3.041519706700651984e-02
4.455426712929622113e+01 1.674023457935895076e-01 6.082592391838494150e-02 -1.440195199029332615e-02 2.968535750592415576e-02
4.465426712929622255e+01 1.665371789509711431e-01 6.369652267857768557e-02 -2.838641510075332053e-03 2.750431035414512004e-02
4.475426712929622397e+01 1.668477506723297921e-01 6.628698423292149478e-02 9.115306824016289333e-03 2.413115568604115926e-02
4.485426712929622539e+01 1.683870481511831052e-01 6.849354606373109222e-02 2.147473624554207400e-02 1.988339553600006887e-02
4.495426712929622681e+01 1.709166225506169590e-01 7.024619996310575709e-02 2.769481479788277883e-02 1.510917087587957536e-02
4.505426712929622823e+01 1.738580991935360920e-01 7.150771836317122709e-02 3.149371544485839169e-02 1.010462899226087508e-02
4.515426712929622965e+01 1.770414758676452371e-01 7.226825526064298288e-02 3.001617593967561767e-02 5.131236342329227422e-03
4.525426712929623108e+01 1.796209205077992643e-01 7.254118874099714509e-02 2.226628101983084418e-02 3.710476208728255912e-04
4.535426712929623250e+01 1.817577231825077688e-01 7.235307880566815841e-02 2.117023957987808000e-02 -4.067411223814538894e-03
4.545426712929623392e+01 1.838788982192497978e-01 7.174386056530387967e-02 2.118308564336833857e-02 -8.021657572160018762e-03
4.555426712929623534e+01 1.858947368799560573e-01 7.077035657904275079e-02 1.818367577066268975e-02 -1.133004125747209476e-02
4.565426712929623676e+01 1.873572044438177042e-01 6.950253392763290627e-02 1.054474633966742507e-02 -1.390125432672091946e-02
4.575426712929623818e+01 1.879608215983145370e-01 6.801473027969552609e-02 1.684464920023177534e-03 -1.573535781252689489e-02
4.585426712929623960e+01 1.876521239904772598e-01 6.637837291532310002e-02 -8.957165114697190553e-03 -1.688381874721061118e-02
4.595426712929624102e+01 1.860132470918403058e-01 6.465715426046819703e-02 -2.348242742978363939e-02 -1.745960674469686225e-02
4.605426712929624244e+01 1.830749717821323064e-01 6.289965402161339092e-02 -3.490254283666154034e-02 -1.763817857002800485e-02
4.615426712929624387e+01 1.792689799782254123e-01 6.113756824676682550e-02 -3.934101293911081848e-02 -1.757215097112226065e-02
4.625426712929624529e+01 1.754187882682907429e-01 5.939111247820674094e-02 -3.738260763089473054e-02 -1.732685407898095289e-02
4.635426712929624671e+01 1.718740027439650264e-01 5.767862920706667840e-02 -3.332834881183851378e-02 -1.688768689389104349e-02
4.645426712929624813e+01 1.687022633332344868e-01 5.602121686788566479e-02 -2.993822606761361096e-02 -1.622033628153918619e-02
4.655426712929624955e+01 1.660550078935260909e-01 5.444310183198747960e-02 -2.219135741145217625e-02 -1.529460439479016047e-02
4.665426712929625097e+01 1.643840645298198233e-01 5.297326408955942145e-02 -1.088570400014844328e-02 -1.403858905721237608e-02
4.675426712929625239e+01 1.637687998139213952e-01 5.164986594364490841e-02 -2.765354149358079106e-03 -1.235039996112860354e-02
4.685426712929625381e+01 1.634925949092362329e-01 5.051893890819713490e-02 -4.855121595636863185e-03 -1.019508594626335196e-02
4.695426712929625523e+01 1.625736932983486704e-01 4.962246117938753226e-02 -1.230589789369262305e-02 -7.694848643864804147e-03
4.705426712929625666e+01 1.614692205813949566e-01 4.898508491042152108e-02 -8.794204377408725709e-03 -5.035110365092151583e-03
4.715426712929625808e+01 1.607675864815932554e-01 4.861814407058705906e-02 -5.643016239125129251e-03 -2.295184510741855952e-03
4.725426712929625950e+01 1.601590814330975387e-01 4.852629538866355674e-02 -7.609141147069030386e-03 4.495541595702632655e-04
4.735426712929626092e+01 1.592945626223096767e-01 4.870364319319197416e-02 -9.032216415196771958e-03 3.062954254093483777e-03
4.745426712929626234e+01 1.581807601659470652e-01 4.912990984257180338e-02 -1.411782485854724128e-02 5.404799080156373788e-03
4.755426712929626376e+01 1.566933878382867074e-01 4.977023013110123961e-02 -1.415656286531060369e-02 7.319451928005671695e-03
4.765426712929626518e+01 1.553745207210097956e-01 5.057658732674562979e-02 -1.185959212644151911e-02 8.718653649853493753e-03
4.775426712929626660e+01 1.546131145418821184e-01 5.149622690069016739e-02 -2.518301457541177388e-03 9.590894901617063109e-03
4.785426712929626802e+01 1.547539748941970938e-01 5.248001124387966648e-02 4.780332242294842160e-03 1.001930351782406685e-02
4.795426712929626945e+01 1.556697006816263051e-01 5.348846020650475236e-02 1.433926487036432662e-02 1.010097042594233427e-02
4.805426712929627087e+01 1.576827916016411979e-01 5.449308261067427328e-02 2.599089482887786962e-02 9.970053367788762541e-03
4.815426712929627229e+01 1.609671101009933214e-01 5.548121867624493386e-02 4.030680662715237922e-02 9.803132234218652277e-03
4.825426712929627371e+01 1.656174997270450089e-01 5.645944971532377427e-02 5.078434600434630908e-02 9.806203392411592251e-03
4.835426712929627513e+01 1.708251985889707447e-01 5.745298800365587072e-02 5.311958191752984282e-02 1.012059602211450894e-02
4.845426712929627655e+01 1.763511447770250429e-01 5.849507899039571579e-02 5.779591021980449994e-02 1.078139154774307613e-02
4.855426712929627797e+01 1.821153087000955406e-01 5.962179755580992307e-02 5.428451295087301232e-02 1.181342283428617364e-02
4.865426712929627939e+01 1.867064362036385816e-01 6.086673901559570138e-02 3.711444347652959747e-02 1.310734808655348270e-02
4.875426712929628081e+01 1.895576623857354870e-01 6.224251585494325334e-02 1.906285667633832170e-02 1.437894393808633771e-02
4.885426712929628223e+01 1.903147233967771301e-01 6.373101428549397818e-02 -4.000899003922329944e-03 1.530267716791151172e-02
4.895426712929628366e+01 1.889415914450713052e-01 6.527943836853969395e-02 -2.191762409720762403e-02 1.552174372828285520e-02
4.905426712929628508e+01 1.862306723343644665e-01 6.680301913684913440e-02 -3.124827025651716675e-02 1.477609339063603970e-02
4.915426712929628650e+01 1.829007935529394502e-01 6.819890716634843808e-02 -3.397714008301607608e-02 1.296243483375137708e-02
4.925426712929628792e+01 1.796707840616247609e-01 6.936115081328625420e-02 -2.940418957672278136e-02 1.012294884498810346e-02
4.935426712929628934e+01 1.774870591928230101e-01 7.019569048085930185e-02 -1.166195784652931250e-02 6.457282598018917325e-03
4.945426712929629076e+01 1.775056179942848533e-01 7.063844743987642005e-02 1.178362880421606265e-02 2.369634704493132904e-03
4.955426712929629218e+01 1.798086824291768027e-01 7.067243681572996095e-02 3.313078154885905346e-02 -1.633976323661566823e-03
4.965426712929629360e+01 1.837030014502169795e-01 7.032995702559827200e-02 4.334603202218343526e-02 -5.095352921468063352e-03
4.975426712929629502e+01 1.883222443728945206e-01 6.968161164695702015e-02 4.752958958282298835e-02 -7.712702684650845665e-03
4.985426712929629645e+01 1.928868809828961917e-01 6.882105122798103103e-02 4.299623377482743314e-02 -9.327022729343738966e-03
4.995426712929629787e+01 1.967809976004290529e-01 6.784996689007449788e-02 3.398927283053987392e-02 -9.932000775473237564e-03
5.005426712929629929e+01 1.995420392647113406e-01 6.686483279150555459e-02 1.975025663810673140e-02 -9.634940924132258389e-03
5.015426712929630071e+01 2.002375101232423404e-01 6.594539038404345632e-02 -7.235698518874126434e-03 -8.673643645460598142e-03
5.025426712929630213e+01 1.982398808058178918e-01 6.513858825393648022e-02 -3.158140762222763631e-02 -7.455939597423992191e-03
5.035426712929630355e+01 1.940461121655072119e-01 6.444920398458746369e-02 -5.113856424699605996e-02 -6.386327465762028574e-03
5.045426712929630497e+01 1.883693314541263486e-01 6.384568066142830289e-02 -6.051251544603913207e-02 -5.780120341429876261e-03
5.055426712929630639e+01 1.823655477338657349e-01 6.327236821440954118e-02 -5.756559530018223736e-02 -5.791356072509224427e-03
5.065426712929630781e+01 1.771167906538393955e-01 6.266805222907381734e-02 -4.608936825796412784e-02 -6.378823862544205810e-03
5.075426712929630924e+01 1.734713434205327198e-01 6.198382536026659367e-02 -2.600519260959976292e-02 -7.344410781850558255e-03
5.085426712929631066e+01 1.719099987983583600e-01 6.119722596045771429e-02 -5.244986416710711169e-03 -8.368362610242915944e-03
5.095426712929631208e+01 1.723123546227499914e-01 6.031960449601327101e-02 1.194826027488593220e-02 -9.110736820902761920e-03
5.105426712929631350e+01 1.741589599350425177e-01 5.939376243356046803e-02 2.471811412643460520e-02 -9.295290209122723801e-03
5.115426712929631492e+01 1.769441503997032927e-01 5.848542540055558236e-02 2.883343748157544267e-02 -8.739170827623767360e-03
5.125426712929631634e+01 1.796984408135499089e-01 5.767195816109142725e-02 2.502012162842987344e-02 -7.406430323086447658e-03
5.135426712929631776e+01 1.814974034393729285e-01 5.702607931215501746e-02 9.500864653064163001e-03 -5.422998227595777349e-03
5.145426712929631918e+01 1.817449414674804364e-01 5.659942474891108133e-02 -3.165830600002845704e-03 -3.075758085145185224e-03
5.155426712929632060e+01 1.809294502498739465e-01 5.641353095792461803e-02 -1.345300371168387660e-02 -6.498334384088181974e-04
5.165426712929632203e+01 1.790363791707533792e-01 5.646361444382774070e-02 -2.386573066390787132e-02 1.600837835653738401e-03
5.175426712929632345e+01 1.763967141090608537e-01 5.671993942318807880e-02 -2.810429399703108858e-02 3.442702647190780743e-03
5.185426712929632487e+01 1.733596080953205831e-01 5.713355689883068550e-02 -3.289651195415073393e-02 4.726464013304237585e-03
5.195426712929632629e+01 1.699118791333423806e-01 5.764269385042856964e-02 -3.569889068602606630e-02 5.336466768581832505e-03
5.205426712929632771e+01 1.663323333418678662e-01 5.817612343019917809e-02 -3.380208512670519055e-02 5.207445036448257389e-03
5.215426712929632913e+01 1.637034233627036595e-01 5.866112086454107477e-02 -1.728170011654613786e-02 4.395454204437690762e-03
5.225426712929633055e+01 1.629222396180549648e-01 5.904095571624518729e-02 2.084351624013578569e-03 3.156919214829527649e-03
5.235426712929633197e+01 1.642521293025713813e-01 5.928949897008904679e-02 2.438972819171649278e-02 1.830322010127756168e-03
5.245426712929633339e+01 1.676675946200789080e-01 5.941640000520134052e-02 4.367747966346120087e-02 7.829084850137450063e-04
5.255426712929633482e+01 1.729758733313270513e-01 5.946633477940476559e-02 6.174398146006678662e-02 3.421429283902416144e-04
5.265426712929633624e+01 1.797634782971697931e-01 5.951412455383197492e-02 7.304106361579024154e-02 7.753937579904263740e-04
5.275426712929633766e+01 1.873985145958801390e-01 5.965552880287623705e-02 7.771446073837801061e-02 2.227924266303201763e-03
5.285426712929633908e+01 1.947589329496231259e-01 5.999353034858780770e-02 6.738134529646895576e-02 4.685767738994268961e-03
5.295426712929634050e+01 2.007373564571819646e-01 6.061823241293862879e-02 5.187747296849513218e-02 7.907164734562309796e-03
5.305426712929634192e+01 2.048960977697518726e-01 6.158831527954846535e-02 2.981294076311823832e-02 1.152491996754444886e-02
5.315426712929634334e+01 2.067015805652854255e-01 6.292092923938380489e-02 7.792292699162744335e-03 1.507433401694272153e-02
5.325426712929634476e+01 2.066390666967231615e-01 6.458551097270825991e-02 -9.606895121336573445e-03 1.809671721779578663e-02
5.335426712929634618e+01 2.046330762175817830e-01 6.650968009089991417e-02 -3.044124726269253206e-02 2.020048917622383269e-02
5.345426712929634760e+01 2.006605702573594219e-01 6.858226050288114550e-02 -4.815461366313250613e-02 2.100724014552607377e-02
5.355426712929634903e+01 1.953204548356484993e-01 7.065839860071324030e-02 -5.703677787953799483e-02 2.023887880350131244e-02
5.365426712929635045e+01 1.892677157329948345e-01 7.257400335714983552e-02 -6.448112486272447597e-02 1.779190456422044542e-02
5.375426712929635187e+01 1.827162428602688293e-01 7.416092427833857748e-02 -6.370645749770585675e-02 1.367612750044912978e-02
5.385426712929635329e+01 1.768571225786269296e-01 7.525978913161239514e-02 -5.303893495225804611e-02 8.083787809415930378e-03
5.395426712929635471e+01 1.722984919597144171e-01 7.574127716518497255e-02 -3.640377945507633495e-02 1.403805292185492971e-03
5.405426712929635613e+01 1.699333237401744745e-01 7.552186057246927653e-02 -9.368407676355910985e-03 -5.830879257975292787e-03
5.415426712929635755e+01 1.706144633705720393e-01 7.457963860364075215e-02 2.303967610453933751e-02 -1.292689814977539958e-02
5.425426712929635897e+01 1.743453668028811243e-01 7.296633623035986282e-02 4.974739139093432849e-02 -1.913137095530704004e-02
5.435426712929636039e+01 1.801731016530908336e-01 7.080451958135509927e-02 6.511797456076884316e-02 -2.380887016191098743e-02
5.445426712929636182e+01 1.869534730533048139e-01 6.826951046218424080e-02 6.754728928783104713e-02 -2.654668738250201554e-02
5.455426712929636324e+01 1.931729718014195130e-01 6.556476768317553994e-02 5.564272206876721971e-02 -2.720703613248852057e-02
5.465426712929636466e+01 1.978776575180098141e-01 6.289293963913809848e-02 3.660806884564849623e-02 -2.592803838701004601e-02
5.475426712929636608e+01 2.001610124229717957e-01 6.043267532099135669e-02 8.353829896876358019e-03 -2.305063275203927259e-02
5.485426712929636750e+01 1.994496706984438261e-01 5.831870764365244819e-02 -2.319318240573259304e-02 -1.909942864186648520e-02
5.495426712929636892e+01 1.955098382088631959e-01 5.662788136876910350e-02 -5.499265830232779456e-02 -1.469631101971042610e-02
5.505426712929637034e+01 1.886859045765532095e-01 5.537319842172276629e-02 -7.947382334195544906e-02 -1.047700461750285250e-02
5.515426712929637176e+01 1.801299009200688361e-01 5.450886040192468723e-02 -8.904440615743994258e-02 -6.957939204188945057e-03
5.525426712929637318e+01 1.713671324446033595e-01 5.394861792362753289e-02 -8.419085806616984080e-02 -4.420353600235309502e-03
5.535426712929637461e+01 1.634298736814733810e-01 5.359046866018143257e-02 -7.469915462975434961e-02 -2.909152026434901062e-03
5.545426712929637603e+01 1.565548931388295872e-01 5.333499752203027522e-02 -6.165695522466266981e-02 -2.348336921987288946e-03
5.555426712929637745e+01 1.512472449829039278e-01 5.309461472449059777e-02 -4.357186168496783585e-02 -2.569876029754857016e-03
5.565426712929637887e+01 1.480838097487539029e-01 5.280408971245996452e-02 -1.932099066960872927e-02 -3.295147873033731686e-03
5.575426712929638029e+01 1.472866396892073826e-01 5.243111982576482977e-02 3.110338822558011973e-03 -4.155587364551653271e-03
5.585426712929638171e+01 1.485890806389727203e-01 5.198054745207098676e-02 2.113020314840593702e-02 -4.790785071263068025e-03
5.595426712929638313e+01 1.510655904956660633e-01 5.148972911757490611e-02 2.621049912619933392e-02 -4.930151275236088065e-03
5.605426712929638455e+01 1.533808262090485819e-01 5.101372755414738946e-02 1.878074462008615456e-02 -4.500385462126230487e-03
5.615426712929638597e+01 1.549685089667331983e-01 5.060506704766201680e-02 1.430816273285756904e-02 -3.606486287413436694e-03
5.625426712929638740e+01 1.562538978920436916e-01 5.030431686602705038e-02 1.105907999258359115e-02 -2.356561092161414857e-03
5.635426712929638882e+01 1.570572363383588022e-01 5.014223152867976208e-02 3.015689199908595103e-03 -8.545677951472816555e-04
5.645426712929639024e+01 1.565457135775577546e-01 5.013554812789405152e-02 -1.229477550385769773e-02 7.073865715474297790e-04
5.655426712929639166e+01 1.549769270076998273e-01 5.027691126464160082e-02 -1.839354553633081035e-02 2.071103510532168977e-03
5.665426712929639308e+01 1.530067862148399849e-01 5.053794074551085785e-02 -1.907819125795624446e-02 3.082523300407767446e-03
5.675426712929639450e+01 1.514342820116572896e-01 5.088010770801239258e-02 -1.269512830961638805e-02 3.698997260850242323e-03
5.685426712929639592e+01 1.503371840809204774e-01 5.126632788151471581e-02 -9.396658023598101345e-03 3.971763153050899761e-03
5.695426712929639734e+01 1.496526506965521752e-01 5.166444306090512556e-02 -3.171047539156379019e-03 3.945939341139089937e-03
5.705426712929639876e+01 1.499017516963555285e-01 5.204870667913873844e-02 8.518246111272753315e-03 3.718954083876236261e-03
5.715426712929640019e+01 1.514102859698644443e-01 5.240730969646195669e-02 2.190270546887477035e-02 3.465082005083588469e-03
5.725426712929640161e+01 1.542088565702591785e-01 5.274751404173629032e-02 3.360764091170881374e-02 3.383641041073938253e-03
5.735426712929640303e+01 1.581004509784310341e-01 5.309563553332100755e-02 4.303485149992684888e-02 3.649187744923267519e-03
5.745426712929640445e+01 1.623831612353072995e-01 5.349264387036576501e-02 4.162930889114304506e-02 4.366660098943018348e-03
5.755426712929640587e+01 1.665009227329238284e-01 5.398295775712058653e-02 4.023991092526833790e-02 5.504428036982185989e-03
5.765426712929640729e+01 1.701643599188302214e-01 5.460484661819051816e-02 3.285266891499097341e-02 6.977369905868445986e-03
5.775426712929640871e+01 1.732464914818979407e-01 5.538448010037430591e-02 2.946312100329243414e-02 8.634105528022042314e-03
5.785426712929641013e+01 1.761436038198225529e-01 5.633370617995216156e-02 2.846642265914998970e-02 1.035299975046995863e-02
5.795426712929641155e+01 1.786519549293848763e-01 5.745389726569755801e-02 1.972453319112107972e-02 1.203214715856014763e-02
5.805426712929641297e+01 1.799803415305458454e-01 5.873242923745901345e-02 7.439066834391492786e-03 1.347910142586074972e-02
5.815426712929641440e+01 1.803469105709520903e-01 6.013430358487790311e-02 1.668508758076138292e-03 1.446726928009294845e-02
5.825426712929641582e+01 1.806590022784235472e-01 6.160656924965793313e-02 5.030466518066671958e-03 1.488168093298301679e-02
5.835426712929641724e+01 1.812081243149128995e-01 6.309202124846691184e-02 4.983748644987993220e-03 1.473610931735237772e-02
5.845426712929641866e+01 1.815682353586069719e-01 6.453537904589712326e-02 2.527941352463712425e-03 1.403783465789251728e-02
5.855426712929642008e+01 1.818282038162197800e-01 6.588117870228446527e-02 3.016877576465347086e-03 1.278975115641044387e-02
5.865426712929642150e+01 1.823275639128758563e-01 6.707698679139394160e-02 8.369139083114226704e-03 1.105439774295553269e-02
5.875426712929642292e+01 1.834246967335776690e-01 6.808066957947220277e-02 1.088214365523326906e-02 8.976477812077840804e-03
5.885426712929642434e+01 1.842318700378128837e-01 6.886473187000177743e-02 6.502024208777940593e-03 6.668795802477277268e-03
5.895426712929642576e+01 1.848726499904295162e-01 6.940841940222267081e-02 5.281366319980581106e-03 4.183011645087868907e-03
5.905426712929642719e+01 1.852432724698119815e-01 6.969802426176469057e-02 3.636536244193072556e-03 1.597641591222383022e-03
5.915426712929642861e+01 1.857947066056347962e-01 6.972777014692567443e-02 6.846488121489737941e-03 -9.904602422867356780e-04
5.925426712929643003e+01 1.864523285646816075e-01 6.950462252148356668e-02 6.284009562865526879e-03 -3.440261696195783762e-03
5.935426712929643145e+01 1.871768262121565607e-01 6.904782300679246365e-02 8.619555828029442854e-03 -5.645415493387029998e-03
5.945426712929643287e+01 1.881485990737980230e-01 6.838773022128014079e-02 1.107581952711191031e-02 -7.485762317725510803e-03
5.955426712929643429e+01 1.895821144372467071e-01 6.756686039776933772e-02 1.766786710966439591e-02 -8.838356808412899460e-03
5.965426712929643571e+01 1.913355346662624079e-01 6.664083361287988228e-02 1.534234465004765020e-02 -9.573764131027784341e-03
5.975426712929643713e+01 1.923818831546253716e-01 6.567274078774962276e-02 4.423480596697585907e-03 -9.694771719982064884e-03
5.985426712929643855e+01 1.921822723307766434e-01 6.471745638263452782e-02 -7.019505632456596311e-03 -9.349550384522864813e-03
5.995426712929643998e+01 1.911559521685140539e-01 6.381264317751692006e-02 -1.421333666252851471e-02 -8.708012300613637499e-03
6.000000000000000000e+01 1.904022254235762934e-01 6.342242008255051522e-02 -1.867861603169497509e-02 -8.353226470612441432e-03
