time[s] x1[m] x2[m] x1_dot[m/s] x2_dot[m/s]
0.000000000000000000e+00 0.000000000000000000e+00 0.000000000000000000e+00 0.000000000000000000e+00 0.000000000000000000e+00
9.999999999999999124e-05 3.152675263724499050e-08 3.788903416376111715e-15 6.305310272585827993e-04 1.140479999823349299e-10
1.100000000000000066e-03 3.814245663880384435e-06 5.549959853678229670e-12 6.934496390449158311e-03 1.564313831431248372e-08
1.110000000000000049e-02 3.878424126106176065e-04 1.090599397874447739e-08 6.982244974338341903e-02 3.467380692451315551e-06
6.248709715944496951e-02 1.216165143933675696e-02 6.677044590296136218e-06 3.860677662170347024e-01 4.119145093653325059e-04
1.624870971594449820e-01 7.934053300751420235e-02 2.739235670278811641e-04 9.413494902431549516e-01 6.576642058594934191e-03
2.624870971594449598e-01 1.956327335739941331e-01 1.768983060413143685e-03 1.349366830861066457e+00 2.606324524555606037e-02
3.624870971594449376e-01 3.419502025943090273e-01 6.097885572488411648e-03 1.548888361195114305e+00 6.376089821112705669e-02
4.624870971594449154e-01 5.007132581721975839e-01 1.517505071239080502e-02 1.599039565916566374e+00 1.209806055446846496e-01
5.624870971594448932e-01 6.547256708454720631e-01 3.088677878354872952e-02 1.439521276297772712e+00 1.958558083885007517e-01
6.624870971594448710e-01 7.809364480718981039e-01 5.475233331963966915e-02 1.061160512262418143e+00 2.827878586263409821e-01
7.624870971594448488e-01 8.655635784400537158e-01 8.754861338269644133e-02 6.291272860051617677e-01 3.728234769626050382e-01
8.624870971594448266e-01 9.061747587291800743e-01 1.290859908903473074e-01 1.870347202372549811e-01 4.559274075691286399e-01
9.624870971594448044e-01 9.048543329952307701e-01 1.781756205461337839e-01 -2.042238987016136709e-01 5.223266494526094261e-01
1.062487097159444893e+00 8.684981406501386392e-01 2.327130021271681115e-01 -4.963433401868054817e-01 5.636568990868083828e-01
1.162487097159444982e+00 8.113689179153765751e-01 2.898745870430219918e-01 -6.162376698669875807e-01 5.741406992279866062e-01
1.262487097159445071e+00 7.523339391196381953e-01 3.464409772523363018e-01 -5.319221247058907309e-01 5.517674547148057052e-01
1.362487097159445160e+00 7.083450145788262597e-01 3.992006016144779013e-01 -3.389969241315906601e-01 4.986597433348546327e-01
1.462487097159445248e+00 6.868587074742591447e-01 4.453150707925294105e-01 -8.236532919680833453e-02 4.198871980491647449e-01
1.562487097159445337e+00 6.920038164511561618e-01 4.825546259303564178e-01 1.840554954706298818e-01 3.224404339375185891e-01
1.662487097159445426e+00 7.232950211535472684e-01 5.094460019524174044e-01 4.353657543994321477e-01 2.142897680753608480e-01
1.762487097159445515e+00 7.773305852855239007e-01 5.253277124299777778e-01 6.368753440037646651e-01 1.035725235345353878e-01
1.862487097159445604e+00 8.484470227677849419e-01 5.303277740808394203e-01 7.703674338783284004e-01 -2.165176042237718090e-03
1.962487097159445693e+00 9.277927050113309315e-01 5.252727603983412541e-01 7.947356818937431067e-01 -9.662795277347595302e-02
2.062487097159445781e+00 1.002613605488917425e+00 5.115218537532655319e-01 6.795123452781081097e-01 -1.755909479769293402e-01
2.162487097159445870e+00 1.059673177288557255e+00 4.907281074684693989e-01 4.415890214606638664e-01 -2.374296916301198435e-01
2.262487097159445959e+00 1.087555657295140144e+00 4.645798222056620186e-01 1.055138064593519887e-01 -2.830225459695873691e-01
2.362487097159446048e+00 1.079709402900499438e+00 4.345697632291787849e-01 -2.642267229016427854e-01 -3.152648655042625814e-01
2.462487097159446137e+00 1.034902966543022051e+00 4.018401205123667275e-01 -6.279230216740554482e-01 -3.381200871482338277e-01
2.562487097159446225e+00 9.565640456630764010e-01 3.671172033088351827e-01 -9.155772214299799927e-01 -3.558032952049181574e-01
2.662487097159446314e+00 8.566063638268973657e-01 3.307403054290271593e-01 -1.067942368833658229e+00 -3.715959659426205097e-01
2.762487097159446403e+00 7.454827885023573852e-01 2.928065931302342717e-01 -1.137027994651247820e+00 -3.870957804047561179e-01
2.862487097159446492e+00 6.329821334150832479e-01 2.533205966870663017e-01 -1.097822636034252675e+00 -4.025579074157289439e-01
2.962487097159446581e+00 5.288843374425775679e-01 2.123354807402819677e-01 -9.668292277090382303e-01 -4.167645689175608070e-01
3.062487097159446670e+00 4.428818991284517725e-01 1.700927667925394571e-01 -7.407028197780711753e-01 -4.271769080812232167e-01
3.162487097159446758e+00 3.818379261303019301e-01 1.271479560557414179e-01 -4.828447967368469373e-01 -4.301485805961796083e-01
3.262487097159446847e+00 3.454217986097120052e-01 8.443743374871140461e-02 -2.470407736214853822e-01 -4.219163285446724254e-01
3.362487097159446936e+00 3.315760132341118438e-01 4.324076265507553057e-02 -4.208995048357780377e-02 -3.994342760974839424e-01
3.462487097159447025e+00 3.342641484131120277e-01 5.090811787393907661e-03 8.691487665532854345e-02 -3.608065174866761371e-01
3.562487097159447114e+00 3.473596200186522265e-01 -2.837277328315064573e-02 1.621450067078907264e-01 -3.057918893020737383e-01
3.662487097159447202e+00 3.635008091313239320e-01 -5.556399015634980176e-02 1.479267040899885644e-01 -2.357370098013185644e-01
3.762487097159447291e+00 3.761707320003169208e-01 -7.512156741269097882e-02 1.079130267585572123e-01 -1.537508416116349363e-01
3.862487097159447380e+00 3.848795067962215710e-01 -8.605029216047942187e-02 5.898585863746527713e-02 -6.386415645718125644e-02
3.962487097159447469e+00 3.864057060472689265e-01 -8.778249183463823768e-02 -3.304892749850832367e-02 2.935234698328285929e-02
4.062487097159447558e+00 3.782772753895831674e-01 -8.024269924181019753e-02 -1.238466082736096041e-01 1.206855416758836341e-01
4.162487097159447202e+00 3.633873215825817460e-01 -6.387862803985831783e-02 -1.676033564487072192e-01 2.050557387342884230e-01
4.262487097159446847e+00 3.453034957056174692e-01 -3.960494285814703669e-02 -1.895540991075483628e-01 2.782470849418795522e-01
4.362487097159446492e+00 3.274274557918027684e-01 -8.714023365761647960e-03 -1.555106394004689696e-01 3.369430272846158925e-01
4.462487097159446137e+00 3.163586211432501960e-01 2.723439845742458773e-02 -5.990626174136939874e-02 3.792143384720705890e-01
4.562487097159445781e+00 3.155329075144058248e-01 6.656568612612100144e-02 4.503130891629628096e-02 4.046158501702863952e-01
4.662487097159445426e+00 3.276018902525036358e-01 1.076122118368493669e-01 2.116283710758177505e-01 4.137132529341729925e-01
4.762487097159445071e+00 3.588087841893073948e-01 1.488311061094684251e-01 4.067249729158816107e-01 4.085260686865639368e-01
4.862487097159444716e+00 4.080357084904837062e-01 1.889406366227119605e-01 5.778616080658798282e-01 3.920393904583288069e-01
4.962487097159444360e+00 4.739692868796039349e-01 2.269689301506525314e-01 7.314254012069121291e-01 3.674562342922977898e-01
5.062487097159444005e+00 5.517040259728961393e-01 2.622683657122156231e-01 8.135775358170406202e-01 3.379374038015253157e-01
5.162487097159443650e+00 6.355663083617693054e-01 2.944750174405132981e-01 8.553812953632576876e-01 3.059646170113946573e-01
5.262487097159443294e+00 7.200870682245127385e-01 3.234430897236311719e-01 8.215908078465191666e-01 2.734074501035703153e-01
5.362487097159442939e+00 7.973727928441521895e-01 3.491672148838870227e-01 7.095266014083636552e-01 2.411350338307321761e-01
5.462487097159442584e+00 8.596992734631814237e-01 3.716711649657130634e-01 5.328213377353814284e-01 2.088621147287498814e-01
5.562487097159442229e+00 9.033456351679326479e-01 3.909018831286090179e-01 3.346928454213624615e-01 1.754491275609885992e-01
5.662487097159441873e+00 9.263774647642917248e-01 4.066745520028057226e-01 1.311147590232507043e-01 1.394431532467053647e-01
5.762487097159441518e+00 9.304695755513899824e-01 4.186578311350960813e-01 -4.756833120917342006e-02 9.947437100584982650e-02
5.862487097159441163e+00 9.178943516342048525e-01 4.264071664473670920e-01 -1.924370592168214988e-01 5.465998353842886626e-02
5.962487097159440808e+00 8.947717582883908394e-01 4.294231822018617084e-01 -2.592505242444408942e-01 4.892832145355657802e-03
6.062487097159440452e+00 8.669353557502468277e-01 4.272561608997206828e-01 -2.938903143128647200e-01 -4.874374246794908189e-02
6.162487097159440097e+00 8.376650318665510575e-01 4.196049816583845571e-01 -2.846756595556864111e-01 -1.044364792920981500e-01
6.262487097159439742e+00 8.098534152429178734e-01 4.063809818161775445e-01 -2.715087753228224710e-01 -1.597687692283480121e-01
6.362487097159439386e+00 7.844396280176897385e-01 3.877489784091990854e-01 -2.379033605208272506e-01 -2.121569143431439042e-01
6.462487097159439031e+00 7.597499691280020784e-01 3.641336863894176212e-01 -2.659095204782395139e-01 -2.590671540900622571e-01
6.562487097159438676e+00 7.312961236726182035e-01 3.361737219745991601e-01 -3.038152638706810849e-01 -2.988404982480524774e-01
6.662487097159438321e+00 6.974864377502629775e-01 3.046393306187497041e-01 -3.775584870877485844e-01 -3.304353098197304051e-01
6.762487097159437965e+00 6.562895541077634620e-01 2.703704115615110926e-01 -4.419329083004966963e-01 -3.535213448399330827e-01
6.862487097159437610e+00 6.094875383682105685e-01 2.342197974874151989e-01 -4.923436562877929190e-01 -3.680722827578212231e-01
6.962487097159437255e+00 5.585420958749294229e-01 1.970368949916440071e-01 -5.216167603421069110e-01 -3.741962368944670159e-01
7.062487097159436900e+00 5.060069838637154538e-01 1.596560419630598804e-01 -5.280968563509024216e-01 -3.720553999175431059e-01
7.162487097159436544e+00 4.525970785317837697e-01 1.228938105455259222e-01 -5.390081937784670929e-01 -3.618905796459490620e-01
7.262487097159436189e+00 3.997617329490404936e-01 8.752775155747641311e-02 -5.088910037098136607e-01 -3.442185714059499690e-01
7.362487097159435834e+00 3.510204342627343266e-01 5.428849808900856194e-02 -4.687435473037281364e-01 -3.194026545474982215e-01
7.462487097159435478e+00 3.066140830191613764e-01 2.387016709236841616e-02 -4.135028554325578254e-01 -2.878982131548255552e-01
7.562487097159435123e+00 2.684736539246463383e-01 -3.086422105410772249e-03 -3.490618234707948964e-01 -2.502589847076119312e-01
7.662487097159434768e+00 2.381093253051606018e-01 -2.599777155992973737e-02 -2.530192333202891386e-01 -2.070923937166710971e-01
7.762487097159434413e+00 2.171845188355276679e-01 -4.433734065416494730e-02 -1.674791289306240272e-01 -1.589164943035642208e-01
7.862487097159434057e+00 2.059677008699601630e-01 -5.763826258759961046e-02 -5.242805014521129126e-02 -1.064420694844208370e-01
7.962487097159433702e+00 2.053808061347039138e-01 -6.550371215225560262e-02 3.172993474594787422e-02 -5.033181566704518495e-02
8.062487097159433347e+00 2.113420348387278214e-01 -6.762110120523244505e-02 8.436128200358167240e-02 8.267734352518305019e-03
8.162487097159432992e+00 2.226648407777042649e-01 -6.382301621087678456e-02 1.496724093214032159e-01 6.768707360721852584e-02
8.262487097159432636e+00 2.412238304526955479e-01 -5.410859640140566751e-02 2.106798780060549769e-01 1.263578965900136464e-01
8.362487097159432281e+00 2.632781491940598406e-01 -3.863112788798483271e-02 2.290354398834284211e-01 1.826203075113342345e-01
8.462487097159431926e+00 2.863986844844506052e-01 -1.773394431719427233e-02 2.288696903991050413e-01 2.343971209221642482e-01
8.562487097159431571e+00 3.091333345842704472e-01 8.026567910870398281e-03 2.296296882065242961e-01 2.795332521668092429e-01
8.662487097159431215e+00 3.330746968685597831e-01 3.788880921058741108e-02 2.537188607039205235e-01 3.161748947713821090e-01
8.762487097159430860e+00 3.604845437477359749e-01 7.093838913502069354e-02 2.941890785371777950e-01 3.431438037108438532e-01
8.862487097159430505e+00 3.919371112970169158e-01 1.061760088006074021e-01 3.368767692321854024e-01 3.598808067153467238e-01
8.962487097159430149e+00 4.281555187859848455e-01 1.425708338384936436e-01 3.889110754751086141e-01 3.663250522036092249e-01
9.062487097159429794e+00 4.698064754921194019e-01 1.791139058870749590e-01 4.389909397686630466e-01 3.629705455429462768e-01
9.162487097159429439e+00 5.140170848566898432e-01 2.148650936668023981e-01 4.370248305755572438e-01 3.506051077566129659e-01
9.262487097159429084e+00 5.560933448719829197e-01 2.489521682800488744e-01 3.994661437841819374e-01 3.297532498044867255e-01
9.362487097159428728e+00 5.937007236756616235e-01 2.805449175049348209e-01 3.557994453912223798e-01 3.007854571347439721e-01
9.462487097159428373e+00 6.272648557678796033e-01 3.088587468730317198e-01 3.129063135863012768e-01 2.643125089208527290e-01
9.562487097159428018e+00 6.566575153836007317e-01 3.331881492861839544e-01 2.793654651734008842e-01 2.212767454098052700e-01
9.662487097159427663e+00 6.833529813099922245e-01 3.529394575608561513e-01 2.550997682307366010e-01 1.730118349344230422e-01
9.762487097159427307e+00 7.079875081926356728e-01 3.676726486948617700e-01 2.351677053120854177e-01 1.212203235134519941e-01
9.862487097159426952e+00 7.295666716335578172e-01 3.771277912542243538e-01 1.979747609448379020e-01 6.774777338281087746e-02
9.962487097159426597e+00 7.483969346413702484e-01 3.812254656850125323e-01 1.760346483806614903e-01 1.438444030113103511e-02
1.006248709715942624e+01 7.629692126970236687e-01 3.800699167760404618e-01 1.082981784801196334e-01 -3.705081850152950468e-02
1.016248709715942589e+01 7.698998564410511891e-01 3.739211820598452585e-01 3.102536525817163604e-02 -8.531574424496082831e-02
1.026248709715942553e+01 7.682111206482638011e-01 3.631422914661787682e-01 -7.281628572883097616e-02 -1.295354063971440040e-01
1.036248709715942518e+01 7.546790541708607858e-01 3.481614061540096450e-01 -1.973869026171404251e-01 -1.693510130449751294e-01
1.046248709715942482e+01 7.283406621067723963e-01 3.294150979441462512e-01 -3.304432840826175277e-01 -2.048884259880240089e-01
1.056248709715942447e+01 6.899319998590517367e-01 3.073138447835776499e-01 -4.282283442774653670e-01 -2.365076558010758279e-01
1.066248709715942411e+01 6.438053290123197936e-01 2.822409269866272830e-01 -4.870183156742377006e-01 -2.642960321425133485e-01
1.076248709715942375e+01 5.947665058944590077e-01 2.545942743928535923e-01 -4.871573558097203049e-01 -2.878689375728961664e-01
1.086248709715942340e+01 5.464838502372222351e-01 2.248381834337614127e-01 -4.769337348971275370e-01 -3.063167823218386765e-01
1.096248709715942304e+01 4.996985949288482165e-01 1.935330459635982159e-01 -4.591990782710407837e-01 -3.187043496973190337e-01
1.106248709715942269e+01 4.557778391851651234e-01 1.613258291685297496e-01 -4.090161677539810303e-01 -3.242290200169591352e-01
1.116248709715942233e+01 4.175613775915859582e-01 1.289466743236011015e-01 -3.663937829263561596e-01 -3.219879524691022232e-01
1.126248709715942198e+01 3.823486359589154393e-01 9.720448575816073578e-02 -3.291989372533555835e-01 -3.114712273347330362e-01
1.136248709715942162e+01 3.519854096335208737e-01 6.693201532489567729e-02 -2.839684664075736165e-01 -2.925762588850653878e-01
1.146248709715942127e+01 3.250957693115412717e-01 3.896292557181721405e-02 -2.523568523668323071e-01 -2.654876106860556972e-01
1.156248709715942091e+01 3.021719745820721226e-01 1.408576563313114829e-02 -1.993322845170206192e-01 -2.308616702959596090e-01
1.166248709715942056e+01 2.863212252901208843e-01 -6.980706221012964591e-03 -1.194980117610614234e-01 -1.893692224915803635e-01
1.176248709715942020e+01 2.770725359430079582e-01 -2.358158504664163713e-02 -6.931115545699217950e-02 -1.417079754808853731e-01
1.186248709715941985e+01 2.726233668524128406e-01 -3.515796557498383768e-02 -1.728194159840750616e-02 -8.912072067454093749e-02
1.196248709715941949e+01 2.729992840511817898e-01 -4.129104793893662029e-02 1.539768628578132292e-02 -3.310775226568635904e-02
1.206248709715941914e+01 2.744425542410107166e-01 -4.172910648617025181e-02 1.387103748662188440e-02 2.439794228753898453e-02
1.216248709715941878e+01 2.755484123626395498e-01 -3.644196049254300185e-02 3.028798271164943878e-03 8.098604251971405765e-02
1.226248709715941843e+01 2.750237756727844651e-01 -2.564730882541066403e-02 -7.797857180172810751e-03 1.341169189606974954e-01
1.236248709715941807e+01 2.741804541132966677e-01 -9.813393293697944553e-03 -1.262871280228218193e-02 1.814132226195024067e-01
1.246248709715941771e+01 2.731516938718584475e-01 1.037221794766429728e-02 2.938028458428493597e-03 2.208376574492665889e-01
1.256248709715941736e+01 2.764291171278573378e-01 3.404491983263232407e-02 6.349892876651140605e-02 2.510212393889755256e-01
1.266248709715941700e+01 2.852033885609135955e-01 6.025261010783614091e-02 1.116567418690855434e-01 2.714936730844761947e-01
1.276248709715941665e+01 3.004922270898976455e-01 8.801679626783769084e-02 2.062136188489262500e-01 2.822001086687510041e-01
1.286248709715941629e+01 3.271864477566009954e-01 1.163965408028040383e-01 3.253831773631377655e-01 2.840458528244511616e-01
1.296248709715941594e+01 3.655401290638643497e-01 1.445847438030783694e-01 4.408563931983014439e-01 2.786653682571982871e-01
1.306248709715941558e+01 4.142251190150016971e-01 1.719509140070914766e-01 5.255167862783534094e-01 2.679147071839740879e-01
1.316248709715941523e+01 4.689184547222435828e-01 1.980443568001213350e-01 5.574868377947119757e-01 2.534449390199658980e-01
1.326248709715941487e+01 5.246016539862082828e-01 2.225522848742635396e-01 5.562967924857765700e-01 2.363350899501708569e-01
1.336248709715941452e+01 5.786808738994579926e-01 2.452468936881329054e-01 5.099362605345504340e-01 2.172708168232120318e-01
1.346248709715941416e+01 6.248000781432353490e-01 2.659455109622977376e-01 4.082744516399157142e-01 1.963561674926447009e-01
1.356248709715941381e+01 6.582249664863851768e-01 2.844367070599025937e-01 2.498316901830458514e-01 1.729710992898128019e-01
1.366248709715941345e+01 6.752058728720222724e-01 3.004165442448953893e-01 9.844389088547925160e-02 1.459033469628235602e-01
1.376248709715941310e+01 6.789993529236595382e-01 3.134600534738759547e-01 -1.543256594395824022e-02 1.141372379935778614e-01
1.386248709715941274e+01 6.741898678379539822e-01 3.230781932399038880e-01 -7.406662021975453369e-02 7.743389913479287179e-02
1.396248709715941239e+01 6.650124266355215141e-01 3.288039113346633013e-01 -1.027230624385261082e-01 3.646048057137774023e-02
1.406248709715941203e+01 6.545966532656674053e-01 3.302720706199426259e-01 -1.065461735455697778e-01 -7.442132176607454963e-03
1.416248709715941168e+01 6.432540551608262325e-01 3.272762140638524331e-01 -1.231079263503015442e-01 -5.252772172501714298e-02
1.426248709715941132e+01 6.288665093364473879e-01 3.197819234587454540e-01 -1.691263678893394906e-01 -9.716800225900493193e-02
1.436248709715941096e+01 6.097126149985414578e-01 3.078995228830361808e-01 -2.096229870190542965e-01 -1.400984117049075828e-01
1.446248709715941061e+01 5.875556293219558190e-01 2.918603112282532885e-01 -2.312167694573842858e-01 -1.800823756414084986e-01
1.456248709715941025e+01 5.635786976730106090e-01 2.720266133944657660e-01 -2.503296133813156521e-01 -2.157640257981445209e-01
1.466248709715940990e+01 5.371323692463777499e-01 2.488913539267380570e-01 -2.790623344297890052e-01 -2.459428966565991026e-01
1.476248709715940954e+01 5.076502429016163109e-01 2.230503504154196792e-01 -3.115305201119720757e-01 -2.697629438719361672e-01
1.486248709715940919e+01 4.747660352738319878e-01 1.951685699576116151e-01 -3.442918832410362673e-01 -2.866990418942818586e-01
1.496248709715940883e+01 4.401355008448587514e-01 1.659493331987322018e-01 -3.394854788397560497e-01 -2.964617562699244369e-01
1.506248709715940848e+01 4.071153800717924875e-01 1.361303013502534742e-01 -3.264868111453559929e-01 -2.986102735864395452e-01
1.516248709715940812e+01 3.747869690916333929e-01 1.064898604035895702e-01 -3.132146136321778407e-01 -2.928918660778299099e-01
1.526248709715940777e+01 3.454703002472404583e-01 7.781368159277558816e-02 -2.725438081571218696e-01 -2.793181394237779780e-01
1.536248709715940741e+01 3.202551365735497590e-01 5.088744442956583125e-02 -2.320051746670887816e-01 -2.579192573510514230e-01
1.546248709715940706e+01 2.988995307298780713e-01 2.647998107049556391e-02 -1.960890178056404198e-01 -2.290289284847867590e-01
1.556248709715940670e+01 2.804324360183406695e-01 5.307728500553925838e-03 -1.779780857484511425e-01 -1.933748699136243199e-01
1.566248709715940635e+01 2.632209119851798840e-01 -1.201050262759914555e-02 -1.623568052003581952e-01 -1.521944806398725092e-01
1.576248709715940599e+01 2.480607252765090198e-01 -2.499706409856627259e-02 -1.433466949740365426e-01 -1.069958207922646898e-01
1.586248709715940564e+01 2.352053140505063200e-01 -3.332975814790842956e-02 -1.050556211263893314e-01 -5.939294543245578900e-02
1.596248709715940528e+01 2.280798170988122542e-01 -3.684358264392637722e-02 -3.740856485583728130e-02 -1.081541025215631419e-02
1.606248709715940493e+01 2.274976572793190321e-01 -3.549740244104922920e-02 2.454128578759543627e-02 3.762231456529525203e-02
1.616248709715940635e+01 2.330219972812241636e-01 -2.936180969938612800e-02 8.860701034544257726e-02 8.478191098842126350e-02
1.626248709715940777e+01 2.454921022361821192e-01 -1.861869258379864750e-02 1.586869359047791139e-01 1.296182515837109028e-01
1.636248709715940919e+01 2.647267403558110077e-01 -3.545380080401646164e-03 2.305878021615688500e-01 1.712426266208789960e-01
1.646248709715941061e+01 2.920784071273663240e-01 1.549965543999387053e-02 3.118066557108025716e-01 2.089731963141039373e-01
1.656248709715941203e+01 3.257333668967760110e-01 3.810358177885982134e-02 3.573402569554886554e-01 2.423203213891486352e-01
1.666248709715941345e+01 3.634130547913479448e-01 6.379405124759070234e-02 3.977695951417123954e-01 2.705831773551193309e-01
1.676248709715941487e+01 4.056095689543800509e-01 9.203103323773134670e-02 4.439183274697914849e-01 2.931826719245246293e-01
1.686248709715941629e+01 4.506392802436142153e-01 1.222303471914353568e-01 4.493535322870746418e-01 3.097606731453288464e-01
1.696248709715941771e+01 4.952239650279571803e-01 1.537633139431679175e-01 4.418313076499343905e-01 3.197491806183291319e-01
1.706248709715941914e+01 5.379077284583249075e-01 1.859419550741044924e-01 4.069333685875869966e-01 3.225845169260112555e-01
1.716248709715942056e+01 5.769016949255191262e-01 2.180225263771581323e-01 3.758130263301440732e-01 3.177048288287178668e-01
1.726248709715942198e+01 6.129861109183863954e-01 2.492170816872543160e-01 3.462845990579332400e-01 3.048594303744373013e-01
1.736248709715942340e+01 6.468397412263372503e-01 2.787335783168866654e-01 3.339726481136016112e-01 2.842101696177506409e-01
1.746248709715942482e+01 6.804911996061629997e-01 3.058219096025598938e-01 3.442184126684404433e-01 2.564649177004358904e-01
1.756248709715942624e+01 7.157158073715758073e-01 3.298334943503438699e-01 3.536931310430734832e-01 2.229355224625971243e-01
1.766248709715942766e+01 7.504241878437257762e-01 3.502669519989410341e-01 3.409175543653328311e-01 1.851393820601399121e-01
1.776248709715942908e+01 7.830800789024762176e-01 3.667664236833938496e-01 3.030237909183886025e-01 1.444863450277769079e-01
1.786248709715943050e+01 8.100771757012409369e-01 3.791077031576651768e-01 2.375012428527935593e-01 1.021274522621153369e-01
1.796248709715943193e+01 8.307313486772979205e-01 3.871641998851856892e-01 1.768233409335564499e-01 5.894029258199783017e-02
1.806248709715943335e+01 8.452898378309114946e-01 3.908995816276419344e-01 1.052028658082403423e-01 1.586448929707284100e-02
1.816248709715943477e+01 8.493268207993346364e-01 3.903642546551180925e-01 -2.737886678109194283e-02 -2.643252487616044172e-02
1.826248709715943619e+01 8.410782524757061118e-01 3.856388166591188660e-01 -1.345057369489641164e-01 -6.793992612772295492e-02
1.836248709715943761e+01 8.218474562872568612e-01 3.768069901924204212e-01 -2.492876976126624233e-01 -1.085360206560058716e-01
1.846248709715943903e+01 7.923485200865244549e-01 3.639657303795517107e-01 -3.372532068954273154e-01 -1.480935605467380012e-01
1.856248709715944045e+01 7.548865898471419644e-01 3.472350867051983148e-01 -4.059943781847060174e-01 -1.862419179694453364e-01
1.866248709715944187e+01 7.124088781072451804e-01 3.267856531165990175e-01 -4.388322241114711586e-01 -2.223258739700812725e-01
1.876248709715944329e+01 6.684577671021034728e-01 3.028735227134993768e-01 -4.341387863191546459e-01 -2.552866181164890058e-01
1.886248709715944472e+01 6.254357366067372359e-01 2.758794359671691843e-01 -4.278450187539685756e-01 -2.837230947623505251e-01
1.896248709715944614e+01 5.839817947638603624e-01 2.463241040819467709e-01 -3.969224356063702497e-01 -3.062953587130810007e-01
1.906248709715944756e+01 5.448919332348232114e-01 2.148600394491988197e-01 -3.917219850951721427e-01 -3.217051075297422402e-01
1.916248709715944898e+01 5.059401921315067607e-01 1.822477117353624998e-01 -3.840392783939743371e-01 -3.291815313745337090e-01
1.926248709715945040e+01 4.677863453942359140e-01 1.493016340607321579e-01 -3.812216686110683206e-01 -3.283376376379976702e-01
1.936248709715945182e+01 4.295723296316463768e-01 1.168579950695834285e-01 -3.833419058725309192e-01 -3.191724590570598208e-01
1.946248709715945324e+01 3.917458793337060263e-01 8.573119050531824437e-02 -3.664722684181803691e-01 -3.020874920291087284e-01
1.956248709715945466e+01 3.571150923288212153e-01 5.668880456471053070e-02 -3.249162977484115755e-01 -2.775522025477947796e-01
1.966248709715945608e+01 3.270113737188458658e-01 3.045400624253742639e-02 -2.779480817523516945e-01 -2.460255089025344954e-01
1.976248709715945751e+01 3.009987153746747079e-01 7.694134781080049640e-03 -2.417924486468187029e-01 -2.082022346565541304e-01
1.986248709715945893e+01 2.793487914308406816e-01 -1.101092300339827704e-02 -1.890171031086882170e-01 -1.651104949343263351e-01
1.996248709715946035e+01 2.636753619667444037e-01 -2.518793679265405802e-02 -1.211028728859135789e-01 -1.178170918463033595e-01
2.006248709715946177e+01 2.545787671038806099e-01 -3.446892969824413844e-02 -6.830760272950689438e-02 -6.737438657737197800e-02
2.016248709715946319e+01 2.499262968777917482e-01 -3.860297001252174093e-02 -1.888023453494078879e-02 -1.513894332422897199e-02
2.026248709715946461e+01 2.511838675956379885e-01 -3.748607172462052606e-02 4.323610071944870153e-02 3.742020381919840960e-02
2.036248709715946603e+01 2.589286622894020895e-01 -3.115210206576245894e-02 1.123497316963089354e-01 8.899101691061822583e-02
2.046248709715946745e+01 2.734966614977510924e-01 -1.976077132494259009e-02 1.827194111977559488e-01 1.383756178768833223e-01
2.056248709715946887e+01 2.963487698781571700e-01 -3.583988422219824832e-03 2.710009239933499625e-01 1.845666546645342299e-01
2.066248709715947030e+01 3.264188200197339351e-01 1.702121240752289821e-02 3.287327136489249790e-01 2.268045111041585016e-01
2.076248709715947172e+01 3.619095733923621272e-01 4.161507623139346079e-02 3.766258053274386675e-01 2.641913939064273187e-01
2.086248709715947314e+01 4.017879554236488682e-01 6.966817202564699885e-02 4.310279603271072735e-01 2.958486461728230266e-01
2.096248709715947456e+01 4.502754066072967576e-01 1.005779426193317699e-01 5.400851128899208931e-01 3.213389199131980734e-01
2.106248709715947598e+01 5.079296186302503235e-01 1.337428756305535649e-01 6.005034550689907213e-01 3.410170153684830008e-01
2.116248709715947740e+01 5.687643579352432699e-01 1.685896556768813614e-01 6.104763733600774289e-01 3.549301358882488433e-01
2.126248709715947882e+01 6.286752563630106927e-01 2.045223245123670708e-01 5.830555645608626048e-01 3.626351630740262677e-01
2.136248709715948024e+01 6.849657196182710184e-01 2.408869568771000447e-01 5.366301372434173489e-01 3.634517755694817720e-01
2.146248709715948166e+01 7.336470056908190873e-01 2.769574995362230063e-01 4.276127729311754999e-01 3.565892305878354818e-01
2.156248709715948308e+01 7.696177014216681878e-01 3.119078475987318022e-01 2.865830726997937727e-01 3.408182105339742085e-01
2.166248709715948451e+01 7.902476654099097608e-01 3.447782308411238006e-01 1.313253730688193344e-01 3.147642965475991317e-01
2.176248709715948593e+01 7.978496219738695494e-01 3.744827102310302469e-01 2.518556544571462497e-02 2.774141877847714488e-01
2.186248709715948735e+01 7.951819253186200864e-01 3.998833328654584074e-01 -7.536433227779000543e-02 2.287460215716980438e-01
2.196248709715948877e+01 7.848587542974438946e-01 4.198768751073962968e-01 -1.194038228471697993e-01 1.694721912208204950e-01
2.206248709715949019e+01 7.723454510930128913e-01 4.334851363069691654e-01 -1.302530522142733571e-01 1.014457409538246230e-01
2.216248709715949161e+01 7.596185362570290200e-01 4.399642827023881320e-01 -1.160166819178245073e-01 2.738821559421870944e-02
2.226248709715949303e+01 7.502401872195132437e-01 4.388730941908523531e-01 -7.078600769278504956e-02 -4.934061124883146188e-02
2.236248709715949445e+01 7.453624966757800285e-01 4.301355708778319964e-01 -2.924892190776361839e-02 -1.248900401857859499e-01
2.246248709715949587e+01 7.430299415207854974e-01 4.140594496186454920e-01 -2.355623928463983219e-02 -1.955348512829299668e-01
2.256248709715949730e+01 7.409064080588517731e-01 3.912959328055125030e-01 -1.518769050984064735e-02 -2.581661167313573646e-01
2.266248709715949872e+01 7.392451110215846333e-01 3.627844892383720321e-01 -2.663619710650518002e-02 -3.100762623055172140e-01
2.276248709715950014e+01 7.342536452338748187e-01 3.297051499876377800e-01 -8.076976771897775853e-02 -3.492889159903899143e-01
2.286248709715950156e+01 7.205678708234540819e-01 2.933779057733453266e-01 -2.045624634081437132e-01 -3.750212226814477745e-01
2.296248709715950298e+01 6.934328803994916912e-01 2.551293627979492329e-01 -3.266981649918152542e-01 -3.879147333249995389e-01
2.306248709715950440e+01 6.572436116750761670e-01 2.161841256505405151e-01 -3.931120573604590662e-01 -3.891218136387825099e-01
2.316248709715950582e+01 6.155580407212164484e-01 1.776625321439545546e-01 -4.331050538637502001e-01 -3.796071143980392915e-01
2.326248709715950724e+01 5.721549433480579427e-01 1.405882193670203728e-01 -4.290547152903784744e-01 -3.603187622078438124e-01
2.336248709715950866e+01 5.316833212383644813e-01 1.058993908126759781e-01 -3.658474026468668816e-01 -3.319962858492023217e-01
2.346248709715951009e+01 5.006931878209822662e-01 7.448062982734809934e-02 -2.565832849849986053e-01 -2.949128643022306817e-01
2.356248709715951151e+01 4.791894282073785316e-01 4.720621954768218498e-02 -1.772705445749806485e-01 -2.491763639326564084e-01
2.366248709715951293e+01 4.640615439244795692e-01 2.490809617456707370e-02 -1.353892912273647053e-01 -1.955860447243830402e-01
2.376248709715951435e+01 4.508440569128820963e-01 8.295407926901691986e-03 -1.274357117391679561e-01 -1.358297745054743710e-01
2.386248709715951577e+01 4.393618739060870526e-01 -2.130262710790758671e-03 -1.002350223269472540e-01 -7.223989495217530976e-02
2.396248709715951719e+01 4.309645124828582752e-01 -6.101874503991895279e-03 -6.739510257674576066e-02 -7.129229650014806685e-03
2.406248709715951861e+01 4.255227189086269735e-01 -3.581643636842817870e-03 -4.384406494410861971e-02 5.721093974826199635e-02
2.416248709715952003e+01 4.222500955572097703e-01 5.235953952579243571e-03 -2.055477877371829007e-02 1.184256129551915782e-01
2.426248709715952145e+01 4.210987576460463733e-01 1.992406331946806539e-02 -4.943549071284790777e-03 1.742603007883113952e-01
2.436248709715952288e+01 4.211182840606718103e-01 3.983792450892256753e-02 4.968038665137846852e-03 2.226008465307107720e-01
2.446248709715952430e+01 4.219032593329679059e-01 6.413112666407716489e-02 1.139565468017320060e-02 2.615585604611634918e-01
2.456248709715952572e+01 4.243292090555588758e-01 9.178625488523416143e-02 4.492965388910841185e-02 2.896440602588763458e-01
2.466248709715952714e+01 4.323386034818715307e-01 1.216746629146562148e-01 1.195855814467714495e-01 3.062080201993976902e-01
2.476248709715952856e+01 4.488471115281894019e-01 1.526554197119889544e-01 2.157900057612979206e-01 3.116234327454997510e-01
2.486248709715952998e+01 4.767796009692181758e-01 1.836672829554808484e-01 3.456645351524386123e-01 3.071094175167830564e-01
2.496248709715953140e+01 5.175141406972125768e-01 2.138134290004402860e-01 4.644475485676038407e-01 2.946832942735656546e-01
2.506248709715953282e+01 5.684546290802655610e-01 2.424144231722627219e-01 5.469028873907666455e-01 2.765625275711403042e-01
2.516248709715953424e+01 6.259703873390585205e-01 2.690017199252278668e-01 6.009913307252600090e-01 2.547079018469315947e-01
2.526248709715953567e+01 6.869324750039542682e-01 2.932879016582245479e-01 6.029769271834019007e-01 2.307874971194509017e-01
2.536248709715953709e+01 7.441331390045975436e-01 3.151243115290055519e-01 5.347092478220389911e-01 2.057872903714557944e-01
2.546248709715953851e+01 7.929064308348136025e-01 3.344133551149937600e-01 4.362444878918150803e-01 1.798142521678892103e-01
2.556248709715953993e+01 8.305638586423418346e-01 3.510440679328614699e-01 3.113042442600885140e-01 1.525381027602226158e-01
2.566248709715954135e+01 8.539636811374017311e-01 3.648552455862875687e-01 1.536502772262658412e-01 1.232752792130809016e-01
2.576248709715954277e+01 8.609912894648481529e-01 3.755991562206178469e-01 -1.558073064314483003e-02 9.101302914137013311e-02
2.586248709715954419e+01 8.509160708157939013e-01 3.829218382162637990e-01 -1.811065475451626161e-01 5.467714144271424576e-02
2.596248709715954561e+01 8.258639804934611028e-01 3.863710232645734544e-01 -3.116654239299465612e-01 1.345710583734928412e-02
2.606248709715954703e+01 7.922291644825022461e-01 3.854476966264532845e-01 -3.386127277336079544e-01 -3.266958330997295906e-02
2.616248709715954845e+01 7.602812823568604328e-01 3.797236726937490148e-01 -2.985150868707664440e-01 -8.216551821244051645e-02
2.626248709715954988e+01 7.334281643089497482e-01 3.689899120141091893e-01 -2.361809546260550674e-01 -1.323872841809760892e-01
2.636248709715955130e+01 7.118414500867569217e-01 3.533204186699296367e-01 -1.999226198254454301e-01 -1.804036695872399676e-01
2.646248709715955272e+01 6.947172992900707555e-01 3.330704036560088177e-01 -1.342628373570199374e-01 -2.235701043908264463e-01
2.656248709715955414e+01 6.853124056574707579e-01 3.088592050763985797e-01 -5.427957591475013333e-02 -2.591591071467831964e-01
2.666248709715955556e+01 6.828962820050148430e-01 2.815789324482695921e-01 -9.378362661237225895e-03 -2.845663605493329862e-01
2.676248709715955698e+01 6.802725390262153171e-01 2.523402894510691774e-01 -4.985729573044520024e-02 -2.982042127608600657e-01
2.686248709715955840e+01 6.719213265185560724e-01 2.223328763036000466e-01 -1.269423849902346357e-01 -3.000296837124182825e-01
2.696248709715955982e+01 6.540621586283759115e-01 1.926933053337270829e-01 -2.234521902159541662e-01 -2.911124992500371267e-01
2.706248709715956124e+01 6.279657295024624331e-01 1.644114009085693717e-01 -3.055785004488884016e-01 -2.731682472490143954e-01
2.716248709715956267e+01 5.915595679545977426e-01 1.382931728478875855e-01 -4.210913730701357771e-01 -2.482477792276942263e-01
2.726248709715956409e+01 5.451522674841322580e-01 1.149066224142823167e-01 -4.990383726175761092e-01 -2.189698333091933402e-01
2.736248709715956551e+01 4.933877438659435843e-01 9.456561508178074060e-02 -5.273350636071622022e-01 -1.876792602685628530e-01
2.746248709715956693e+01 4.412894528138301409e-01 7.738004431058681520e-02 -5.086433526149668483e-01 -1.560882239888082834e-01
2.756248709715956835e+01 3.928356688224756144e-01 6.332187461823601815e-02 -4.524352540949251877e-01 -1.252618845325188246e-01
2.766248709715956977e+01 3.524071006918745308e-01 5.228634222406897125e-02 -3.513927509112282355e-01 -9.565060850891110578e-02
2.776248709715957119e+01 3.232967917808430847e-01 4.415715971653024624e-02 -2.248210464522517049e-01 -6.706477572839657231e-02
2.786248709715957261e+01 3.080359591241244588e-01 3.886014321685227896e-02 -8.625783005251819180e-02 -3.886781965934502786e-02
2.796248709715957403e+01 3.040565099195624010e-01 3.639502750649842300e-02 -9.240340968737215110e-05 -1.035670347076454723e-02
2.806248709715957546e+01 3.076607055605314889e-01 3.680261631347683110e-02 7.336283181686163724e-02 1.856414437905547221e-02
2.816248709715957688e+01 3.193652907029803090e-01 4.011720951385016470e-02 1.639591602210824783e-01 4.777451724202580463e-02
2.826248709715957830e+01 3.402685073527659809e-01 4.636896980542060814e-02 2.499361424025804135e-01 7.732477947081022041e-02
2.836248709715957972e+01 3.686162324230815024e-01 5.559291422822590367e-02 3.131822035932166903e-01 1.071867287041940592e-01
2.846248709715958114e+01 4.016209007237783735e-01 6.780479874195814716e-02 3.389712654179237172e-01 1.369844818669929687e-01
2.856248709715958256e+01 4.351388693192365098e-01 8.295834626871695372e-02 3.267098386088308493e-01 1.658216233458164324e-01
2.866248709715958398e+01 4.658829277843438699e-01 1.008910073289147197e-01 2.818772271020239528e-01 1.923027569082075006e-01
2.876248709715958540e+01 4.910950492585477445e-01 1.212820715809984629e-01 2.268859943897231224e-01 2.146794932939609379e-01
2.886248709715958682e+01 5.121226509836956930e-01 1.436336249512259466e-01 1.918202520243713627e-01 2.312774889207531437e-01
2.896248709715958825e+01 5.286652467775820874e-01 1.673027686011619442e-01 1.385244986705020387e-01 2.408297715265889927e-01
2.906248709715958967e+01 5.400787244495914852e-01 1.915268389998691922e-01 9.049549870991510647e-02 2.422149755189509923e-01
2.916248709715959109e+01 5.475919968228467605e-01 2.154487762419629582e-01 6.786505231746392530e-02 2.347153376665714886e-01
2.926248709715959251e+01 5.546797473114420951e-01 2.381736054579328410e-01 7.535200305124788167e-02 2.183533520101489933e-01
2.936248709715959393e+01 5.635885302351056891e-01 2.588503292397493216e-01 1.106913118484093017e-01 1.939431487285168121e-01
2.946248709715959535e+01 5.774637512147413609e-01 2.767451376204087543e-01 1.637420189551508365e-01 1.630376339077079795e-01
2.956248709715959677e+01 5.953703415318271075e-01 2.913087420869336364e-01 1.896280744123796103e-01 1.276513324775613301e-01
2.966248709715959819e+01 6.145843885607684687e-01 3.021885579418245316e-01 1.922914113912189416e-01 8.965212552130591428e-02
2.976248709715959961e+01 6.333542534560457904e-01 3.092073263633615121e-01 1.776363536094067719e-01 5.069209246067365310e-02
2.986248709715960103e+01 6.485939889063039310e-01 3.123415881211503708e-01 1.223131883866430125e-01 1.214814975512363421e-02
2.996248709715960246e+01 6.580247058805100968e-01 3.116802333431856753e-01 6.965688239902276258e-02 -2.509566991756398413e-02
3.006248709715960388e+01 6.623533989721545057e-01 3.073924141407947119e-01 1.255666394024103349e-02 -6.024687660397941291e-02
3.016248709715960530e+01 6.605412477885524991e-01 2.997225030064106233e-01 -4.134522770917611195e-02 -9.265146470767127163e-02
3.026248709715960672e+01 6.557339704736967478e-01 2.889750627358835255e-01 -5.245300138165601839e-02 -1.216494086096106542e-01
3.036248709715960814e+01 6.496012730139185676e-01 2.755392216702503005e-01 -7.214902097902517464e-02 -1.462623894495686527e-01
3.046248709715960956e+01 6.406935250799173920e-01 2.598939868606703341e-01 -1.128100183571911497e-01 -1.657495512156660633e-01
3.056248709715961098e+01 6.259990161967208255e-01 2.425674326241893664e-01 -1.819348550181590363e-01 -1.799152148188694345e-01
3.066248709715961240e+01 6.040887476445582216e-01 2.240758599488451019e-01 -2.558924046747623193e-01 -1.891433289792796291e-01
3.076248709715961382e+01 5.769949913740337610e-01 2.048828775405557856e-01 -2.708756865307797579e-01 -1.940221489340160643e-01
3.086248709715961525e+01 5.499204967661645016e-01 1.854138264394346314e-01 -2.794678924891066951e-01 -1.946370576245916306e-01
3.096248709715961667e+01 5.218842192641222066e-01 1.660949826599711077e-01 -2.702338769135065877e-01 -1.910591889448539082e-01
3.106248709715961809e+01 4.955980811942408137e-01 1.473400799933210492e-01 -2.625086494098045065e-01 -1.833501397947223943e-01
3.116248709715961951e+01 4.697127480910918140e-01 1.295563008060045818e-01 -2.527379458751473074e-01 -1.717002952258760984e-01
3.126248709715962093e+01 4.442677364137628260e-01 1.131183012125940579e-01 -2.566855116214559196e-01 -1.565189368393772040e-01
3.136248709715962235e+01 4.193936905804766524e-01 9.834915862431944933e-02 -2.399400218611729974e-01 -1.384272553401517669e-01
3.146248709715962377e+01 3.957343858562836214e-01 8.551052612700052458e-02 -2.325016182103895046e-01 -1.180167763470891251e-01
3.156248709715962519e+01 3.731250546184807781e-01 7.479902340637500924e-02 -2.206806200390278860e-01 -9.600854946562749348e-02
3.166248709715962661e+01 3.520578661444499491e-01 6.633687503904264759e-02 -1.958077006011943455e-01 -7.315270850452727791e-02
3.176248709715962804e+01 3.344618566756465960e-01 6.017652883445996637e-02 -1.531024887562603132e-01 -5.004893693757660883e-02
3.186248709715962946e+01 3.220945462097556389e-01 5.632378634162653330e-02 -9.646933971946601571e-02 -2.703475067386098413e-02
3.196248709715963088e+01 3.149397180875374014e-01 5.476017323109472895e-02 -3.793167607259671781e-02 -4.304809764958707208e-03
3.206248709715963230e+01 3.160785831477763153e-01 5.545193441125477463e-02 5.618338099218481152e-02 1.812067075155131615e-02
3.216248709715963372e+01 3.247717739866364806e-01 5.838450541532266835e-02 1.169637250766701886e-01 4.053225013214552253e-02
3.226248709715963514e+01 3.390339321164334563e-01 6.355715472359832474e-02 1.612543964893299597e-01 6.290043719467583450e-02
3.236248709715963656e+01 3.563208843074831544e-01 7.095265983000151322e-02 1.848728286141787802e-01 8.490177178093499810e-02
3.246248709715963798e+01 3.758248208637681720e-01 8.050626800742781419e-02 2.058987274855889060e-01 1.059644521534440081e-01
3.256248709715963940e+01 3.982066869492934535e-01 9.209584340511674239e-02 2.414266464304267723e-01 1.255482035750807024e-01
3.266248709715964083e+01 4.232262767665881387e-01 1.055543294728490816e-01 2.581657443638803451e-01 1.432742807884465619e-01
3.276248709715964225e+01 4.504577102250871823e-01 1.206737349589186298e-01 2.865670699045308467e-01 1.587037252349207672e-01
3.286248709715964367e+01 4.795060851112839528e-01 1.372087414038868913e-01 2.880428183468289327e-01 1.715313266998379771e-01
3.296248709715964509e+01 5.078146084375997349e-01 1.548767111045737388e-01 2.838396940548438829e-01 1.812620343050131422e-01
3.306248709715964651e+01 5.373031602754936298e-01 1.733437579156485719e-01 3.026189339155692104e-01 1.874898812178361629e-01
3.316248709715964793e+01 5.668006724027613297e-01 1.922553355685194254e-01 2.839227037869899717e-01 1.901200062889035480e-01
3.326248709715964935e+01 5.940172375027235052e-01 2.112370074341637372e-01 2.568836960219843535e-01 1.888321092259614142e-01
3.336248709715965077e+01 6.169985919027953791e-01 2.298787056853172084e-01 1.978917045310054634e-01 1.832413814218706860e-01
3.346248709715965219e+01 6.329476556291746547e-01 2.477219285251938408e-01 1.206723155444674317e-01 1.727478681609254940e-01
3.356248709715965362e+01 6.419430300222090935e-01 2.642438338874661952e-01 6.502367304273357074e-02 1.567407380304033371e-01
3.366248709715965504e+01 6.469138014090596300e-01 2.788819424854937501e-01 3.944561471549755394e-02 1.351109929554320244e-01
3.376248709715965646e+01 6.504350659677614610e-01 2.910964115070230340e-01 2.934067246257721084e-02 1.084079916381017195e-01
3.386248709715965788e+01 6.523749571122530178e-01 3.004259334383746483e-01 1.004801673038243498e-02 7.757690508029892185e-02
3.396248709715965930e+01 6.524979072607145492e-01 3.065088365396142489e-01 -8.154314864862542006e-03 4.366228443700085476e-02
3.406248709715966072e+01 6.511630768624512289e-01 3.090948307486347524e-01 -1.544742152820817449e-02 7.849939554385572393e-03
3.416248709715966214e+01 6.494241395810173012e-01 3.080619571555596736e-01 -1.992132513652612041e-02 -2.846779926938403787e-02
3.426248709715966356e+01 6.470746076321817197e-01 3.034334051569679280e-01 -3.159908960490939722e-02 -6.382440625603601203e-02
3.436248709715966498e+01 6.422285764742386993e-01 2.953721415724178123e-01 -6.156790498957172286e-02 -9.694406736736914387e-02
3.446248709715966640e+01 6.361179113530892604e-01 2.841539518035242629e-01 -6.205318755252591661e-02 -1.267683281182636068e-01
3.456248709715966783e+01 6.285667693130508882e-01 2.701669240612219469e-01 -8.893710725999370847e-02 -1.521633277804565199e-01
3.466248709715966925e+01 6.193874294743471065e-01 2.538943887950991796e-01 -9.255245729480895966e-02 -1.723569797458850139e-01
3.476248709715967067e+01 6.098447511057969450e-01 2.358939891179232806e-01 -9.848186969838194915e-02 -1.866085570692532225e-01
3.486248709715967209e+01 5.995137000002269678e-01 2.167881082778561619e-01 -1.100261328141152878e-01 -1.944087935882784224e-01
3.496248709715967351e+01 5.878766771939041291e-01 1.972329013366135864e-01 -1.229765573095387282e-01 -1.955975539884435288e-01
3.506248709715967493e+01 5.743664142759734581e-01 1.778836604220127848e-01 -1.460135875432173880e-01 -1.903513571643567492e-01
3.516248709715967635e+01 5.601968083374632146e-01 1.593609389263796750e-01 -1.332777719033157449e-01 -1.791421415965341324e-01
3.526248709715967777e+01 5.468430059041206048e-01 1.422416172482955099e-01 -1.364646161324869211e-01 -1.623624892755232418e-01
3.536248709715967919e+01 5.337729972802989220e-01 1.270510333316244855e-01 -1.222472169901860223e-01 -1.406988305279646412e-01
3.546248709715968062e+01 5.214874821777324421e-01 1.142390569625526542e-01 -1.290911571882267794e-01 -1.149387783060975693e-01
3.556248709715968204e+01 5.077936800018548746e-01 1.041611668842525457e-01 -1.423481508185880096e-01 -8.624775426297978664e-02
3.566248709715968346e+01 4.932269184787514971e-01 9.704089603631702032e-02 -1.514490518153304155e-01 -5.601487151672115972e-02
3.576248709715968488e+01 4.769831167931282145e-01 9.296177743304803731e-02 -1.715552296544090860e-01 -2.568183923755858536e-02
3.586248709715968630e+01 4.599013458598041337e-01 9.185715754019678492e-02 -1.661617287471459647e-01 3.246362254182431212e-03
3.596248709715968772e+01 4.447405021180693696e-01 9.352584265854710366e-02 -1.293417315955534275e-01 2.963620131076556002e-02
3.606248709715968914e+01 4.347431917972488513e-01 9.768024836300220892e-02 -7.246613548971836405e-02 5.291554367333882458e-02
3.616248709715969056e+01 4.307572816754606237e-01 1.039994875151203368e-01 5.776850674532318930e-04 7.292383969640559016e-02
3.626248709715969198e+01 4.351335989709185781e-01 1.121630490410348846e-01 7.970131099513044770e-02 8.988017867475413258e-02
3.636248709715969341e+01 4.451859828708587541e-01 1.218862582875235301e-01 1.158291780498207357e-01 1.041411301021770153e-01
3.646248709715969483e+01 4.575958171351658943e-01 1.328996971129647042e-01 1.323098668066078343e-01 1.156488968370466552e-01
3.656248709715969625e+01 4.716521686523364454e-01 1.449169599281365517e-01 1.447017170096987215e-01 1.241883170658256846e-01
3.666248709715969767e+01 4.856718633201780877e-01 1.576313293106679503e-01 1.355452068673127508e-01 1.295390838401548339e-01
3.676248709715969909e+01 4.988237489922791035e-01 1.707077008296226384e-01 1.261667293217975938e-01 1.313834060674693160e-01
3.686248709715970051e+01 5.115446327942360094e-01 1.837843394044519907e-01 1.374076098316927563e-01 1.295328322927466191e-01
3.696248709715970193e+01 5.279457715075950297e-01 1.965001252443527024e-01 1.960507410564145403e-01 1.242860839856253924e-01
3.706248709715970335e+01 5.516264074275267770e-01 2.085631449954966077e-01 2.780931136281833416e-01 1.167026405599736749e-01
3.716248709715970477e+01 5.825080583154624847e-01 2.198110055584744926e-01 3.330244024627684318e-01 1.082154274052252452e-01
3.726248709715970620e+01 6.169232781910674035e-01 2.302146719502700944e-01 3.437802229756475869e-01 9.996222804930701700e-02
3.736248709715970762e+01 6.485736680471037019e-01 2.398265946759644829e-01 2.815043585240164514e-01 9.236393198362645440e-02
3.746248709715970904e+01 6.724730079760177226e-01 2.486924087939623162e-01 1.893886425537439355e-01 8.490311933039462744e-02
3.756248709715971046e+01 6.849419060451253927e-01 2.567768648240658091e-01 5.950784401879349872e-02 7.651140874018101667e-02
3.766248709715971188e+01 6.851246060078013400e-01 2.639154526563983194e-01 -5.544784194133782484e-02 6.575643317794253873e-02
3.776248709715971330e+01 6.734567431940350346e-01 2.698076121783060666e-01 -1.766539887408019038e-01 5.138424862209273886e-02
3.786248709715971472e+01 6.506693709092910005e-01 2.740348866535238792e-01 -2.745125837138185920e-01 3.230884794033882235e-02
3.796248709715971614e+01 6.196823521520419265e-01 2.760922416198899332e-01 -3.369698505699022517e-01 7.942941960690511755e-03
3.806248709715971756e+01 5.851599482444453937e-01 2.754519225901372881e-01 -3.448328279744405367e-01 -2.153533087421520900e-02
3.816248709715971899e+01 5.521068757556490958e-01 2.716516819082097078e-01 -3.088169373704792720e-01 -5.499267889522721497e-02
3.826248709715972041e+01 5.258410593344994277e-01 2.643859927885054417e-01 -2.023524204644090441e-01 -9.043313771479657981e-02
3.836248709715972183e+01 5.122835293677919788e-01 2.535984207459544559e-01 -7.826118511643910536e-02 -1.248662228811544539e-01
3.846248709715972325e+01 5.081568863024482630e-01 2.395517977081275673e-01 -1.073994751805383563e-02 -1.551619020603738075e-01
3.856248709715972467e+01 5.090604099615456679e-01 2.227803084967764913e-01 2.579566580565028494e-02 -1.790533359640244515e-01
3.866248709715972609e+01 5.136753217011307271e-01 2.040073518411907594e-01 6.850767716049346867e-02 -1.949635199016102050e-01
3.876248709715972751e+01 5.222419590216164087e-01 1.840956585565813874e-01 9.865508980371368031e-02 -2.016531080766003625e-01
3.886248709715972893e+01 5.320817993416774305e-01 1.640075812537857558e-01 8.495081620405581235e-02 -1.984506187274419631e-01
3.896248709715973035e+01 5.363648292817903007e-01 1.447225742659973835e-01 -8.262798198103646352e-03 -1.857913414337845903e-01
3.906248709715973177e+01 5.294311817003708454e-01 1.271040316065157327e-01 -1.340723296682308496e-01 -1.655154078290826392e-01
3.916248709715973320e+01 5.094012480420280209e-01 1.117849996818040814e-01 -2.649834051405469681e-01 -1.402835363223777776e-01
3.926248709715973462e+01 4.768562514621625392e-01 9.911434796422322058e-02 -3.801064065697385974e-01 -1.130379065478643308e-01
3.936248709715973604e+01 4.356419084578083689e-01 8.915244382594586514e-02 -4.309614038923850199e-01 -8.650762668931698263e-02
3.946248709715973746e+01 3.934123133547166029e-01 8.172720597489313565e-02 -3.988394490991881702e-01 -6.250308395773994385e-02
3.956248709715973888e+01 3.577805632650302159e-01 7.654843529593080564e-02 -3.106301781071175161e-01 -4.156928063365925019e-02
3.966248709715974030e+01 3.325490203732795469e-01 7.332307891643277675e-02 -1.834146264732756659e-01 -2.332077282837986473e-02
3.976248709715974172e+01 3.219998156955520274e-01 7.183020806316856022e-02 -3.101157153117309329e-02 -6.680100460129373419e-03
3.986248709715974314e+01 3.253927219582342101e-01 7.198161589049027753e-02 9.477212850418956225e-02 9.784426111052232228e-03
3.996248709715974456e+01 3.406729257249337950e-01 7.381939615014435074e-02 2.134837014081761297e-01 2.721343080675661663e-02
4.006248709715974599e+01 3.678562104384995313e-01 7.748959226290720592e-02 3.191481101270778886e-01 4.659425162577186807e-02
4.016248709715974741e+01 4.017341475730525913e-01 8.322432362229417735e-02 3.494481413738868003e-01 6.851442268918327139e-02
4.026248709715974883e+01 4.369583334783866957e-01 9.126324126150756055e-02 3.536090952757403039e-01 9.254394846784066986e-02
4.036248709715975025e+01 4.722861170115700280e-01 1.017723376866286888e-01 3.496797487668895643e-01 1.177457217908205733e-01
4.046248709715975167e+01 5.053761304544811539e-01 1.148128145020549107e-01 3.034763054578859531e-01 1.429378594159776972e-01
4.056248709715975309e+01 5.319836559746498050e-01 1.303024915614444668e-01 2.289302778560572960e-01 1.663962257278038814e-01
4.066248709715975451e+01 5.519336352903779774e-01 1.479672632171220581e-01 1.707487576706813170e-01 1.861264858204884354e-01
4.076248709715975593e+01 5.645967359704714417e-01 1.673452655548359203e-01 7.490017370309730305e-02 2.003656052062147142e-01
4.086248709715975735e+01 5.672418237242956573e-01 1.877931858370551488e-01 -1.730651243927437688e-02 2.072047616438519313e-01
4.096248709715975878e+01 5.613685287592429241e-01 2.084851639279535207e-01 -9.792349359077512361e-02 2.050274154234367485e-01
4.106248709715976020e+01 5.485096637534873087e-01 2.284630359254236909e-01 -1.559847792132555977e-01 1.928076287230735819e-01
4.116248709715976162e+01 5.319251308983802273e-01 2.467015590701777672e-01 -1.581921604821755201e-01 1.702745679876182527e-01
4.126248709715976304e+01 5.198216862400955041e-01 2.622060515457007024e-01 -7.692727588092701518e-02 1.384394131437825248e-01
4.136248709715976446e+01 5.177868208764017099e-01 2.741612610437338948e-01 4.126862396677344336e-02 9.978658063875511797e-02
4.146248709715976588e+01 5.274940287199123556e-01 2.820456434507241927e-01 1.468891806894614405e-01 5.759819240529182038e-02
4.156248709715976730e+01 5.466503885732696411e-01 2.856736351141867525e-01 2.314941802326151432e-01 1.518564215088107766e-02
4.166248709715976872e+01 5.720926337310603405e-01 2.851744366497652727e-01 2.722576995341446371e-01 -2.450512276210726342e-02
4.176248709715977014e+01 6.006500825867155946e-01 2.809404881844010937e-01 2.933563792953811644e-01 -5.917262174157560117e-02
4.186248709715977157e+01 6.295251793791736272e-01 2.735653647875709860e-01 2.801698301395101898e-01 -8.710378319114805978e-02
4.196248709715977299e+01 6.551726552605190435e-01 2.637772464089160884e-01 2.221999953729386634e-01 -1.073424252772893495e-01
4.206248709715977441e+01 6.731016896806986116e-01 2.523544810501291979e-01 1.364815658658913300e-01 -1.198755121035393612e-01
4.216248709715977583e+01 6.813992649466495966e-01 2.400352351071575741e-01 2.094634827660273035e-02 -1.254422000912239765e-01
4.226248709715977725e+01 6.766460698305188926e-01 2.274508185909328295e-01 -1.142278703099982445e-01 -1.254818447012829019e-01
4.236248709715977867e+01 6.595710442359956627e-01 2.150595144327821784e-01 -2.187694882167020849e-01 -1.218926274859187947e-01
4.246248709715978009e+01 6.338266641990386585e-01 2.031378441480865549e-01 -2.998696559194092282e-01 -1.163275380771999767e-01
4.256248709715978151e+01 5.987480974548332613e-01 1.918108160325969758e-01 -3.997481162341007255e-01 -1.102708632760592278e-01
4.266248709715978293e+01 5.548643582620180759e-01 1.810454080221310658e-01 -4.735674213401766530e-01 -1.053463171192162706e-01
4.276248709715978435e+01 5.056283509135679477e-01 1.706614992809527276e-01 -4.973024981726395510e-01 -1.027965958181106670e-01
4.286248709715978578e+01 4.578707823126417775e-01 1.603927784031196069e-01 -4.518491618521449094e-01 -1.030075102681311805e-01
4.296248709715978720e+01 4.163302225905261000e-01 1.499882981986802588e-01 -3.684995417152571728e-01 -1.053503489001933885e-01
4.306248709715978862e+01 3.866121319930903577e-01 1.392965730556040282e-01 -2.181688193091933792e-01 -1.084409536990491862e-01
4.316248709715979004e+01 3.730961858499566297e-01 1.283497299571170758e-01 -5.396583027564924584e-02 -1.100397013907979948e-01
4.326248709715979146e+01 3.743682803244404722e-01 1.174181388011377031e-01 6.810025897618064705e-02 -1.077796357914928838e-01
4.336248709715979288e+01 3.854458204971631385e-01 1.069783067858022241e-01 1.532644750298319813e-01 -1.000091249860373260e-01
4.346248709715979430e+01 4.045499127423944907e-01 9.763116375035568728e-02 2.238813543237116455e-01 -8.580902636931245220e-02
4.356248709715979572e+01 4.304754084985632501e-01 9.004553243918582417e-02 2.992331438407934696e-01 -6.474319815157977831e-02
4.366248709715979714e+01 4.626345518845900173e-01 8.491642546250191548e-02 3.228684358151242551e-01 -3.669752593711290978e-02
4.376248709715979857e+01 4.926742677754107902e-01 8.290987417341819099e-02 2.802986747510133880e-01 -2.576918813583892187e-03
4.386248709715979999e+01 5.189288633165489717e-01 8.453817270511312931e-02 2.370388064131652983e-01 3.565389346452962210e-02
4.396248709715980141e+01 5.381415527829521706e-01 9.010066562376750632e-02 1.404670965806879279e-01 7.565446186499952264e-02
4.406248709715980283e+01 5.463133577301378940e-01 9.962661208509748789e-02 2.428928924770225317e-02 1.143732960987569186e-01
4.416248709715980425e+01 5.443098473410088456e-01 1.128242018930412649e-01 -5.844856048256165393e-02 1.485834372315447682e-01
4.426248709715980567e+01 5.347921543092744034e-01 1.291036027663761965e-01 -1.305532386489590690e-01 1.756142792923177931e-01
4.436248709715980709e+01 5.195502779012221017e-01 1.476361684985054712e-01 -1.659613624575187185e-01 1.933514022589861714e-01
4.446248709715980851e+01 5.031297519299724463e-01 1.674219217551952410e-01 -1.523120316343416214e-01 2.005663238659476932e-01
4.456248709715980993e+01 4.913292607257234712e-01 1.873958182704387188e-01 -7.625175268065947920e-02 1.972197955118696611e-01
4.466248709715981136e+01 4.884453098212683808e-01 2.065532874230869842e-01 1.959642544516544682e-02 1.845164086934761305e-01
4.476248709715981278e+01 4.953540633031792151e-01 2.240508635969370999e-01 1.188087916714305470e-01 1.643783469417650078e-01
4.486248709715981420e+01 5.122038235526996663e-01 2.392572708285793659e-01 2.153337975604385224e-01 1.390969605355696082e-01
4.496248709715981562e+01 5.368500170670127414e-01 2.517793865164638656e-01 2.690110115049031969e-01 1.110706990731355065e-01
4.506248709715981704e+01 5.653896341378406021e-01 2.614463532170160365e-01 3.008489838541336114e-01 8.228584033373703699e-02
4.516248709715981846e+01 5.954141895468776369e-01 2.682663267572445998e-01 2.859555504619958888e-01 5.436887245893096826e-02
4.526248709715981988e+01 6.211163776001035197e-01 2.723812201209208639e-01 2.305920869001787943e-01 2.826266115640957075e-02
4.536248709715982130e+01 6.424536061935699482e-01 2.739918671222137392e-01 1.974640492483297483e-01 4.356588357110793841e-03
4.546248709715982272e+01 6.604655057941134499e-01 2.733422791750384495e-01 1.615964458747074783e-01 -1.686339884717451623e-02
4.556248709715982415e+01 6.741074692415508496e-01 2.707208661422154661e-01 1.062835382310287902e-01 -3.504720276808910573e-02
4.566248709715982557e+01 6.810283489218605935e-01 2.664329576481978545e-01 3.044371772809473242e-02 -5.024136913683310834e-02
4.576248709715982699e+01 6.802511957245555019e-01 2.607577797794175534e-01 -4.363594393187956999e-02 -6.288269831540094223e-02
4.586248709715982841e+01 6.722594344939601951e-01 2.539236033041212259e-01 -1.207267084457552264e-01 -7.351261720525910370e-02
4.596248709715982983e+01 6.557668468266952821e-01 2.460995764656249418e-01 -2.048503201985813482e-01 -8.281919117492685112e-02
4.606248709715983125e+01 6.322163409147112390e-01 2.373777515283640449e-01 -2.623234266280461968e-01 -9.157381548389151305e-02
4.616248709715983267e+01 6.049885744375800289e-01 2.277883157678757819e-01 -2.711334151078456656e-01 -1.001988514090842025e-01
4.626248709715983409e+01 5.791690133967043463e-01 2.173495481238466032e-01 -2.430047205035519853e-01 -1.084612761409474990e-01
4.636248709715983551e+01 5.569343841028127073e-01 2.061326875710241535e-01 -2.011657664789377464e-01 -1.156184169539346135e-01
4.646248709715983694e+01 5.386415441254257530e-01 1.942919236863638599e-01 -1.633725094747344175e-01 -1.208006881842080826e-01
4.656248709715983836e+01 5.250573019969352329e-01 1.820651124906197404e-01 -1.051582261857743616e-01 -1.231980610510581969e-01
4.666248709715983978e+01 5.179993371303256433e-01 1.697760608328262033e-01 -3.590725149247013526e-02 -1.218827897222361928e-01
4.676248709715984120e+01 5.168791671936857623e-01 1.578425724728395596e-01 4.601296588415647315e-03 -1.159684235671042674e-01
4.686248709715984262e+01 5.167692346728175457e-01 1.467459961221173614e-01 -1.933159142921831580e-02 -1.051832352004530013e-01
4.696248709715984404e+01 5.118543293183822618e-01 1.369424032671011648e-01 -7.187182347982357111e-02 -9.032458447729777018e-02
4.706248709715984546e+01 5.044635704435626034e-01 1.287742177530598608e-01 -7.294257644301611887e-02 -7.264649892853924928e-02
4.716248709715984688e+01 4.969073550745223833e-01 1.224788874010572931e-01 -8.027898592836879565e-02 -5.300359700688565823e-02
4.726248709715984830e+01 4.874629444445420234e-01 1.182074020762095001e-01 -1.127854815339016659e-01 -3.235869320289953832e-02
4.736248709715984972e+01 4.749597562336595469e-01 1.159975005243405466e-01 -1.339030177026530599e-01 -1.199365936753553352e-02
4.746248709715985115e+01 4.599112558293251274e-01 1.157588928400151013e-01 -1.684665479680996225e-01 6.868321715975789221e-03
4.756248709715985257e+01 4.429392832435106175e-01 1.172805473276165994e-01 -1.629637899534923939e-01 2.304050726530801688e-02
4.766248709715985399e+01 4.276891186932760824e-01 1.202554687344534190e-01 -1.371921835110537780e-01 3.587628773716274727e-02
4.776248709715985541e+01 4.173605061517331460e-01 1.243407186301322687e-01 -6.519001265109382326e-02 4.529127417292800467e-02
4.786248709715985683e+01 4.141586584786620118e-01 1.292184370534911197e-01 6.390940149851587204e-05 5.184420282769135885e-02
4.796248709715985825e+01 4.181044675006795885e-01 1.346378151433742232e-01 8.297770225497799745e-02 5.625915969019135154e-02
4.806248709715985967e+01 4.309840499550277038e-01 1.404321402308273403e-01 1.748649095796805109e-01 5.953507733852827360e-02
4.816248709715986109e+01 4.535462602864877013e-01 1.465468249225166941e-01 2.782108122056976551e-01 6.287786112410541361e-02
4.826248709715986251e+01 4.855075782863528255e-01 1.530536268796083843e-01 3.491263269757061138e-01 6.757919147258284465e-02
4.836248709715986394e+01 5.216595224764014604e-01 1.601349374001074521e-01 3.720564372620787097e-01 7.442235603223085194e-02
4.846248709715986536e+01 5.602308543901828308e-01 1.680131851737851345e-01 3.990835226635768285e-01 8.351936885413896450e-02
4.856248709715986678e+01 5.994095429292832788e-01 1.769120127992867553e-01 3.653499110976745623e-01 9.477812084302690565e-02
4.866248709715986820e+01 6.306540493167648309e-01 1.870081542946213093e-01 2.575689877736328515e-01 1.071788967562175704e-01
4.876248709715986962e+01 6.507503754092516246e-01 1.983194092451645019e-01 1.382705437388024872e-01 1.187260760613226829e-01
4.886248709715987104e+01 6.572566075891682624e-01 2.106500257036219570e-01 -7.635310182529220224e-03 1.271623169384044072e-01
4.896248709715987246e+01 6.503556103766358065e-01 2.235681839951688399e-01 -1.214024038518462523e-01 1.301120506001188781e-01
4.906248709715987388e+01 6.347016972460606254e-01 2.364310081176604350e-01 -1.852517748223893590e-01 1.258533499247895537e-01
4.916248709715987530e+01 6.147437059663679593e-01 2.484731933414083549e-01 -2.049114043483340475e-01 1.136566239611085105e-01
4.926248709715987673e+01 5.952651514256785958e-01 2.589053371923869529e-01 -1.757680170375899853e-01 9.378320387925676016e-02
4.936248709715987815e+01 5.825578908353266083e-01 2.670171891693017829e-01 -6.396556942364288456e-02 6.758268021235534773e-02
4.946248709715987957e+01 5.833796074741059989e-01 2.722993843647658618e-01 8.033784070866230309e-02 3.772473099837056476e-02
4.956248709715988099e+01 5.985125471125662955e-01 2.745510449446619816e-01 2.148535573091845952e-01 7.533227888690999241e-03
4.966248709715988241e+01 6.240210263167959015e-01 2.738998279654789036e-01 2.883909268953090965e-01 -1.988139036227751580e-02
4.976248709715988383e+01 6.551081610874376349e-01 2.707431858248027789e-01 3.229086877130243893e-01 -4.226578753183990456e-02
4.986248709715988525e+01 6.866234031494361512e-01 2.656614556893264201e-01 3.019132217079887326e-01 -5.824369073270678487e-02
4.996248709715988667e+01 7.142884665164633828e-01 2.593214315655344993e-01 2.447166791364736027e-01 -6.743904675740289290e-02
5.006248709715988809e+01 7.343396293385472395e-01 2.523853516094403115e-01 1.449301835412769024e-01 -7.031036267698190234e-02
5.016248709715988952e+01 7.403008669569012268e-01 2.454241791657636451e-01 -3.249046765853330632e-02 -6.828686860888460997e-02
5.026248709715989094e+01 7.285638706309267576e-01 2.388068836426915642e-01 -1.977986139232146279e-01 -6.388856010240789862e-02
5.036248709715989236e+01 7.013650806963876994e-01 2.326391969399413673e-01 -3.388940223486884840e-01 -5.969973909086113972e-02
5.046248709715989378e+01 6.628838440220269357e-01 2.267874665278714341e-01 -4.192726810089751899e-01 -5.786141796423195649e-02
5.056248709715989520e+01 6.201459036813162795e-01 2.209474477460659503e-01 -4.232460332137815140e-01 -5.956438962596014020e-02
5.066248709715989662e+01 5.800550603152949680e-01 2.147558205154322941e-01 -3.681710332548533970e-01 -6.479945015053821533e-02
5.076248709715989804e+01 5.487360354472838875e-01 2.079041712878778037e-01 -2.524165585470895534e-01 -7.250053940523831786e-02
5.086248709715989946e+01 5.299719202831523202e-01 2.002379888481101156e-01 -1.207974653187159630e-01 -8.072695222008380300e-02
5.096248709715990088e+01 5.241830127546130980e-01 1.918157143747159232e-01 -9.358656601447801204e-04 -8.725337475071857918e-02
5.106248709715990231e+01 5.293035742411402733e-01 1.829108967028083010e-01 1.015110998937138465e-01 -9.008371049576592571e-02
5.116248709715990373e+01 5.425735954717604281e-01 1.739742320850477530e-01 1.523199870155681757e-01 -8.769170800112227604e-02
5.126248709715990515e+01 5.583934525864848730e-01 1.655687262754007016e-01 1.546666261791669050e-01 -7.944203968394371318e-02
5.136248709715990657e+01 5.707059150321249774e-01 1.582690548894109539e-01 8.380306049676410074e-02 -6.574354365379486698e-02
5.146248709715990799e+01 5.757109331811053332e-01 1.525519711205343132e-01 2.068249203418556781e-02 -4.808308786137417690e-02
5.156248709715990941e+01 5.746439176681001904e-01 1.487282929536567766e-01 -4.539776681628787669e-02 -2.815428360137900779e-02
5.166248709715991083e+01 5.663384372427852087e-01 1.469367215123947024e-01 -1.180308087412216822e-01 -7.761722226577980749e-03
5.176248709715991225e+01 5.521958204352256372e-01 1.471292510418375499e-01 -1.617799801584207942e-01 1.124816092707620757e-02
5.186248709715991367e+01 5.336500528026936196e-01 1.490906812402252035e-01 -2.091119649634963495e-01 2.738648738937202523e-02
5.196248709715991509e+01 5.111082062501086654e-01 1.524665603355868926e-01 -2.390539102213211364e-01 3.934188442448585676e-02
5.206248709715991652e+01 4.869121422750863903e-01 1.567882413657601948e-01 -2.306580565522550474e-01 4.619613915093161854e-02
5.216248709715991794e+01 4.682018891358907808e-01 1.615324687858759600e-01 -1.352653166136610352e-01 4.790406939410674081e-02
5.226248709715991936e+01 4.604452124320854711e-01 1.662379074386761690e-01 -1.491868231779081011e-02 4.569143810374736575e-02
5.236248709715992078e+01 4.662194374633186200e-01 1.706018657288366491e-01 1.302489563105035664e-01 4.142952345096216626e-02
5.246248709715992220e+01 4.860181864012115271e-01 1.745297722636958704e-01 2.657454340882197119e-01 3.733978381396364093e-02
5.256248709715992362e+01 5.193237830558616874e-01 1.781473682392530344e-01 3.954249649541976552e-01 3.557263468218259395e-02
5.266248709715992504e+01 5.636180561107783094e-01 1.817852039521317964e-01 4.848611741365794758e-01 3.800568695460664059e-02
5.276248709715992646e+01 6.149313832102913935e-01 1.859288040479716020e-01 5.279143164280116762e-01 4.582009975142911640e-02
5.286248709715992788e+01 6.658221000156878677e-01 1.911363515679015135e-01 4.776080120879855340e-01 5.919208457239420740e-02
5.296248709715992931e+01 7.093891095597272267e-01 1.979121932248882332e-01 3.890738344408958826e-01 7.689223053634376692e-02
5.306248709715993073e+01 7.417667464309658509e-01 2.065907027769046944e-01 2.491398414219943569e-01 9.683857202575779644e-02
5.316248709715993215e+01 7.591334635629820582e-01 2.172610730812306323e-01 1.052790143876499995e-01 1.162203308286932218e-01
5.326248709715993357e+01 7.634118863391216037e-01 2.297201598481611595e-01 -2.425234498680239881e-02 1.321754060663620778e-01
5.336248709715993499e+01 7.535384932583147899e-01 2.434954598554466276e-01 -1.718309717501829148e-01 1.421074406852142757e-01
5.346248709715993641e+01 7.298185298270515320e-01 2.578573229934206235e-01 -2.963223245854095800e-01 1.435327446391476136e-01
5.356248709715993783e+01 6.963582641473716750e-01 2.718576091780633974e-01 -3.635925892990535258e-01 1.346702294643458975e-01
5.366248709715993925e+01 6.573900391860376669e-01 2.844264068496485387e-01 -4.149178634843090352e-01 1.148774911455698738e-01
5.376248709715994067e+01 6.156647582921692674e-01 2.944737501294035220e-01 -4.027407033819692117e-01 8.435351528159243384e-02
5.386248709715994210e+01 5.787677959609520695e-01 3.009876225987481169e-01 -3.310674437649088198e-01 4.458452383671275554e-02
5.396248709715994352e+01 5.509067631529485087e-01 3.031722548240364246e-01 -2.154599749899572536e-01 -1.705098238078142647e-03
5.406248709715994494e+01 5.377033137870195212e-01 3.005505224076132076e-01 -4.031761124615448888e-02 -5.084366251333818226e-02
5.416248709715994636e+01 5.437473530682779277e-01 2.930609315365313994e-01 1.603218083733502775e-01 -9.824935209508733891e-02
5.426248709715994778e+01 5.684157887661946962e-01 2.811196612129078787e-01 3.216609695774337863e-01 -1.391134134468573758e-01
5.436248709715994920e+01 6.057118627224621354e-01 2.655907526507644278e-01 4.134476363469155036e-01 -1.694505307203098832e-01
5.446248709715995062e+01 6.483155525503525585e-01 2.476674303355332618e-01 4.200227403947978666e-01 -1.867101182161781114e-01
5.456248709715995204e+01 6.866740513987078520e-01 2.287119290930211823e-01 3.391313965257649055e-01 -1.901360384945348925e-01
5.466248709715995346e+01 7.144962467506698056e-01 2.100690649773662988e-01 2.048712836014638938e-01 -1.807390444685774145e-01
5.476248709715995489e+01 7.256539169367776099e-01 1.929131945131403181e-01 1.382055066693488321e-02 -1.609130867153562294e-01
5.486248709715995631e+01 7.165632218103026307e-01 1.781156084317921384e-01 -1.990021017467288045e-01 -1.342326698752981384e-01
5.496248709715995773e+01 6.859505238585544840e-01 1.661556990904126119e-01 -4.087085565869652548e-01 -1.048835207736840414e-01
5.506248709715995915e+01 6.364858146734101441e-01 1.570867990949575688e-01 -5.671547236622016541e-01 -7.707155675297802655e-02
5.516248709715996057e+01 5.758123897228694110e-01 1.505760151445513784e-01 -6.296344665859552325e-01 -5.416673520403021691e-02
5.526248709715996199e+01 5.137740460850996893e-01 1.460270736153383431e-01 -5.979547550686403756e-01 -3.799823199249462852e-02
5.536248709715996341e+01 4.574157762864460297e-01 1.427420833269345823e-01 -5.264868508704765304e-01 -2.883197651095906547e-02
5.546248709715996483e+01 4.098426220694749711e-01 1.400489174802306835e-01 -4.167930863993313251e-01 -2.598910430678629674e-02
5.556248709715996625e+01 3.752134420414401927e-01 1.373819163282595512e-01 -2.688608267731168455e-01 -2.799305208861048444e-02
5.566248709715996767e+01 3.574650834069118543e-01 1.343632589940375321e-01 -8.512742632857164815e-02 -3.258453593531393522e-02
5.576248709715996910e+01 3.575779532521977666e-01 1.308715484310250532e-01 8.533803958130406486e-02 -3.698869230339105196e-02
5.586248709715997052e+01 3.734383876202699293e-01 1.270600959265349161e-01 2.193831648775854959e-01 -3.857544905591512446e-02
5.596248709715997194e+01 3.985887239875379184e-01 1.233155969228076909e-01 2.691629488108605583e-01 -3.543572337286292340e-02
5.606248709715997336e+01 4.243653308474100716e-01 1.201502710093890897e-01 2.377388186395597014e-01 -2.702492486195644250e-02
5.616248709715997478e+01 4.463622272024508342e-01 1.180627834488132410e-01 2.046929056573238703e-01 -1.405131030619442660e-02
5.626248709715997620e+01 4.646546629857941646e-01 1.174568668311796599e-01 1.573346940928254112e-01 2.412668582498887423e-03
5.636248709715997762e+01 4.766819949689937719e-01 1.186155998988788346e-01 7.090720220132869234e-02 2.096512419304785713e-02
5.646248709715997904e+01 4.774170289367938858e-01 1.216510913303575775e-01 -4.946272849833084628e-02 3.953426138345058488e-02
5.656248709715998046e+01 4.687176625730627433e-01 1.264426066942379856e-01 -1.208238815138458488e-01 5.573853020271386793e-02
5.666248709715998189e+01 4.544850495294786574e-01 1.326614649656387146e-01 -1.509729401746347788e-01 6.784667475814368243e-02
5.676248709715998331e+01 4.402326822669230810e-01 1.398444769760414652e-01 -1.336804158017909361e-01 7.496129309657827144e-02
5.686248709715998473e+01 4.277290163647118337e-01 1.474835828193774290e-01 -1.136687960680025644e-01 7.697901833871777233e-02
5.696248709715998615e+01 4.186670944938012395e-01 1.550783233520217075e-01 -5.894959475503791513e-02 7.416211192536474595e-02
5.706248709715998757e+01 4.173301910858266961e-01 1.621853817814114251e-01 3.555690451451189171e-02 6.745184408106350005e-02
5.716248709715998899e+01 4.263317923073612903e-01 1.684929364580646516e-01 1.461532693431742413e-01 5.848023234718476016e-02
5.726248709715999041e+01 4.461488504843795222e-01 1.738710006979179434e-01 2.479278245503623301e-01 4.919036746479250183e-02
5.736248709715999183e+01 4.754790108928074188e-01 1.783828650612586941e-01 3.293193884382877301e-01 4.144758071799942156e-02
5.746248709715999325e+01 5.093817073378784643e-01 1.822597864727139583e-01 3.430160885116779745e-01 3.664130925133133460e-02
5.756248709715999468e+01 5.439075853947314965e-01 1.858254978912591560e-01 3.402999183399229022e-01 3.525901035375414438e-02
5.766248709715999610e+01 5.755088544114004279e-01 1.894242166180730991e-01 2.893358607820072370e-01 3.722317472213802769e-02
5.776248709715999752e+01 6.021742834059055083e-01 1.933570745265443536e-01 2.447597084894854447e-01 4.179796284390766004e-02
5.786248709715999894e+01 6.244995811749504133e-01 1.978424474399576027e-01 1.991729365099406956e-01 4.812930685541845499e-02
5.796248709716000036e+01 6.400906307819099750e-01 2.030086909542112850e-01 1.024348405933722533e-01 5.520377783718686399e-02
5.806248709716000178e+01 6.446193777911513045e-01 2.088530835800501695e-01 -7.964701212876054703e-03 6.137177607943239410e-02
5.816248709716000320e+01 6.398696820209506253e-01 2.151924217493368374e-01 -7.547363137951730583e-02 6.484457008788473142e-02
5.826248709716000462e+01 6.316369718407205402e-01 2.216955210525682896e-01 -8.586078187407253370e-02 6.455786022561170456e-02
5.836248709716000604e+01 6.223162742875198994e-01 2.279712953011266419e-01 -1.028791476699880136e-01 6.028977358223082395e-02
5.846248709716000747e+01 6.112227436509632961e-01 2.336191224587567117e-01 -1.143440809872150465e-01 5.199966497935539639e-02
5.856248709716000889e+01 6.005063070030001171e-01 2.382442031415554773e-01 -9.617729782035105979e-02 3.991940848993502655e-02
5.866248709716001031e+01 5.933041073633127382e-01 2.415024134704552017e-01 -3.930726079886942559e-02 2.484482922496163149e-02
5.876248709716001173e+01 5.920380593011799197e-01 2.431603084164490336e-01 -3.124509970299296779e-04 8.176428406497009138e-03
5.886248709716001315e+01 5.922107274415228106e-01 2.431261234025456630e-01 1.097604670488356790e-02 -8.851424608759740631e-03
5.896248709716001457e+01 5.945837206827174759e-01 2.414092162339466496e-01 2.929132563220195051e-02 -2.530040475536047412e-02
5.906248709716001599e+01 5.978130406129966712e-01 2.381163672466271863e-01 4.217391063071729285e-02 -4.024398117795366381e-02
5.916248709716001741e+01 6.034871124109385532e-01 2.334388248517369757e-01 6.567695461345450514e-02 -5.283310557622056258e-02
5.926248709716001883e+01 6.098249151507250110e-01 2.276554798748735287e-01 6.012356232673660844e-02 -6.227010138355354441e-02
5.936248709716002026e+01 6.159009825669674587e-01 2.211021996585930127e-01 6.164204814051137821e-02 -6.818457240701851496e-02
5.946248709716002168e+01 6.217881172861460248e-01 2.141440554864602330e-01 5.783603907185820570e-02 -7.034474449806088492e-02
5.956248709716002310e+01 6.284214308830599061e-01 2.071612070196360011e-01 7.339548264669476518e-02 -6.865818014713490069e-02
5.966248709716002452e+01 6.344809789188147198e-01 2.005426181226449278e-01 3.799401297940274008e-02 -6.310064405352759642e-02
5.976248709716002594e+01 6.347791099831949779e-01 1.946463588936462874e-01 -3.725012365638385309e-02 -5.440633785490019136e-02
5.986248709716002736e+01 6.272834509849701812e-01 1.897186615170251833e-01 -1.031726262419647711e-01 -4.399076325725898018e-02
5.996248709716002878e+01 6.151494418442123857e-01 1.858601222312353529e-01 -1.426154176416290220e-01 -3.320501648983776449e-02
6.000000000000000000e+01 6.094672879726200643e-01 1.846885315397048255e-01 -1.597459371040294285e-01 -2.927965167686694820e-02
