time[s] x1[m] x2[m] x1_dot[m/s] x2_dot[m/s]
0.000000000000000000e+00 0.000000000000000000e+00 0.000000000000000000e+00 0.000000000000000000e+00 0.000000000000000000e+00
9.999999999999999124e-05 2.586229434375537261e-08 3.108138754059936036e-15 5.172448275062976799e-04 9.355682436712322845e-11
1.100000000000000066e-03 3.129205819401867662e-06 4.553070026835857616e-12 5.689329717828078142e-03 1.283358554584182796e-08
1.110000000000000049e-02 3.184612930542623610e-04 8.952188069270078212e-09 5.735950619814571272e-02 2.846690598583422934e-06
5.846344845091279441e-02 8.786759248303598058e-03 4.252471292082678876e-06 2.991272080507868525e-01 2.800931207361649655e-04
1.584634484509128138e-01 6.286757741826964896e-02 2.054721500555853624e-04 7.714564095662972409e-01 5.069543867912913553e-03
2.584634484509128471e-01 1.595364947175062220e-01 1.385518660048967385e-03 1.133930983603237852e+00 2.081358163946936748e-02
3.584634484509128249e-01 2.835700123466152189e-01 4.883704378750438127e-03 1.322992753443793079e+00 5.191543842527252678e-02
4.584634484509128027e-01 4.203137285210799545e-01 1.233116385890629593e-02 1.389417625176503579e+00 9.981598062572347163e-02
5.584634484509127805e-01 5.553781918407372231e-01 2.536983403487069397e-02 1.274573416747302623e+00 1.632936631908152303e-01
6.584634484509127583e-01 6.680363428907537537e-01 4.536381924850628466e-02 9.547217059247720128e-01 2.378705687547189584e-01
7.584634484509127361e-01 7.446378116120963009e-01 7.306104238055152744e-02 5.739585524774901693e-01 3.159315243984784916e-01
8.584634484509127139e-01 7.819103942669995977e-01 1.083733958186888502e-01 1.725368048180809799e-01 3.886832288748716113e-01
9.584634484509126917e-01 7.804864141499351371e-01 1.503272742709644005e-01 -1.941151576339620877e-01 4.473607812246331306e-01
1.058463448450912781e+00 7.455891067837094877e-01 1.971176140390777376e-01 -4.812246731490702478e-01 4.842664821381189588e-01
1.158463448450912869e+00 6.893976749163717166e-01 2.462668220073243042e-01 -6.156065710379095002e-01 4.938717817427964452e-01
1.258463448450912958e+00 6.289785460239931680e-01 2.949043132993615091e-01 -5.610768756785701195e-01 4.739822851897215195e-01
1.358463448450913047e+00 5.807805498505335118e-01 3.401309092262760903e-01 -3.928857233102452939e-01 4.262109811313440355e-01
1.458463448450913136e+00 5.529087964927634768e-01 3.793641548224165883e-01 -1.542754440241842773e-01 3.550391344994380805e-01
1.558463448450913225e+00 5.505049317070318526e-01 4.105716910028217592e-01 1.066227497877998698e-01 2.668881473404052795e-01
1.658463448450913313e+00 5.741886405756023715e-01 4.324251978437871347e-01 3.625494893153646814e-01 1.692532932767226717e-01
1.758463448450913402e+00 6.215394393542371665e-01 4.443655095722929826e-01 5.768243053992426761e-01 6.989525587137532248e-02
1.858463448450913491e+00 6.875103283094372575e-01 4.465896902730312479e-01 7.283515472473098828e-01 -2.393616821017423291e-02
1.958463448450913580e+00 7.637424486117467826e-01 4.399664840444548197e-01 7.752681806601918746e-01 -1.061872754568689986e-01
2.058463448450913447e+00 8.378543782094761694e-01 4.258757206859244970e-01 6.844410342466625830e-01 -1.728232941396621869e-01
2.158463448450913535e+00 8.965088712252807790e-01 4.059734526050788328e-01 4.680685263699374543e-01 -2.223936326306621691e-01
2.258463448450913624e+00 9.278788856370305815e-01 3.819320091653912175e-01 1.471223913851024134e-01 -2.559875589490918646e-01
2.358463448450913713e+00 9.245275715818992435e-01 3.552034429629982171e-01 -2.174705695328187915e-01 -2.767948395083105195e-01
2.458463448450913802e+00 8.843249263405157379e-01 3.268540392009136597e-01 -5.837244437515763940e-01 -2.891854727573068828e-01
2.558463448450913891e+00 8.098578137928015286e-01 2.974894485930789645e-01 -8.847222597569091018e-01 -2.978581246515050740e-01
2.658463448450913980e+00 7.120462298960207326e-01 2.672758720711852498e-01 -1.054525369122913281e+00 -3.066609780765308102e-01
2.758463448450914068e+00 6.017338149916658940e-01 2.360807016023709626e-01 -1.133473636368028448e+00 -3.177176893381595257e-01
2.858463448450914157e+00 4.894126219235550024e-01 2.036358282261147845e-01 -1.095647532539046454e+00 -3.316072279894383690e-01
2.958463448450914246e+00 3.859139134088719336e-01 1.697012140646842193e-01 -9.558372992604831087e-01 -3.471877310739505118e-01
3.058463448450914335e+00 3.017721383885057507e-01 1.342312125334620687e-01 -7.129414067898015572e-01 -3.617308580443616695e-01
3.158463448450914424e+00 2.448074790821922475e-01 9.752498697252401372e-02 -4.269298339965706401e-01 -3.711618122866912617e-01
3.258463448450914512e+00 2.156796616479262352e-01 6.031807345198918202e-02 -1.575627620317015531e-01 -3.710387592518339939e-01
3.358463448450914601e+00 2.123959346447394647e-01 2.376564491259171991e-02 7.973094952548429037e-02 -3.574950800827207953e-01
3.458463448450914690e+00 2.286473055899021223e-01 -1.064031578047030385e-02 2.337373280525608110e-01 -3.277974265078353322e-01
3.558463448450914779e+00 2.570259853308270448e-01 -4.122144105197589337e-02 3.189760603199229827e-01 -2.809822174985228127e-01
3.658463448450914868e+00 2.887893208425097447e-01 -6.629231466585144839e-02 3.002459093749249019e-01 -2.179090758205696476e-01
3.758463448450914957e+00 3.154805018465670630e-01 -8.435672213750362858e-02 2.320859320691437966e-01 -1.414806950836339228e-01
3.858463448450915045e+00 3.345093674496257274e-01 -9.428248440614754589e-02 1.400162498745959883e-01 -5.589738510964122054e-02
3.958463448450915134e+00 3.417314209334098574e-01 -9.539688988137257075e-02 -9.680227482745107359e-04 3.383379735569196078e-02
4.058463448450915223e+00 3.342082081840626606e-01 -8.756994537882932528e-02 -1.442702454451403049e-01 1.219392292038188469e-01
4.158463448450914868e+00 3.147145871954917240e-01 -7.125432297265638093e-02 -2.373347175924872265e-01 2.027224017105609954e-01
4.258463448450914512e+00 2.878010881265576359e-01 -4.742914878279275159e-02 -2.940204392238033870e-01 2.714265007144572306e-01
4.358463448450914157e+00 2.583224743303184079e-01 -1.749441590312819303e-02 -2.805385561107449632e-01 3.244259900648484574e-01
4.458463448450913802e+00 2.344718496433330635e-01 1.686465754275586273e-02 -1.866331997769055395e-01 3.597477688821966169e-01
4.558463448450913447e+00 2.218561075881478606e-01 5.385927861752291823e-02 -6.151441378261554571e-02 3.772310999464791315e-01
4.658463448450913091e+00 2.246060714652342583e-01 9.175343529214853577e-02 1.327067045263030931e-01 3.780510596024335701e-01
4.758463448450912736e+00 2.497340582942275677e-01 1.290054325004394431e-01 3.658837273480058383e-01 3.649868329515768561e-01
4.858463448450912381e+00 2.969133427283035531e-01 1.644164363363336268e-01 5.767060750881650710e-01 3.418944907608821304e-01
4.958463448450912026e+00 3.644700525420556669e-01 1.971848487085950119e-01 7.643848606571407300e-01 3.128173137922246050e-01
5.058463448450911670e+00 4.468736125538947945e-01 2.269095055200403832e-01 8.710590497652379582e-01 2.815899256497294001e-01
5.158463448450911315e+00 5.369150308846941666e-01 2.535281836807169453e-01 9.189221031719035926e-01 2.510972252409096050e-01
5.258463448450910960e+00 6.274836669949239720e-01 2.772181460352509119e-01 8.762338650337520018e-01 2.232306259836734086e-01
5.358463448450910604e+00 7.091774106265062994e-01 2.982811768578732536e-01 7.413116115360469660e-01 1.985228005118120087e-01
5.458463448450910249e+00 7.730335012758245972e-01 3.169980308323258611e-01 5.293448384578159915e-01 1.760328735855961335e-01
5.558463448450909894e+00 8.142338778894229190e-01 3.334933928622582089e-01 2.891586698660192911e-01 1.536998073727592895e-01
5.658463448450909539e+00 8.305623347758400721e-01 3.476591054254453694e-01 4.268893748179553027e-02 1.289992032517180698e-01
5.758463448450909183e+00 8.239574510172327226e-01 3.591317836500235727e-01 -1.707552142394086203e-01 9.947811825816313402e-02
5.858463448450908828e+00 7.978685263780257442e-01 3.673325243774644977e-01 -3.375847808485320511e-01 6.332149162008152143e-02
5.958463448450908473e+00 7.597416340122775669e-01 3.715470068115031554e-01 -4.105228127520805792e-01 1.975006982204492029e-02
6.058463448450908118e+00 7.174822257711001017e-01 3.710595053875060945e-01 -4.276522591998568879e-01 -3.047888542407781870e-02
6.158463448450907762e+00 6.764392124011138208e-01 3.652920958719485522e-01 -3.830411782138978261e-01 -8.544272025958228600e-02
6.258463448450907407e+00 6.413696288599238793e-01 3.539099229759804510e-01 -3.167933148525364784e-01 -1.422284320413827463e-01
6.358463448450907052e+00 6.143079902251236124e-01 3.368984447853875519e-01 -2.237358464331086205e-01 -1.974372099926114676e-01
6.458463448450906697e+00 5.943893450804657030e-01 3.145938576450356128e-01 -1.856892136782621605e-01 -2.475446792249230976e-01
6.558463448450906341e+00 5.767234176237935328e-01 2.876506427948842259e-01 -1.702044315211686254e-01 -2.898342856629217423e-01
6.658463448450905986e+00 5.584246341633897215e-01 2.569529309874832301e-01 -2.046402599957830581e-01 -3.223879458044954793e-01
6.758463448450905631e+00 5.353788598682089894e-01 2.235285593462646991e-01 -2.562120699012372937e-01 -3.442964139542823432e-01
6.858463448450905275e+00 5.067653960411515612e-01 1.884543617082031219e-01 -3.182992693970519427e-01 -3.554051155656148264e-01
6.958463448450904920e+00 4.716745334855211857e-01 1.527936084427078955e-01 -3.819956608114848384e-01 -3.561466072813828099e-01
7.058463448450904565e+00 4.307074451853253327e-01 1.175413492576664332e-01 -4.375814911025353027e-01 -3.474076892551181683e-01
7.158463448450904210e+00 3.837285088427466184e-01 8.358808138013368305e-02 -5.015800263505020284e-01 -3.304063321959454513e-01
7.258463448450903854e+00 3.318387350588592466e-01 5.168259462583637415e-02 -5.265869557086090280e-01 -3.067177267838097632e-01
7.358463448450903499e+00 2.791076152377482966e-01 2.242117081424340949e-02 -5.280731866433434618e-01 -2.777285233945906984e-01
7.458463448450903144e+00 2.272884723470974810e-01 -3.727687491830677241e-03 -4.995179138953909082e-01 -2.446663436213482035e-01
7.558463448450902789e+00 1.801012699915382764e-01 -2.640936707071680004e-02 -4.408599503740162628e-01 -2.085141589246014282e-01
7.658463448450902433e+00 1.409184917489618161e-01 -4.534923416070634622e-02 -3.342038028103146985e-01 -1.699004353101200293e-01
7.758463448450902078e+00 1.133004034024177320e-01 -6.031231893139236966e-02 -2.182786541000571456e-01 -1.289759376303835081e-01
7.858463448450901723e+00 9.877702242996030946e-02 -7.106741050631718015e-02 -6.607147320899217635e-02 -8.572167654494111666e-02
7.958463448450901367e+00 9.914477849549438448e-02 -7.736908182567764358e-02 6.502438534625790134e-02 -3.985868620868753681e-02
8.058463448450901012e+00 1.107092199103543451e-01 -7.895332791904653702e-02 1.618352394380218051e-01 8.560899051740684940e-03
8.158463448450900657e+00 1.313762708699322546e-01 -7.559227637816673395e-02 2.557070482061822858e-01 5.891516849924534338e-02
8.258463448450900302e+00 1.613920269805842189e-01 -6.713131912890847597e-02 3.322502991061371258e-01 1.104292841344569065e-01
8.358463448450899946e+00 1.957323174581680203e-01 -5.350505510951535093e-02 3.497996242506709041e-01 1.619549171269032140e-01
8.458463448450899591e+00 2.301792018527312467e-01 -3.480269448753334216e-02 3.319199905283621299e-01 2.115952005884277898e-01
8.558463448450899236e+00 2.615851486407002047e-01 -1.132663770131031589e-02 2.973102419851859080e-01 2.570156503405701121e-01
8.658463448450898881e+00 2.899756367264640367e-01 1.638004211675737204e-02 2.734301548329157172e-01 2.958380632102479701e-01
8.758463448450898525e+00 3.167771844923951696e-01 4.755515189118439401e-02 2.627574969756560908e-01 3.261047300688738604e-01
8.858463448450898170e+00 3.426954995648037183e-01 8.126759159081894945e-02 2.587571408515196847e-01 3.463859961179057700e-01
8.958463448450897815e+00 3.691799769018432320e-01 1.164695329358907405e-01 2.744395677751134133e-01 3.558072976348761740e-01
9.058463448450897459e+00 3.982293719377689167e-01 1.520614260203742019e-01 3.053327053559750648e-01 3.542242013886928720e-01
9.158463448450897104e+00 4.290871212476481955e-01 1.869627622970276570e-01 3.068394444316769887e-01 3.420905798964572475e-01
9.258463448450896749e+00 4.590759444375261400e-01 2.201465390567948766e-01 2.905644402084273104e-01 3.199738865189899473e-01
9.358463448450896394e+00 4.873228037400512691e-01 2.506485563663418126e-01 2.786096529587605564e-01 2.886028894447093540e-01
9.458463448450896038e+00 5.150781616739394941e-01 2.775972552061524712e-01 2.746744764882174117e-01 2.491510763769726189e-01
9.558463448450895683e+00 5.425520932452631007e-01 3.002629126466012655e-01 2.785060250200522836e-01 2.032374427039065623e-01
9.658463448450895328e+00 5.708405605619975010e-01 3.180955212863810777e-01 2.863080452050782432e-01 1.528539893732559218e-01
9.758463448450894973e+00 5.997843194292027391e-01 3.307594066193897397e-01 2.889228672533903919e-01 1.002442427395447144e-01
9.858463448450894617e+00 6.274285671095231054e-01 3.381440623543931490e-01 2.623977900272829733e-01 4.760836280098149770e-02
9.958463448450894262e+00 6.525441137821303972e-01 3.403433124025789791e-01 2.360697336250459910e-01 -3.159160518679489382e-03
1.005846344845089391e+01 6.726240281131152798e-01 3.376307509451602074e-01 1.565917346791753095e-01 -5.040549759707387001e-02
1.015846344845089355e+01 6.832958049797243083e-01 3.304094392406637382e-01 5.627143030253485556e-02 -9.324870653166891787e-02
1.025846344845089320e+01 6.828830087889179445e-01 3.191393084971001493e-01 -7.241648788737083120e-02 -1.313647521002938579e-01
1.035846344845089284e+01 6.681089639825616988e-01 3.042859176464807192e-01 -2.224176345912764474e-01 -1.650138783177724777e-01
1.045846344845089249e+01 6.382101896198794089e-01 2.862609691805037548e-01 -3.758426197794664803e-01 -1.949382895080687406e-01
1.055846344845089213e+01 5.943422290844442291e-01 2.653920109025800778e-01 -4.909381717650134203e-01 -2.220334145412090343e-01
1.065846344845089178e+01 5.414742748957621643e-01 2.419309492539208906e-01 -5.580334043461914195e-01 -2.468115855153371063e-01
1.075846344845089142e+01 4.852322113230836953e-01 2.161104439626932994e-01 -5.576042535780788567e-01 -2.691346724696113135e-01
1.085846344845089106e+01 4.305898439074088424e-01 1.882151701768912666e-01 -5.318000080060024670e-01 -2.881193102608944900e-01
1.095846344845089071e+01 3.795812024763191017e-01 1.586372229235337439e-01 -4.871815906622553594e-01 -3.025805089532732639e-01
1.105846344845089035e+01 3.343125261508472224e-01 1.278918407728667217e-01 -4.080256479145332182e-01 -3.112493082666588640e-01
1.115846344845089000e+01 2.979406533876716723e-01 9.662980131210759105e-02 -3.294383509958006551e-01 -3.126568800373897283e-01
1.125846344845088964e+01 2.679965598564835183e-01 6.564176242016656060e-02 -2.629216579318355840e-01 -3.056416873581663252e-01
1.135846344845088929e+01 2.454313016006743897e-01 3.580517256585472041e-02 -1.952487267668697457e-01 -2.895279865328757585e-01
1.145846344845088893e+01 2.280771049125608074e-01 8.048393065863454487e-03 -1.528560648165968039e-01 -2.640721597996004699e-01
1.155846344845088858e+01 2.149565522581937671e-01 -1.671227747170014530e-02 -1.059721724722993696e-01 -2.297176988303775702e-01
1.165846344845088822e+01 2.075166530448100954e-01 -3.762352241397147468e-02 -4.555669968794604646e-02 -1.872172981656421986e-01
1.175846344845088787e+01 2.044856888683606877e-01 -5.391701523230860854e-02 -2.013309066274284950e-02 -1.375850157603115964e-01
1.185846344845088751e+01 2.034042531421978162e-01 -6.495889565722408332e-02 2.782141019806311233e-04 -8.251222793311677184e-02
1.195846344845088716e+01 2.040636230249156247e-01 -7.030598254713739392e-02 5.015431122292764339e-03 -2.404769913275386917e-02
1.205846344845088680e+01 2.033153970944561184e-01 -6.973606934118728451e-02 -1.904395261155050062e-02 3.537125646711938853e-02
1.215846344845088645e+01 2.003497605925494418e-01 -6.329361457807715363e-02 -4.341926933422968204e-02 9.293714144805650945e-02
1.225846344845088609e+01 1.948427300651902894e-01 -5.130326492076400097e-02 -5.988743729443861408e-02 1.458743020879514907e-01
1.235846344845088574e+01 1.890008124714864235e-01 -3.435488742001296947e-02 -5.833333728865110202e-02 1.917455325406473010e-01
1.245846344845088538e+01 1.839945639972903058e-01 -1.325355592383858222e-02 -3.070587343191230265e-02 2.286602219228693889e-01
1.255846344845088502e+01 1.847140194307411998e-01 1.104112831024276278e-02 4.774174638728805042e-02 2.555339094914247378e-01
1.265846344845088467e+01 1.931675327985375445e-01 3.751607123978746572e-02 1.209736638327148367e-01 2.723018550152461748e-01
1.275846344845088431e+01 2.103789069504712061e-01 6.517822240965848168e-02 2.341652162075845700e-01 2.794073213338176820e-01
1.285846344845088396e+01 2.406851718934101825e-01 9.311921130481255748e-02 3.691144686273015729e-01 2.781837323709941967e-01
1.295846344845088360e+01 2.839256072214095261e-01 1.206031835879710634e-01 4.938625146005688471e-01 2.706122084802056738e-01
1.305846344845088325e+01 3.381565369182290559e-01 1.470999176640711559e-01 5.822836154964633470e-01 2.587755561102376145e-01
1.315846344845088289e+01 3.984606899539217539e-01 1.722751243618370065e-01 6.119001854833859833e-01 2.444200011900619918e-01
1.325846344845088254e+01 4.590116068253748960e-01 1.959348345053029405e-01 5.972285841781362903e-01 2.285728642140608391e-01
1.335846344845088218e+01 5.163360552979818774e-01 2.179555941632324301e-01 5.339220873363820230e-01 2.116805001888128202e-01
1.345846344845088183e+01 5.638171528948388023e-01 2.382289312968230710e-01 4.111299289194357831e-01 1.935020928368465232e-01
1.355846344845088147e+01 5.966045009177400882e-01 2.565797688584652292e-01 2.342990428273319659e-01 1.730105948747287237e-01
1.365846344845088112e+01 6.109229257332917662e-01 2.726997602817218258e-01 6.040545264886204579e-02 1.485907133353253362e-01
1.375846344845088076e+01 6.098661470355618563e-01 2.861181682465178122e-01 -7.426484105222380672e-02 1.188022349678400924e-01
1.385846344845088041e+01 5.982616958973927535e-01 2.962592122528641680e-01 -1.493364224494911907e-01 8.302385342763413112e-02
1.395846344845088005e+01 5.811707644858058464e-01 3.025359301301940862e-01 -1.843595033405746875e-01 4.165950829526542804e-02
1.405846344845087970e+01 5.627589447051342120e-01 3.044465191434656548e-01 -1.822195505173831165e-01 -4.017264631827437149e-03
1.415846344845087934e+01 5.447205198077313959e-01 3.016524414639503160e-01 -1.792146836470718541e-01 -5.209192735157362752e-02
1.425846344845087899e+01 5.262050558271275102e-01 2.940166130553770185e-01 -1.946025727654937254e-01 -1.005219489909822961e-01
1.435846344845087863e+01 5.060696157700637077e-01 2.815979213387853619e-01 -2.042209534698715689e-01 -1.474532179549210564e-01
1.445846344845087827e+01 4.858484421906602568e-01 2.646374372530888031e-01 -1.988449803657625081e-01 -1.910383668410155222e-01
1.455846344845087792e+01 4.662202272895750177e-01 2.435651578397861616e-01 -1.967174241951267222e-01 -2.293848325795746212e-01
1.465846344845087756e+01 4.458570249717767053e-01 2.189894569824749060e-01 -2.127877728233487642e-01 -2.608804547540969354e-01
1.475846344845087721e+01 4.231905227325145069e-01 1.916542504374770806e-01 -2.432700449642392904e-01 -2.844385088147574070e-01
1.485846344845087685e+01 3.967675563967363317e-01 1.623848064005408154e-01 -2.855395199023393338e-01 -2.995228923695896217e-01
1.495846344845087650e+01 3.669131942666766233e-01 1.320341563115431105e-01 -3.046783597184746228e-01 -3.060723818919330319e-01
1.505846344845087614e+01 3.360152099854725738e-01 1.014542218199005197e-01 -3.185162155013103735e-01 -3.041154421850072453e-01
1.515846344845087579e+01 3.030495259950150011e-01 7.148462455071862010e-02 -3.346836321024405092e-01 -2.939646152742945717e-01
1.525846344845087543e+01 2.701560773889440381e-01 4.291370533861832426e-02 -3.213764819328758238e-01 -2.762372332512832984e-01
1.535846344845087508e+01 2.390302082116078641e-01 1.647022540546166924e-02 -2.996855837258388666e-01 -2.515245438512060949e-01
1.545846344845087472e+01 2.104299475363936855e-01 -7.182731220552657225e-03 -2.712567269964126226e-01 -2.205635708906797388e-01
1.555846344845087437e+01 1.846568037824528608e-01 -2.746432790860577761e-02 -2.466210326695737753e-01 -1.842672053634292206e-01
1.565846344845087401e+01 1.613061879480794103e-01 -4.389729864798577741e-02 -2.154030728501464265e-01 -1.438070961614320853e-01
1.575846344845087366e+01 1.419974138147945264e-01 -5.612850680451286767e-02 -1.719833350278939799e-01 -1.004283303656095250e-01
1.585846344845087330e+01 1.275583592595899707e-01 -6.392573207135558711e-02 -1.086294105963232226e-01 -5.532485430765208406e-02
1.595846344845087295e+01 1.213048516100397878e-01 -6.716843364402186323e-02 -1.623742120011879841e-02 -9.456987415699835697e-03
1.605846344845087259e+01 1.240357765716287586e-01 -6.581300564341301118e-02 6.900244751500998752e-02 3.653055014662366651e-02
1.615846344845087401e+01 1.349022860566068405e-01 -5.988184496892710873e-02 1.493163661255252628e-01 8.193066093644851833e-02
1.625846344845087543e+01 1.538959282078496971e-01 -4.947122942027652737e-02 2.272822596010796448e-01 1.260017381289687821e-01
1.635846344845087685e+01 1.799479294694927012e-01 -3.475074852057002950e-02 2.959743600125738783e-01 1.679928087691517358e-01
1.645846344845087827e+01 2.132730116337802351e-01 -1.596706704676397956e-02 3.654468239307477329e-01 2.071579412141307808e-01
1.655846344845087970e+01 2.515534252882088428e-01 6.563274370117170436e-03 3.951254361800474180e-01 2.427798217563219840e-01
1.665846344845088112e+01 2.919502594917069427e-01 3.243631731508210547e-02 4.133627791683230912e-01 2.738262485755197928e-01
1.675846344845088254e+01 3.344661301348256233e-01 6.114180658183531597e-02 4.353930287896374263e-01 2.992820676524134971e-01
1.685846344845088396e+01 3.777077506711973287e-01 9.207960906076827212e-02 4.228078897033392125e-01 3.183337820038964483e-01
1.695846344845088538e+01 4.188528246189734405e-01 1.245635646743380176e-01 4.007815225912075285e-01 3.300438880018990995e-01
1.705846344845088680e+01 4.571041210730112936e-01 1.578159499053196080e-01 3.603789124300176838e-01 3.335808442244371785e-01
1.715846344845088822e+01 4.913395444532763223e-01 1.909841142828390681e-01 3.282945737545208686e-01 3.282681900977703626e-01
1.725846344845088964e+01 5.229319330669262023e-01 2.231662231978410738e-01 3.046598395741992316e-01 3.138692953183667700e-01
1.735846344845089106e+01 5.530528814116530967e-01 2.534646189363226609e-01 3.015705525410533050e-01 2.906937275497598616e-01
1.745846344845089249e+01 5.839979314577973257e-01 2.810432824110494776e-01 3.225033936766799059e-01 2.596893838608690941e-01
1.755846344845089391e+01 6.177349691862722425e-01 3.051948372927784647e-01 3.465527483123586605e-01 2.224660455626968902e-01
1.765846344845089533e+01 6.524605381029119355e-01 3.253919582501500485e-01 3.477714310425532585e-01 1.809012177215461870e-01
1.775846344845089675e+01 6.864785872902096076e-01 3.412897616607744045e-01 3.233379844501110267e-01 1.367681960986699974e-01
1.785846344845089817e+01 7.159488282667747505e-01 3.527098575047079576e-01 2.650695004335247296e-01 9.154838496258985159e-02
1.795846344845089959e+01 7.393554097945027603e-01 3.595998690813811960e-01 2.027284435284218700e-01 4.633941143338961982e-02
1.805846344845090101e+01 7.561756551317707631e-01 3.620116731909377994e-01 1.250493597222553377e-01 2.141679291754336467e-03
1.815846344845090243e+01 7.619032042401148175e-01 3.600842422430341472e-01 -1.524807300570302226e-02 -4.041247719680372136e-02
1.825846344845090385e+01 7.540519426476721687e-01 3.539800047183579434e-01 -1.387009798696677287e-01 -8.143021828617924562e-02
1.835846344845090528e+01 7.336345255693238476e-01 3.438457206492630536e-01 -2.694338412417463524e-01 -1.210326674141735948e-01
1.845846344845090670e+01 7.012358818346692280e-01 3.298151369614174544e-01 -3.743848192683437159e-01 -1.593712104071278723e-01
1.855846344845090812e+01 6.593718058795440262e-01 3.120160998413767928e-01 -4.566143824776190407e-01 -1.963644112668085362e-01
1.865846344845090954e+01 6.113386644992219177e-01 2.906003182168759302e-01 -4.982700569269431501e-01 -2.315976741217478652e-01
1.875846344845091096e+01 5.612229771462546868e-01 2.657845349046319972e-01 -4.965197926575951048e-01 -2.641739248308104249e-01
1.885846344845091238e+01 5.123071231871708653e-01 2.378994025954311864e-01 -4.821229151385176270e-01 -2.927362902001391931e-01
1.895846344845091380e+01 4.659800099500183146e-01 2.074191228817661992e-01 -4.386729671313638890e-01 -3.158332500848701763e-01
1.905846344845091522e+01 4.238171918502453561e-01 1.749662767052463930e-01 -4.106537205938432522e-01 -3.319460778667105427e-01
1.915846344845091664e+01 3.840825079066977343e-01 1.413000333789791174e-01 -3.808362406429977032e-01 -3.399619435661708211e-01
1.925846344845091807e+01 3.473713638766438017e-01 1.072688156406017002e-01 -3.560406741038320000e-01 -3.391470265295881692e-01
1.935846344845091949e+01 3.125959409040987014e-01 7.377591362684575438e-02 -3.407871959054374345e-01 -3.291899471758902296e-01
1.945846344845092091e+01 2.794912206212218919e-01 4.172934183426418864e-02 -3.165899713590837328e-01 -3.102855812654746193e-01
1.955846344845092233e+01 2.498381309806020911e-01 1.200244611351712967e-02 -2.764108386634128722e-01 -2.828760259551501011e-01
1.965846344845092375e+01 2.242377297250135182e-01 -1.458209039138815347e-02 -2.368835644715420463e-01 -2.475640235133113320e-01
1.975846344845092517e+01 2.018398639301234865e-01 -3.727829379662089132e-02 -2.116230055688265166e-01 -2.053087885125982059e-01
1.985846344845092659e+01 1.824446038637023149e-01 -5.545834923846405806e-02 -1.743069477248887222e-01 -1.574884582658457877e-01
1.995846344845092801e+01 1.674102106667400836e-01 -6.864004627345376974e-02 -1.228777795676053164e-01 -1.055896610294019544e-01
2.005846344845092943e+01 1.575835865185441775e-01 -7.648909359302100142e-02 -7.972618288625274441e-02 -5.108364564448610728e-02
2.015846344845093085e+01 1.514338832436540883e-01 -7.882561670745311111e-02 -3.716373530764635613e-02 4.356370282731593380e-03
2.025846344845093228e+01 1.507552364405332079e-01 -7.564343526701726439e-02 2.382412264938957303e-02 5.903704612646997613e-02
2.035846344845093370e+01 1.567046691998874586e-01 -6.709114188934964251e-02 9.710198671536524051e-02 1.115403178672747242e-01
2.045846344845093512e+01 1.701946188527955206e-01 -5.344715961486883743e-02 1.763082536374918630e-01 1.606949646695244593e-01
2.055846344845093654e+01 1.929323119152939747e-01 -3.509347029911594890e-02 2.766535024654938058e-01 2.056295679726307390e-01
2.065846344845093796e+01 2.244021049839508286e-01 -1.247912677717552543e-02 3.507318225194316907e-01 2.458181960539350674e-01
2.075846344845093938e+01 2.628802632651195959e-01 1.389247899333261732e-02 4.144282039297152997e-01 2.806808717326063629e-01
2.085846344845094080e+01 3.070617514419438643e-01 4.346085506158709616e-02 4.767061993262347031e-01 3.096638555889883460e-01
2.095846344845094222e+01 3.600455616864325359e-01 7.562087106386830571e-02 5.842936471337383253e-01 3.325497132304580661e-01
2.105846344845094364e+01 4.221231284128413308e-01 1.097834692070437101e-01 6.445453256757391891e-01 3.497968087206054788e-01
2.115846344845094507e+01 4.871837922815822064e-01 1.453974017775829797e-01 6.502448335040827976e-01 3.615419986318233470e-01
2.125846344845094649e+01 5.506929613075471908e-01 1.818951227469766396e-01 6.141248430268787528e-01 3.673717876776528835e-01
2.135846344845094791e+01 6.094279142942674588e-01 2.186501548591327504e-01 5.547899136785676699e-01 3.665542520220571587e-01
2.145846344845094933e+01 6.594001922068503108e-01 2.549552271604199616e-01 4.350191724102531743e-01 3.581918684739975323e-01
2.155846344845095075e+01 6.955297570036309551e-01 2.899927880507223721e-01 2.829403321670910243e-01 3.409570036252466130e-01
2.165846344845095217e+01 7.152738244274911006e-01 3.228017277294074616e-01 1.161726148627461042e-01 3.133795477656954875e-01
2.175846344845095359e+01 7.206476501787056899e-01 3.522851659263817048e-01 -3.103596769536559608e-03 2.743390389843557431e-01
2.185846344845095501e+01 7.147843213288704867e-01 3.772826397109821372e-01 -1.107638815408478888e-01 2.237093107760830535e-01
2.195846344845095643e+01 7.005440253749897206e-01 3.966619596618841670e-01 -1.618898688568398414e-01 1.621729951395726732e-01
2.205846344845095786e+01 6.837169848992945553e-01 4.094146495943810082e-01 -1.726991507783333657e-01 9.158969802064793886e-02
2.215846344845095928e+01 6.669110995384056606e-01 4.147717626671909574e-01 -1.550750321313797697e-01 1.478495276852571927e-02
2.225846344845096070e+01 6.539231453960311358e-01 4.122811243461929065e-01 -1.030959170110427037e-01 -6.471413151391450236e-02
2.235846344845096212e+01 6.462969274546513931e-01 4.018746848038259323e-01 -5.123491532574447199e-02 -1.428424873323355659e-01
2.245846344845096354e+01 6.424548674671692883e-01 3.838920341422653593e-01 -3.211103791796340867e-02 -2.156135663377885259e-01
2.255846344845096496e+01 6.398502617025664252e-01 3.590434105108366580e-01 -1.736378747450093019e-02 -2.796529736739513106e-01
2.265846344845096638e+01 6.381917669494857615e-01 3.283489884433481443e-01 -2.474352599746599754e-02 -3.320944095414077313e-01
2.275846344845096780e+01 6.334284800981961894e-01 2.930808015987716453e-01 -7.829314361708269998e-02 -3.708877052703875576e-01
2.285846344845096922e+01 6.200535712902216501e-01 2.546542708747064898e-01 -2.014612554359080654e-01 -3.952526468616263111e-01
2.295846344845097065e+01 5.928009853798976714e-01 2.144882391220374052e-01 -3.347702082692748382e-01 -4.059010615193689442e-01
2.305846344845097207e+01 5.548545528032406970e-01 1.738841338417569382e-01 -4.203224019997718885e-01 -4.042402014592882953e-01
2.315846344845097349e+01 5.094298314601017896e-01 1.340054600017535902e-01 -4.810861647094026861e-01 -3.916269266054864806e-01
2.325846344845097491e+01 4.602301518929399760e-01 9.587768194146817358e-02 -4.962417037332325087e-01 -3.694363358765127558e-01
2.335846344845097633e+01 4.121733654154592363e-01 6.039889828257562904e-02 -4.500089506226332969e-01 -3.388072588948088937e-01
2.345846344845097775e+01 3.723273901016197485e-01 2.837690543171018237e-02 -3.463474035857289635e-01 -3.003398958803759622e-01
2.355846344845097917e+01 3.422572987079430806e-01 5.850123523391363711e-04 -2.567288584166433352e-01 -2.542697339811578194e-01
2.365846344845098059e+01 3.202942110957167077e-01 -2.224491488645402582e-02 -1.902264520044427698e-01 -2.012556771209005890e-01
2.375846344845098201e+01 3.031591619631976986e-01 -3.947766986005922518e-02 -1.510989154085657926e-01 -1.426102563067474793e-01
2.385846344845098344e+01 2.908277285401160706e-01 -5.064086068309057997e-02 -9.360830636284175887e-02 -8.017620800792804592e-02
2.395846344845098486e+01 2.845238896827060882e-01 -5.544751628191053189e-02 -3.271771683083347926e-02 -1.578214383489265349e-02
2.405846344845098628e+01 2.838014957560881513e-01 -5.379366287721865092e-02 1.482530341837422910e-02 4.871337065556040347e-02
2.415846344845098770e+01 2.872389728746806425e-01 -4.576895771964478721e-02 5.357738238243399398e-02 1.112847014796491396e-01
2.425846344845098912e+01 2.939640653190248032e-01 -3.167043117221824550e-02 7.708707948275485278e-02 1.698419835187175986e-01
2.435846344845099054e+01 3.022137227683353577e-01 -1.200518309395509978e-02 8.627211411156360255e-02 2.222629518571999641e-01
2.445846344845099196e+01 3.107980772677115811e-01 1.250833890701803786e-02 8.471061136550833703e-02 2.664746817508226173e-01
2.455846344845099338e+01 3.197705308511255007e-01 4.095418501799893973e-02 1.010626822221843135e-01 3.006428183482166561e-01
2.465846344845099480e+01 3.322899329673998925e-01 7.226257165194689691e-02 1.535514960215213220e-01 3.236148662690481737e-01
2.475846344845099622e+01 3.510860321322146760e-01 1.052960636174229830e-01 2.273738641603260113e-01 3.351790159000229141e-01
2.485846344845099765e+01 3.790944918438498568e-01 1.389382275226933028e-01 3.367933301749467256e-01 3.359731791553637326e-01
2.495846344845099907e+01 4.183029436292768910e-01 1.721817502666082300e-01 4.444343325509703124e-01 3.275094852960700464e-01
2.505846344845100049e+01 4.671206684186919866e-01 2.041947870990144243e-01 5.260810640539244076e-01 3.116839445173593126e-01
2.515846344845100191e+01 5.227944707951504011e-01 2.343349397838647152e-01 5.859520417162140671e-01 2.903483074036556921e-01
2.525846344845100333e+01 5.829387378065743475e-01 2.621393259742821891e-01 6.034228942461130618e-01 2.652438068866652676e-01
2.535846344845100475e+01 6.411638958622012385e-01 2.873009013325105165e-01 5.545403175684187058e-01 2.376263386565481417e-01
2.545846344845100617e+01 6.928181585875499149e-01 3.095976775022566962e-01 4.734599275505854132e-01 2.079894098044801631e-01
2.555846344845100759e+01 7.349064292327746051e-01 3.288342673398378935e-01 3.622285733949229813e-01 1.764058150120272617e-01
2.565846344845100901e+01 7.639013496413024074e-01 3.448043387951910121e-01 2.132966911713981839e-01 1.425705126723008087e-01
2.575846344845101044e+01 7.770284345225605405e-01 3.572501379789338460e-01 4.582153781920933477e-02 1.057844926519409257e-01
2.585846344845101186e+01 7.728489723026181757e-01 3.658340454600651492e-01 -1.262283153328960794e-01 6.518497289284097551e-02
2.595846344845101328e+01 7.526142855455342229e-01 3.701351705021954652e-01 -2.720525088191337315e-01 2.004498201611293329e-02
2.605846344845101470e+01 7.215557576356516067e-01 3.696868200262226067e-01 -3.283584700142046509e-01 -2.972952411064705425e-02
2.615846344845101612e+01 6.891697245728373167e-01 3.640765551534947408e-01 -3.166608832209138469e-01 -8.285018136792753063e-02
2.625846344845101754e+01 6.592389969380437753e-01 3.530842217896660862e-01 -2.778755319423643622e-01 -1.369312580231277221e-01
2.635846344845101896e+01 6.328398167818028996e-01 3.367511365950708324e-01 -2.535887441883796223e-01 -1.892011034459560315e-01
2.645846344845102038e+01 6.097907560068899224e-01 3.153917453239435953e-01 -1.983285620883597222e-01 -2.370250314478415110e-01
2.655846344845102180e+01 5.937531581737818254e-01 2.895873010215190835e-01 -1.218643462492920576e-01 -2.776163950961780813e-01
2.665846344845102323e+01 5.848168846400348952e-01 2.602026842924011762e-01 -6.942624294797203333e-02 -3.082043579447633075e-01
2.675846344845102465e+01 5.769809790929482096e-01 2.283456846807430107e-01 -9.425444019865969469e-02 -3.268723521195497916e-01
2.685846344845102607e+01 5.650172162240221230e-01 1.952423754234999809e-01 -1.541982187095477796e-01 -3.331465448577890509e-01
2.695846344845102749e+01 5.451133826044213260e-01 1.621090053886161120e-01 -2.392234553699919830e-01 -3.276723091099130736e-01
2.705846344845102891e+01 5.177792657258730724e-01 1.300529160557303832e-01 -3.139529974184027683e-01 -3.118550443945415918e-01
2.715846344845103033e+01 4.808595148467290636e-01 1.000220300615140140e-01 -4.245693847342365546e-01 -2.875494951825323109e-01
2.725846344845103175e+01 4.339636753467519537e-01 7.274119411994259266e-02 -5.064550077069239764e-01 -2.572910193036732074e-01
2.735846344845103317e+01 3.810096632540918016e-01 4.868028202105346980e-02 -5.444718259491122536e-01 -2.235234093169410352e-01
2.745846344845103459e+01 3.266246420643075243e-01 2.808764916177457216e-02 -5.369830464961361516e-01 -1.882018843436398248e-01
2.755846344845103602e+01 2.748377284729215386e-01 1.104504462360236805e-02 -4.906708104944286220e-01 -1.527086957261204470e-01
2.765846344845103744e+01 2.302038545579345175e-01 -2.475507985318268003e-03 -3.960849004309326404e-01 -1.178326275763332542e-01
2.775846344845103886e+01 1.965488234041227467e-01 -1.254658158626260206e-02 -2.704410553727113475e-01 -8.369502190164146427e-02
2.785846344845104028e+01 1.769970380596082582e-01 -1.922640710613716247e-02 -1.239572882227556461e-01 -4.990159016794131625e-02
2.795846344845104170e+01 1.701678474330600987e-01 -2.251792216485320672e-02 -1.851959696294461222e-02 -1.586191807428113248e-02
2.805846344845104312e+01 1.729813710940907578e-01 -2.238610954737369971e-02 7.573323201740754518e-02 1.855415099344900898e-02
2.815846344845104454e+01 1.858309705460534367e-01 -1.879671220855445163e-02 1.839817053565456495e-01 5.328880888015924411e-02
2.825846344845104596e+01 2.095646265368167893e-01 -1.171507220933985446e-02 2.862792933386019145e-01 8.841770594010939233e-02
2.835846344845104738e+01 2.422365137410193991e-01 -1.100672904956670820e-03 3.627696252516731112e-01 1.239090277096670661e-01
2.845846344845104881e+01 2.807621506362791841e-01 1.306544218386922022e-02 3.993193971871416004e-01 1.593419112039637375e-01
2.855846344845105023e+01 3.206658118743107022e-01 3.073361897845697244e-02 3.931712381988127225e-01 1.937331490735097472e-01
2.865846344845105165e+01 3.581868212411181696e-01 5.172644532847422982e-02 3.503494339008215164e-01 2.255415556883398898e-01
2.875846344845105307e+01 3.900645158143837277e-01 7.569093137684224093e-02 2.899860859343262875e-01 2.528172597258340204e-01
2.885846344845105449e+01 4.168840661238122358e-01 1.020729435821750852e-01 2.449307084445492277e-01 2.736028480601830348e-01
2.895846344845105591e+01 4.383018558537178366e-01 1.301425198846421494e-01 1.826977820511406503e-01 2.863193036647805889e-01
2.905846344845105733e+01 4.537005752955656779e-01 1.590211542303882619e-01 1.263742556582637677e-01 2.895835883760307095e-01
2.915846344845105875e+01 4.643804500334325347e-01 1.877127214709824743e-01 9.514418554491305136e-02 2.824788148817447553e-01
2.925846344845106017e+01 4.738851904874156751e-01 2.151665918306353009e-01 9.725941607003991962e-02 2.648951300010857213e-01
2.935846344845106159e+01 4.847926135955539229e-01 2.403677594085849856e-01 1.288533843118986610e-01 2.376197915457707588e-01
2.945846344845106302e+01 5.004895095592845067e-01 2.624210407105707632e-01 1.833783525547514892e-01 2.022818201379070757e-01
2.955846344845106444e+01 5.207075270627712360e-01 2.806297053673877939e-01 2.169119813354105641e-01 1.611087384499675923e-01
2.965846344845106586e+01 5.431261440544530306e-01 2.945224755729017319e-01 2.288970800376030068e-01 1.163210044072381377e-01
2.975846344845106728e+01 5.659710263184871692e-01 3.038426012996295333e-01 2.226434594855619953e-01 6.998881133646944752e-02
2.985846344845106870e+01 5.860997824216880314e-01 3.085298585492524670e-01 1.739485164146403195e-01 2.392259675813834807e-02
2.995846344845107012e+01 6.006146620767919275e-01 3.086788524941790901e-01 1.180989717995682975e-01 -2.059526404821403894e-02
3.005846344845107154e+01 6.093631451208776362e-01 3.044979453825196747e-01 5.172517339865130570e-02 -6.250837798654643174e-02
3.015846344845107296e+01 6.106370396876643625e-01 2.962908246760979081e-01 -2.110403790620116182e-02 -1.010205633889548482e-01
3.025846344845107438e+01 6.065028122668690846e-01 2.844280880456919181e-01 -5.934153719040250602e-02 -1.354916006564761966e-01
3.035846344845107581e+01 5.983553642103400794e-01 2.693552287570515902e-01 -1.054461957167763253e-01 -1.650941830142744482e-01
3.045846344845107723e+01 5.849565164056158562e-01 2.515911336005845489e-01 -1.679632425700383069e-01 -1.892547290587553999e-01
3.055846344845107865e+01 5.639091712732251516e-01 2.316889977874977968e-01 -2.531498879899223287e-01 -2.078936753771027934e-01
3.065846344845108007e+01 5.343299537332920623e-01 2.101825574543328967e-01 -3.375152493513374763e-01 -2.214348607126634949e-01
3.075846344845108149e+01 4.984667477774405442e-01 1.875521281737705104e-01 -3.642242397817162525e-01 -2.304489176048249988e-01
3.085846344845108291e+01 4.620011660446949331e-01 1.642419246948229883e-01 -3.718970422227358963e-01 -2.349891717790745238e-01
3.095846344845108433e+01 4.248872962510010232e-01 1.407061693241724587e-01 -3.587790170217561858e-01 -2.349663603206409990e-01
3.105846344845108575e+01 3.903983940657180796e-01 1.174064263580164164e-01 -3.367085735048657713e-01 -2.302163569356137085e-01
3.115846344845108717e+01 3.579021393019461428e-01 9.482467726543503117e-02 -3.098911539906596402e-01 -2.206135520544880435e-01
3.125846344845108860e+01 3.278164777423270282e-01 7.344372387322627149e-02 -2.929635087683321593e-01 -2.062265455172991313e-01
3.135846344845109002e+01 3.001718452009395910e-01 5.372854541167103315e-02 -2.588373690656486370e-01 -1.873576203894888603e-01
3.145846344845109144e+01 2.754656049991555666e-01 3.610973269195183466e-02 -2.356080095233429317e-01 -1.643772895518054444e-01
3.155846344845109286e+01 2.531317592060775001e-01 2.096994550967934412e-02 -2.127479303638810104e-01 -1.378948284134669522e-01
3.165846344845109428e+01 2.331080104950625786e-01 8.621231551921695879e-03 -1.841225736011173064e-01 -1.086991264830953208e-01
3.175846344845109570e+01 2.166291898795541238e-01 -7.066073411438507368e-04 -1.436183242635462043e-01 -7.760352441903545229e-02
3.185846344845109712e+01 2.049104682772801000e-01 -6.859995551416995206e-03 -9.256250735187471212e-02 -4.531778429504969979e-02
3.195846344845109854e+01 1.977921875644831906e-01 -9.752540284133654619e-03 -4.284361639167186958e-02 -1.250812049179386709e-02
3.205846344845109996e+01 1.978823157744747374e-01 -9.363991648464091780e-03 4.193456573674062687e-02 2.025204895582867481e-02
3.215846344845110139e+01 2.049806317259239286e-01 -5.712206100579635820e-03 9.950992621457940834e-02 5.269324489552226765e-02
3.225846344845110281e+01 2.175745524319834256e-01 1.147592413174467960e-03 1.468347493409341009e-01 8.432046278949360818e-02
3.235846344845110423e+01 2.337797614368917476e-01 1.110258158793544364e-02 1.781914425049444528e-01 1.144630184816945728e-01
3.245846344845110565e+01 2.531712785566076485e-01 2.396400387478277508e-02 2.104032550376445376e-01 1.423223369447287334e-01
3.255846344845110707e+01 2.765855885897001709e-01 3.946817944385944826e-02 2.585627043498665012e-01 1.672302135907288712e-01
3.265846344845110849e+01 3.041492484487617332e-01 5.729816344141885898e-02 2.915276060698527294e-01 1.887755030690922708e-01
3.275846344845110991e+01 3.354220148659595724e-01 7.709832145427691907e-02 3.343356570708884701e-01 2.065852121539113739e-01
3.285846344845111133e+01 3.700674270172451541e-01 9.848471245073872615e-02 3.521457201924071412e-01 2.204713639506335754e-01
3.295846344845111275e+01 4.053908359807817940e-01 1.210513598249163963e-01 3.581836568355131756e-01 2.301207926222543221e-01
3.305846344845111417e+01 4.425189222577469161e-01 1.443585238130130066e-01 3.812815519586754687e-01 2.352771519735476491e-01
3.315846344845111560e+01 4.800670972219483468e-01 1.679582561303189503e-01 3.650154149232730516e-01 2.359608237197821090e-01
3.325846344845111702e+01 5.152472804470953349e-01 1.913944973185613962e-01 3.347829484260197996e-01 2.319615373535610370e-01
3.335846344845111844e+01 5.457760344830768773e-01 2.141844591258008357e-01 2.703601130496307570e-01 2.229677983413145825e-01
3.345846344845111986e+01 5.685419346691699127e-01 2.358037734633962323e-01 1.835200635003769176e-01 2.084424218643814997e-01
3.355846344845112128e+01 5.830424904497983896e-01 2.556684526971664817e-01 1.113955311695438849e-01 1.877993310817265282e-01
3.365846344845112270e+01 5.916630633243903370e-01 2.731541076966394477e-01 6.560576104947443699e-02 1.608908772546421562e-01
3.375846344845112412e+01 5.968118032149910546e-01 2.876534080032724372e-01 3.665929292608439971e-02 1.282028715096120708e-01
3.385846344845112554e+01 5.987164620680724969e-01 2.986329464511525700e-01 2.415914263249260840e-03 9.066570895642130090e-02
3.395846344845112696e+01 5.974905819457961842e-01 3.056617805446647518e-01 -2.683165834323254784e-02 4.939358434832072375e-02
3.405846344845112839e+01 5.938265798948597629e-01 3.084312980062985932e-01 -4.285723850509613048e-02 5.721043628847344298e-03
3.415846344845112981e+01 5.890930663632513165e-01 3.067793210169403317e-01 -5.191457568195006339e-02 -3.874818085933363215e-02
3.425846344845113123e+01 5.834674974357028088e-01 3.007132604626240879e-01 -6.391337228280567773e-02 -8.227045878550365288e-02
3.435846344845113265e+01 5.755005994548614279e-01 2.904111308067940933e-01 -9.283195390251544610e-02 -1.232303795418755732e-01
3.445846344845113407e+01 5.661399585982920257e-01 2.761986814356000020e-01 -9.483548965188345892e-02 -1.602332543684382160e-01
3.455846344845113549e+01 5.553611867489566256e-01 2.585446130155027444e-01 -1.218208706517991957e-01 -1.918566532574774719e-01
3.465846344845113691e+01 5.426309467892899141e-01 2.380405115335464672e-01 -1.307825232447382413e-01 -2.170814269065778623e-01
3.475846344845113833e+01 5.289599316132227447e-01 2.153714036286699940e-01 -1.432141060998771698e-01 -2.350280485531598407e-01
3.485846344845113975e+01 5.137904923613477726e-01 1.912969424053384548e-01 -1.621757001934701070e-01 -2.451272502190591784e-01
3.495846344845114118e+01 4.965085525213237538e-01 1.666127633348976622e-01 -1.834573982912306722e-01 -2.472335349878759525e-01
3.505846344845114260e+01 4.766101492520573024e-01 1.421087784604128934e-01 -2.139552406514227678e-01 -2.416014338936295636e-01
3.515846344845114402e+01 4.551132996272903020e-01 1.185298358518354495e-01 -2.109810036650322518e-01 -2.288382258632730148e-01
3.525846344845114544e+01 4.338156250706272088e-01 9.656002029560654953e-02 -2.173792498551681551e-01 -2.095270644511751934e-01
3.535846344845114686e+01 4.125203949298982820e-01 7.681414702925183635e-02 -2.046562729931005187e-01 -1.845188616740846277e-01
3.545846344845114828e+01 3.923124326086519509e-01 5.981547741906526050e-02 -2.040194043380380295e-01 -1.547496650612288360e-01
3.555846344845114970e+01 3.716671127067244229e-01 4.598195214788498852e-02 -2.060116374655391047e-01 -1.214532836134923632e-01
3.565846344845115112e+01 3.514783097780176391e-01 3.559506831595835030e-02 -1.990769197130433932e-01 -8.604774717785915183e-02
3.575846344845115254e+01 3.314597612799592419e-01 2.879533360066166559e-02 -1.996478688623188613e-01 -4.996073265673994790e-02
3.585846344845115397e+01 3.124833405482411730e-01 2.557605241031906534e-02 -1.759871327997323265e-01 -1.466505776738414452e-02
3.595846344845115539e+01 2.971456105660441049e-01 2.579738486448771712e-02 -1.238135483546561055e-01 1.869794697984361598e-02
3.605846344845115681e+01 2.884425492656621515e-01 2.922940592764090156e-02 -5.190613236746781378e-02 4.948737261160908452e-02
3.615846344845115823e+01 2.870950974013938284e-01 3.559978877266489067e-02 3.167763092284070492e-02 7.743423220080088154e-02
3.625846344845115965e+01 2.950792590590787245e-01 4.462270630450778514e-02 1.214665994912271785e-01 1.025819943281379987e-01
3.635846344845116107e+01 3.099016553517589534e-01 5.602896389689421969e-02 1.692335402948056955e-01 1.250957564270127054e-01
3.645846344845116249e+01 3.281086199605005027e-01 6.954621776569289149e-02 1.937973297306748999e-01 1.447330051316527422e-01
3.655846344845116391e+01 3.485405749164850464e-01 8.486482057820463054e-02 2.107503721217321713e-01 1.610506500615344616e-01
3.665846344845116533e+01 3.693116757631104141e-01 1.016299475503612548e-01 2.035642724947245019e-01 1.735681214046203014e-01
3.675846344845116676e+01 3.892116080039209058e-01 1.194318380339306623e-01 1.927494809942599807e-01 1.816929915947848029e-01
3.685846344845116818e+01 4.082765266847149244e-01 1.378057136496533830e-01 1.962739385969011208e-01 1.849463871602702869e-01
3.695846344845116960e+01 4.299651998883621262e-01 1.562569612799583063e-01 2.426404278989480190e-01 1.833033925025507049e-01
3.705846344845117102e+01 4.576774700284961250e-01 1.743271101830975722e-01 3.129982611575201634e-01 1.775001495576165045e-01
3.715846344845117244e+01 4.917506197188217243e-01 1.916586759810268992e-01 3.628157625138083708e-01 1.687394572082887567e-01
3.725846344845117386e+01 5.291533389080783634e-01 2.080128205404276343e-01 3.755671940312868551e-01 1.581002887970461568e-01
3.735846344845117528e+01 5.644143728698999274e-01 2.232358203634535743e-01 3.218825818433764807e-01 1.461404581873125275e-01
3.745846344845117670e+01 5.927911656693781728e-01 2.371900066350904057e-01 2.393114695496090794e-01 1.326450723418295119e-01
3.755846344845117812e+01 6.107732389995017552e-01 2.496918469575605259e-01 1.185926883249258101e-01 1.169415375047487132e-01
3.765846344845117954e+01 6.170486347360016888e-01 2.604709575092787888e-01 7.137966195255904256e-03 9.802946501200364426e-02
3.775846344845118097e+01 6.117246941140365157e-01 2.691623699225577093e-01 -1.134435885152441648e-01 7.505470320195001266e-02
3.785846344845118239e+01 5.950189546786778250e-01 2.753218969327623222e-01 -2.169476625516633117e-01 4.729622580914184804e-02
3.795846344845118381e+01 5.692534964178626034e-01 2.784513255101355722e-01 -2.913809261797109529e-01 1.444941545465192045e-02
3.805846344845118523e+01 5.384098695732670858e-01 2.780531260283791717e-01 -3.175493257294483285e-01 -2.312644765690165249e-02
3.815846344845118665e+01 5.070456863052291707e-01 2.737080401736843860e-01 -3.030254566003733885e-01 -6.421844642897409083e-02
3.825846344845118807e+01 4.800135863047222951e-01 2.651576947469786449e-01 -2.240944849956729157e-01 -1.068281040034074342e-01
3.835846344845118949e+01 4.631323849472062659e-01 2.523885987497730410e-01 -1.206883416299081857e-01 -1.480426466895559401e-01
3.845846344845119091e+01 4.541457807617301778e-01 2.357007094954985393e-01 -6.459987674013883963e-02 -1.847413449469863245e-01
3.855846344845119233e+01 4.492996162815475758e-01 2.156705567555103342e-01 -3.518141895506379790e-02 -2.145554029570261312e-01
3.865846344845119376e+01 4.474166684885382828e-01 1.930765067219648579e-01 -2.353147867378835301e-04 -2.357701597488499889e-01
3.875846344845119518e+01 4.488556308210708834e-01 1.688490950072159824e-01 2.528937269173890667e-02 -2.470280298379740336e-01
3.885846344845119660e+01 4.513514114348936013e-01 1.440305143089916640e-01 1.318120590717514369e-02 -2.475291706593730212e-01
3.895846344845119802e+01 4.488430948336955550e-01 1.196951227846959481e-01 -7.220669971443736956e-02 -2.375272555750446157e-01
3.905846344845119944e+01 4.359191252296898411e-01 9.682193143428528825e-02 -1.899482991096145268e-01 -2.186457954887352229e-01
3.915846344845120086e+01 4.106325621228122946e-01 7.617933727779288566e-02 -3.145461158490499565e-01 -1.933754327107330417e-01
3.925846344845120228e+01 3.733701337426980627e-01 5.826466836090425649e-02 -4.257925517624040479e-01 -1.645703398846985466e-01
3.935846344845120370e+01 3.275069125235618439e-01 4.329049201033854238e-02 -4.790725743631886746e-01 -1.349801220395707158e-01
3.945846344845120512e+01 2.801561296716122973e-01 3.122768326957246071e-02 -4.536263677962955598e-01 -1.065799621198332547e-01
3.955846344845120655e+01 2.388184519141798856e-01 2.190650074486247267e-02 -3.688194834566061453e-01 -8.018830500592866173e-02
3.965846344845120797e+01 2.077111689435646169e-01 1.512574740066651401e-02 -2.425591783201275498e-01 -5.570251769774317574e-02
3.975846344845120939e+01 1.914734889269823770e-01 1.072886642999112267e-02 -8.379808238382349672e-02 -3.231306468843683777e-02
3.985846344845121081e+01 1.902709959256262129e-01 8.668288667325744698e-03 5.660769569741758156e-02 -8.778502965297939331e-03
3.995846344845121223e+01 2.025607300370164399e-01 9.013055610987598040e-03 1.915009059425959725e-01 1.594846788619388653e-02
4.005846344845121365e+01 2.284512314911062159e-01 1.192844125361961979e-02 3.167638561414432008e-01 4.278391109365484168e-02
4.015846344845121507e+01 2.632784561472562568e-01 1.766014421849427390e-02 3.702699523256903213e-01 7.228715868637641817e-02
4.025846344845121649e+01 3.015190653698632817e-01 2.646110940854031965e-02 3.918849179125419302e-01 1.040309186531242491e-01
4.035846344845121791e+01 3.412539847183175268e-01 3.850747088043049438e-02 3.989371051502943466e-01 1.370011837481200367e-01
4.045846344845121934e+01 3.797285692883962116e-01 5.385816284446367369e-02 3.613898241657768073e-01 1.698527910902958571e-01
4.055846344845122076e+01 4.123331690288513651e-01 7.241025512717697010e-02 2.894252196563838475e-01 2.006574084706777283e-01
4.065846344845122218e+01 4.381258155057949910e-01 9.384525124915736594e-02 2.271427656400450412e-01 2.271432288953496859e-01
4.075846344845122360e+01 4.563867432401194635e-01 1.176256906462416763e-01 1.304641515084402070e-01 2.472209132954025501e-01
4.085846344845122502e+01 4.644092092767239111e-01 1.430026996097937542e-01 3.465904027968796930e-02 2.587121742565645643e-01
4.095846344845122644e+01 4.636424636930999710e-01 1.690195211839456702e-01 -4.766436718852011534e-02 2.597637916992198148e-01
4.105846344845122786e+01 4.557893593716274006e-01 1.945669569602995197e-01 -1.055860247030249721e-01 2.491899972747955994e-01
4.115846344845122928e+01 4.441610070458748005e-01 2.184572277090861547e-01 -1.108412440897000584e-01 2.266485000204024047e-01
4.125846344845123070e+01 4.365400088465922757e-01 2.395282346079047331e-01 -3.396214846220349526e-02 1.931112646208971995e-01
4.135846344845123213e+01 4.386644798771829334e-01 2.567951891591559455e-01 8.213396122944267852e-02 1.510759736265586961e-01
4.145846344845123355e+01 4.526467342547774164e-01 2.695736757056232391e-01 1.921540804260762625e-01 1.039502368401264976e-01
4.155846344845123497e+01 4.765927820654995428e-01 2.775348925160632252e-01 2.825902005780209780e-01 5.530990148686915076e-02
4.165846344845123639e+01 5.075006369143132412e-01 2.806959589846630410e-01 3.294280525052597497e-01 8.452314751091358214e-03
4.175846344845123781e+01 5.418171880024208464e-01 2.793746677513652688e-01 3.508240876046815893e-01 -3.394112859573349128e-02
4.185846344845123923e+01 5.762154511384572908e-01 2.741256002763156618e-01 3.318581770410285459e-01 -6.982854538716731785e-02
4.195846344845124065e+01 6.065567065496405563e-01 2.656673199874102775e-01 2.636554320685062791e-01 -9.799971634674242704e-02
4.205846344845124207e+01 6.277642898409298011e-01 2.547900695511719493e-01 1.593003011428595905e-01 -1.182659391460003234e-01
4.215846344845124349e+01 6.373072999089309798e-01 2.422560865635517147e-01 2.286987428910292053e-02 -1.313006690118996289e-01
4.225846344845124491e+01 6.315600655120239271e-01 2.287238681441917110e-01 -1.367301396078025311e-01 -1.385361449261062472e-01
4.235846344845124634e+01 6.108467375975777935e-01 2.146769445080150551e-01 -2.694879171332751344e-01 -1.419218054166376530e-01
4.245846344845124776e+01 5.787836912968126191e-01 2.004089116725987774e-01 -3.733080554632479675e-01 -1.432133472464410806e-01
4.255846344845124918e+01 5.356798092774244235e-01 1.860538632235927137e-01 -4.858702440879494322e-01 -1.439253220348326034e-01
4.265846344845125060e+01 4.828481871622726795e-01 1.715917750465040248e-01 -5.649047642415514492e-01 -1.455803010408809051e-01
4.275846344845125202e+01 4.244481977123730765e-01 1.568706850579063006e-01 -5.890280885458398785e-01 -1.492204685525863050e-01
4.285846344845125344e+01 3.677023310890883412e-01 1.416758749431565045e-01 -5.381890610233328598e-01 -1.549741729175954930e-01
4.295846344845125486e+01 3.180681892424995216e-01 1.258361161845146792e-01 -4.441930722640154428e-01 -1.618997011178745227e-01
4.305846344845125628e+01 2.812931138311779988e-01 1.093131431013404931e-01 -2.830317537611293233e-01 -1.682745522499224933e-01
4.315846344845125770e+01 2.619959542837684285e-01 9.228410442902730548e-02 -1.040797274046450782e-01 -1.715595024153999393e-01
4.325846344845125913e+01 2.592073605923208568e-01 7.519353450559412844e-02 3.750297592426712900e-02 -1.691020573927590753e-01
4.335846344845126055e+01 2.680538247441056066e-01 5.871976145707345773e-02 1.376724871527728600e-01 -1.589928419885896227e-01
4.345846344845126197e+01 2.860561280514598570e-01 4.368513694014600907e-02 2.161218266156194057e-01 -1.402005500355361090e-01
4.355846344845126339e+01 3.110773467072358023e-01 3.098088078919186694e-02 2.872345281482380774e-01 -1.123861622761348766e-01
4.365846344845126481e+01 3.418318606307582108e-01 2.150274219486122615e-02 3.076189980523931777e-01 -7.576486024558631849e-02
4.375846344845126623e+01 3.700097425164329268e-01 1.607871686887278606e-02 2.562813177825556954e-01 -3.166524263473079193e-02
4.385846344845126765e+01 3.932401142826071894e-01 1.533547320961109635e-02 2.015825541295830914e-01 1.740188398108709344e-02
4.395846344845126907e+01 4.085497877966068891e-01 1.962717107779995279e-02 9.851029162207977641e-02 6.848258396475920273e-02
4.405846344845127049e+01 4.123601238132930669e-01 2.897890498571575185e-02 -2.075075446807049528e-02 1.179648086069431390e-01
4.415846344845127192e+01 4.057739564185731118e-01 4.304171481059260174e-02 -1.037472744396891050e-01 1.621215701583151869e-01
4.425846344845127334e+01 3.921483219701591971e-01 6.112250364965358257e-02 -1.660960770376352369e-01 1.978754846621956220e-01
4.435846344845127476e+01 3.740881528752003082e-01 8.225732185380815742e-02 -1.856250435160710088e-01 2.228822669323466399e-01
4.445846344845127618e+01 3.567542720599256589e-01 1.052960135264346675e-01 -1.505554485499645267e-01 2.358423880271496575e-01
4.455846344845127760e+01 3.463065770197302218e-01 1.290234632491628064e-01 -4.999813929355607922e-02 2.367827937647907222e-01
4.465846344845127902e+01 3.474961148089668606e-01 1.522972501590859062e-01 7.526908598728289379e-02 2.270888063202520235e-01
4.475846344845128044e+01 3.614762076388874923e-01 1.741601884712259685e-01 2.041152153563116634e-01 2.089776651356372306e-01
4.485846344845128186e+01 3.881627461664119427e-01 1.938996240598604981e-01 3.261829712775655143e-01 1.850777614594887599e-01
4.495846344845128328e+01 4.250210900753665921e-01 2.110738153319005328e-01 4.009667571292985788e-01 1.581000486307069519e-01
4.505846344845128471e+01 4.672611821697253420e-01 2.254918347009121360e-01 4.406604486975521651e-01 1.302747202799651449e-01
4.515846344845128613e+01 5.112938388501750975e-01 2.371582958136581043e-01 4.251085825497326609e-01 1.033067214722979132e-01
4.525846344845128755e+01 5.503175176377922417e-01 2.462120700076277924e-01 3.544501606048445219e-01 7.807611039048961699e-02
4.535846344845128897e+01 5.825757899190860956e-01 2.528354864394655732e-01 2.904060843943114811e-01 5.470742652812536633e-02
4.545846344845129039e+01 6.080176971312437617e-01 2.572166941106032723e-01 2.165885497428060025e-01 3.322439385272994705e-02
4.555846344845129181e+01 6.252487747832146114e-01 2.595376987678975067e-01 1.236438820397609273e-01 1.344933238755730356e-02
4.565846344845129323e+01 6.321941373907584705e-01 2.599465975637604842e-01 1.451368306529067509e-02 -5.134113761863748349e-03
4.575846344845129465e+01 6.284186383031126200e-01 2.585248918306703447e-01 -8.637211596234080357e-02 -2.329386880121162018e-02
4.585846344845129607e+01 6.153064176565213872e-01 2.552790396387201177e-01 -1.777540890788854855e-01 -4.171187605512986091e-02
4.595846344845129750e+01 5.929051201595072484e-01 2.501551528448152650e-01 -2.646990658894506909e-01 -6.094874554938353728e-02
4.605846344845129892e+01 5.636103091116801966e-01 2.430483819664485123e-01 -3.159945643668912174e-01 -8.139339280454141456e-02
4.615846344845130034e+01 5.314922119568010750e-01 2.338404835893240774e-01 -3.147801381688578592e-01 -1.028901811494331020e-01
4.625846344845130176e+01 5.020355359167599785e-01 2.224655741473127168e-01 -2.714116441676703295e-01 -1.245107851938371535e-01
4.635846344845130318e+01 4.778137891375306978e-01 2.089846886499366341e-01 -2.120926755763874183e-01 -1.447336129451458619e-01
4.645846344845130460e+01 4.592976397527387400e-01 1.936214208835159711e-01 -1.580849170081080057e-01 -1.618881423435742095e-01
4.655846344845130602e+01 4.466996260550343267e-01 1.767604578842087992e-01 -9.216852578149159481e-02 -1.744394380657921517e-01
4.665846344845130744e+01 4.409400879019619857e-01 1.589359037475981673e-01 -2.422651414463354580e-02 -1.809271944457780945e-01
4.675846344845130886e+01 4.406929224883788243e-01 1.408179246919181449e-01 9.701157160790487011e-03 -1.801551939293905003e-01
4.685846344845131028e+01 4.406328740229168428e-01 1.231613027603949556e-01 -2.385381073210825903e-02 -1.717331440027469736e-01
4.695846344845131171e+01 4.344218687432951920e-01 1.066989113284026874e-01 -9.629750803903389111e-02 -1.565124863787169807e-01
4.705846344845131313e+01 4.230756518052540271e-01 9.203263522418318743e-02 -1.276269865626824818e-01 -1.360601474523354670e-01
4.715846344845131455e+01 4.086070003629195813e-01 7.961504369076120857e-02 -1.631405665095633228e-01 -1.117733610005773592e-01
4.725846344845131597e+01 3.897855484589151653e-01 6.975427179708980352e-02 -2.163476813608110894e-01 -8.521015068528725589e-02
4.735846344845131739e+01 3.661002157030402437e-01 6.258732131223798678e-02 -2.519931209294739571e-01 -5.820696229122732102e-02
4.745846344845131881e+01 3.391454992936019930e-01 5.807116452147021574e-02 -2.870495577031705325e-01 -3.245771199351817071e-02
4.755846344845132023e+01 3.105431378571907319e-01 5.600306788630427662e-02 -2.749353500225794611e-01 -9.458436560867974213e-03
4.765846344845132165e+01 2.849681451586465464e-01 5.605983194549560289e-02 -2.307805448723896924e-01 9.967478035457767033e-03
4.775846344845132307e+01 2.664295339070328894e-01 5.787281500059276995e-02 -1.337982665921242931e-01 2.571581877407664446e-02
4.785846344845132450e+01 2.580776906635440238e-01 6.110249735388110365e-02 -3.374493891310467730e-02 3.845108947374771546e-02
4.795846344845132592e+01 2.603871250027765538e-01 6.549390934725460300e-02 8.388397747173169383e-02 4.912653467312066979e-02
4.805846344845132734e+01 2.750257750779233068e-01 7.090021776723338942e-02 2.082470425112499801e-01 5.897792156092430960e-02
4.815846344845132876e+01 3.022161113292999857e-01 7.730817285611819856e-02 3.361377952917634637e-01 6.939190169066218605e-02
4.825846344845133018e+01 3.410242482966598376e-01 8.484314775679106801e-02 4.275757902152461654e-01 8.172126863171125244e-02
4.835846344845133160e+01 3.856828115696956383e-01 9.374223778382466399e-02 4.611582918660874775e-01 9.671285790105652036e-02
4.845846344845133302e+01 4.330746083835990135e-01 1.042717026825675797e-01 4.848209537939826008e-01 1.142777661488571656e-01
4.855846344845133444e+01 4.805546574071437593e-01 1.166686168753094111e-01 4.459908640295318083e-01 1.339329887908615457e-01
4.865846344845133586e+01 5.194361004369929535e-01 1.310808525201671015e-01 3.278367885241970647e-01 1.542241734839871758e-01
4.875846344845133729e+01 5.458085629578028897e-01 1.474521464356505773e-01 1.939496356842076719e-01 1.726736242162121293e-01
4.885846344845133871e+01 5.571950759942702058e-01 1.654627375699539438e-01 3.394844328398619049e-02 1.865294640183021990e-01
4.895846344845134013e+01 5.536688782266470099e-01 1.845104222550486561e-01 -9.557600990194470292e-02 1.929827452742040872e-01
4.905846344845134155e+01 5.399168333353325799e-01 2.037416254902802704e-01 -1.719167591115980942e-01 1.899454272655564102e-01
4.915846344845134297e+01 5.209230046786730295e-01 2.221501049899275437e-01 -1.979268817883854115e-01 1.764641523200760620e-01
4.925846344845134439e+01 5.021320802217357215e-01 2.386927267582042989e-01 -1.683754092008235559e-01 1.527713741376941492e-01
4.935846344845134581e+01 4.902177607594462860e-01 2.524124983077166706e-01 -5.469235203547311019e-02 1.203777288891448444e-01
4.945846344845134723e+01 4.924149334417868840e-01 2.625766224797407844e-01 9.959571934448775699e-02 8.225934942232331071e-02
4.955846344845134865e+01 5.102063839820919489e-01 2.688005879834226564e-01 2.503747640170581601e-01 4.223157923035779360e-02
4.965846344845135008e+01 5.403009758645759275e-01 2.710858894476849135e-01 3.437259475892576743e-01 4.058507957242059316e-03
4.975846344845135150e+01 5.777140626374720478e-01 2.697743295113008699e-01 3.936367354815183406e-01 -2.927752791753482353e-02
4.985846344845135292e+01 6.167526810338647136e-01 2.654614627037927832e-01 3.794724303634257057e-01 -5.572327012155258580e-02
4.995846344845135434e+01 6.520145973729735145e-01 2.588907592768068811e-01 3.169551102162621037e-01 -7.437038831416778462e-02
5.005846344845135576e+01 6.785466349213380433e-01 2.508437066928000392e-01 2.016939620979183723e-01 -8.536205127271453974e-02
5.015846344845135718e+01 6.892144413277281334e-01 2.420318117375314104e-01 2.545462393350850228e-03 -9.000414868527023549e-02
5.025846344845135860e+01 6.793105698676006332e-01 2.329688371481508924e-01 -1.972830727313026333e-01 -9.086848522478645218e-02
5.035846344845136002e+01 6.502286779452731702e-01 2.238887520225155137e-01 -3.780037773275704005e-01 -9.080895036396337272e-02
5.045846344845136144e+01 6.057377703759394549e-01 2.147521246884540047e-01 -5.001440848459538513e-01 -9.236558710739946332e-02
5.055846344845136286e+01 5.529619703987898038e-01 2.053054519992150717e-01 -5.415289548138324527e-01 -9.718366962602462134e-02
5.065846344845136429e+01 4.996711573196181977e-01 1.951925781707108398e-01 -5.120606602356430059e-01 -1.056490865983641253e-01
5.075846344845136571e+01 4.532462141159928071e-01 1.840805572671996848e-01 -4.073173026656194962e-01 -1.169240192588063276e-01
5.085846344845136713e+01 4.192285471355933768e-01 1.717784249181554257e-01 -2.682323325974390604e-01 -1.290637334218718291e-01
5.095846344845136855e+01 3.998158838140350446e-01 1.583224569468817955e-01 -1.234124140058351082e-01 -1.395631866964398560e-01
5.105846344845136997e+01 3.943509014268193891e-01 1.440046007654846860e-01 1.370476710238577311e-02 -1.459062077260391554e-01
5.115846344845137139e+01 4.009640162292430476e-01 1.293535361805798201e-01 1.073243658656685279e-01 -1.459119296642652774e-01
5.125846344845137281e+01 4.143425562655624339e-01 1.150790803758252323e-01 1.508212876663588831e-01 -1.382430653371004847e-01
5.135846344845137423e+01 4.282002651478142852e-01 1.019694471740494185e-01 1.158989819712780700e-01 -1.226918247992723338e-01
5.145846344845137565e+01 4.373854106256558905e-01 9.076793572559452294e-02 6.935756282336784373e-02 -1.003345214958606541e-01
5.155846344845137708e+01 4.414282220127064837e-01 8.207493774273011411e-02 5.994864762859597462e-03 -7.282302411669661080e-02
5.165846344845137850e+01 4.378345201507259365e-01 7.630581768288530187e-02 -7.776773367961967165e-02 -4.225163942705741082e-02
5.175846344845137992e+01 4.266157482053548056e-01 7.364481622276124184e-02 -1.442869307926670508e-01 -1.106454750073187707e-02
5.185846344845138134e+01 4.086339816549475201e-01 7.403620599760421528e-02 -2.155969298461359873e-01 1.841826553391814544e-02
5.195846344845138276e+01 3.842591384374923758e-01 7.719705054479869544e-02 -2.681974992907774635e-01 4.397522677663222301e-02
5.205846344845138418e+01 3.561809820532058080e-01 8.263906488724828692e-02 -2.794297042098386474e-01 6.379223426157082377e-02
5.215846344845138560e+01 3.317665700626943881e-01 8.973316928878082022e-02 -1.979859396118087700e-01 7.699720514858725273e-02
5.225846344845138702e+01 3.176831779419005408e-01 9.783595145317540431e-02 -7.680816892844534449e-02 8.414960764322611253e-02
5.235846344845138844e+01 3.178647400616638752e-01 1.064102212148378412e-01 8.315191849650084566e-02 8.674351611683439600e-02
5.245846344845138987e+01 3.342819291928316727e-01 1.151044306956908736e-01 2.465291831329062822e-01 8.693398213024029764e-02
5.255846344845139129e+01 3.673830317133869872e-01 1.237958938685644883e-01 4.119894421892055236e-01 8.709402181674597010e-02
5.265846344845139271e+01 4.153316818246101105e-01 1.326001407594360471e-01 5.410575123348865256e-01 8.953889376126990263e-02
5.275846344845139413e+01 4.741751014392370789e-01 1.418390027692607025e-01 6.224556082035517246e-01 9.601736822021528228e-02
5.285846344845139555e+01 5.363040847982422088e-01 1.519661651531891977e-01 6.055839590504076275e-01 1.073150731457203355e-01
5.295846344845139697e+01 5.936540777266229307e-01 1.634409930425868018e-01 5.343302391016022668e-01 1.227531792961863433e-01
5.305846344845139839e+01 6.408815872915856193e-01 1.765982169106135313e-01 3.982038087121722580e-01 1.405966492523869349e-01
5.315846344845139981e+01 6.724886281725990234e-01 1.915513271614401880e-01 2.374941052741386671e-01 1.581598737128323551e-01
5.325846344845140123e+01 6.885814997892079070e-01 2.081198858540097840e-01 7.906949775555555116e-02 1.724200056218760935e-01
5.335846344845140266e+01 6.873697713678535992e-01 2.258274367994978216e-01 -1.029267909487029953e-01 1.804386675217177216e-01
5.345846344845140408e+01 6.686753382129855261e-01 2.439022180405437668e-01 -2.650175120184341537e-01 1.793178573627101646e-01
5.355846344845140550e+01 6.364460835582227416e-01 2.613110161839507506e-01 -3.689179955949691836e-01 1.668428941054357906e-01
5.365846344845140692e+01 5.956750899630748330e-01 2.768582245694123922e-01 -4.437664210402983422e-01 1.420184614163687020e-01
5.375846344845140834e+01 5.501369011405774501e-01 2.893033462805607581e-01 -4.490017757166746004e-01 1.049068897430677355e-01
5.385846344845140976e+01 5.082700973661025134e-01 2.974794357983744919e-01 -3.818549452594665050e-01 5.703890515680460488e-02
5.395846344845141118e+01 4.755066373395367973e-01 3.004513137556162339e-01 -2.618457926884971143e-01 1.413523847829424585e-03
5.405846344845141260e+01 4.580828994904793117e-01 2.976399418580677469e-01 -7.769545072068073654e-02 -5.784101866047430818e-02
5.415846344845141402e+01 4.610139626887722053e-01 2.889330476338260456e-01 1.363088856601484267e-01 -1.155844170476166693e-01
5.425846344845141545e+01 4.841563168899120084e-01 2.747556741787084422e-01 3.156439277117898401e-01 -1.663761810861959511e-01
5.435846344845141687e+01 5.217121863731656317e-01 2.560463970775755937e-01 4.237484251114884692e-01 -2.055609681164562719e-01
5.445846344845141829e+01 5.659797009054807759e-01 2.341376079767988339e-01 4.422731580404563601e-01 -2.299848694878861843e-01
5.455846344845141971e+01 6.067431202014749170e-01 2.105843708674493553e-01 3.622841800947209090e-01 -2.384312461461369492e-01
5.465846344845142113e+01 6.364002655824390065e-01 1.869591832224581363e-01 2.170665693034228017e-01 -2.316940112500811833e-01
5.475846344845142255e+01 6.477997039470497764e-01 1.646718611358971296e-01 4.550717143129878739e-03 -2.122198009382217920e-01
5.485846344845142397e+01 6.363793130861788994e-01 1.448116187928590037e-01 -2.370195934061781196e-01 -1.838801592843616051e-01
5.495846344845142539e+01 6.003734223674835890e-01 1.280358228447818769e-01 -4.788021688983168378e-01 -1.513470745119947503e-01
5.505846344845142681e+01 5.422815628402376520e-01 1.145211053333720364e-01 -6.695074649874387385e-01 -1.194223491000684090e-01
5.515846344845142823e+01 4.699053225508060261e-01 1.039957107880811471e-01 -7.598754689641795679e-01 -9.211125459899430212e-02
5.525846344845142966e+01 3.939284947417242000e-01 9.586282913732535604e-02 -7.434388845254822353e-01 -7.181965591366683277e-02
5.535846344845143108e+01 3.231909525077182876e-01 8.937523297240375364e-02 -6.650038918570987390e-01 -5.918605531591596136e-02
5.545846344845143250e+01 2.628558407885909221e-01 8.379015731940631095e-02 -5.307572688749183643e-01 -5.357790249245989594e-02
5.555846344845143392e+01 2.186806957747216285e-01 7.848175895680291336e-02 -3.444084763183343223e-01 -5.327536749759692603e-02
5.565846344845143534e+01 1.956139101154662496e-01 7.304771019737295312e-02 -1.143899179847407410e-01 -5.556651411926124412e-02
5.575846344845143676e+01 1.953318807175484229e-01 6.739378998970778356e-02 1.063037840998944661e-01 -5.710533360124753210e-02
5.585846344845143818e+01 2.157271089184635837e-01 6.176003611528507742e-02 2.888802065632205540e-01 -5.466447432068669010e-02
5.595846344845143960e+01 2.500267797952315796e-01 5.667637637078349472e-02 3.810770797029923718e-01 -4.581231005066745826e-02
5.605846344845144102e+01 2.885898359476652963e-01 5.284333193616747720e-02 3.776917531553924401e-01 -2.964525341047782869e-02
5.615846344845144245e+01 3.248489052895585094e-01 5.096976798082588495e-02 3.461502587978273482e-01 -6.823702543905334900e-03
5.625846344845144387e+01 3.565671492075600524e-01 5.165252278452587414e-02 2.814186790174393327e-01 2.118947281428338811e-02
5.635846344845144529e+01 3.796375329244867647e-01 5.531029188548386433e-02 1.672879980333194516e-01 5.225521276227208800e-02
5.645846344845144671e+01 3.883151160285132075e-01 6.210607884267224654e-02 1.042147286204028744e-02 8.337249410280314632e-02
5.655846344845144813e+01 3.834476802746334956e-01 7.187092673828994471e-02 -1.033551743682072088e-01 1.111029991305881731e-01
5.665846344845144955e+01 3.689545899119563432e-01 8.411891610556024301e-02 -1.731797450038934372e-01 1.326282943707180473e-01
5.675846344845145097e+01 3.509803729264162064e-01 9.812677184522256013e-02 -1.823384845790037567e-01 1.461006330132568476e-01
5.685846344845145239e+01 3.331303715563446732e-01 1.130453631473521403e-01 -1.689461719837835330e-01 1.507844152982463215e-01
5.695846344845145381e+01 3.188802909363044336e-01 1.279914978416723803e-01 -1.051498278414853410e-01 1.467404698016014919e-01
5.705846344845145524e+01 3.139880965678753522e-01 1.421390848074205737e-01 1.310700510079911008e-02 1.351030616486586233e-01
5.715846344845145666e+01 3.224197403416973473e-01 1.548312227515887818e-01 1.587493628066055096e-01 1.180599800099781244e-01
5.725846344845145808e+01 3.455579754478413923e-01 1.656639670193401637e-01 3.017972766434226517e-01 9.840466646739119694e-02
5.735846344845145950e+01 3.822899920292147646e-01 1.745216943023901457e-01 4.238092399093209561e-01 7.902811115262921293e-02
5.745846344845146092e+01 4.275109032567687151e-01 1.815625022776934661e-01 4.717890353098960765e-01 6.239499877868875249e-02
5.755846344845146234e+01 4.758403394872582903e-01 1.871413280582466809e-01 4.854620682663669529e-01 4.996375175266377922e-02
5.765846344845146376e+01 5.220705151862569116e-01 1.917174265417143642e-01 4.323344766738543288e-01 4.235454151988807259e-02
5.775846344845146518e+01 5.618826634256415264e-01 1.957606121372185426e-01 3.612128809314562039e-01 3.918466042836628999e-02
5.785846344845146660e+01 5.937445216017745997e-01 1.996723232837077089e-01 2.716478424293420346e-01 3.953993026381381892e-02
5.795846344845146803e+01 6.141596722635123129e-01 2.037410504720075788e-01 1.256044666949548971e-01 4.203536509309442615e-02
5.805846344845146945e+01 6.182679881230361829e-01 2.080783880010396991e-01 -4.022310793838959619e-02 4.449296509548938267e-02
5.815846344845147087e+01 6.074259226155942493e-01 2.125566627219057925e-01 -1.651023582986798077e-01 4.448340457001095927e-02
5.825846344845147229e+01 5.876443479174435769e-01 2.168337117050426754e-01 -2.240904839486718148e-01 4.027270791580665060e-02
5.835846344845147371e+01 5.629448881563129392e-01 2.204462530468056791e-01 -2.686662429692519560e-01 3.112459108832991289e-02
5.845846344845147513e+01 5.347234624069054920e-01 2.228858309632474333e-01 -2.881865284808662886e-01 1.681196747527655133e-02
5.855846344845147655e+01 5.069783652618338188e-01 2.236480068479731464e-01 -2.599094531690734344e-01 -2.289034368702130146e-03
5.865846344845147797e+01 4.844817481026122419e-01 2.223086534509988443e-01 -1.793774807605177102e-01 -2.494087790453927353e-02
5.875846344845147939e+01 4.711684488743324573e-01 2.186106967351567065e-01 -9.813889559058966428e-02 -4.906502841626518563e-02
5.885846344845148082e+01 4.638881003015426496e-01 2.125183266058932874e-01 -4.138475845490321298e-02 -7.252174343559084080e-02
5.895846344845148224e+01 4.632148063074768007e-01 2.041906659792064038e-01 2.050472123729950996e-02 -9.344864833699334516e-02
5.905846344845148366e+01 4.672897079330263770e-01 1.939708706175023445e-01 6.472646968187138750e-02 -1.101220773157670918e-01
5.915846344845148508e+01 4.761885691379787455e-01 1.823538668398020646e-01 1.059018888699718303e-01 -1.211753436137973927e-01
5.925846344845148650e+01 4.868594749468737604e-01 1.699567712747702131e-01 1.033707559734221154e-01 -1.256313645745390506e-01
5.935846344845148792e+01 4.966525374806424198e-01 1.574542021323397933e-01 9.053834026570638238e-02 -1.233015644083206991e-01
5.945846344845148934e+01 5.042118854891143309e-01 1.455125071130017322e-01 5.999972024219300815e-02 -1.145102070220331697e-01
5.955846344845149076e+01 5.092939957205459001e-01 1.347421121109143027e-01 4.067521906706422774e-02 -1.000192729542807302e-01
5.965846344845149218e+01 5.106143057256752327e-01 1.256663942958265723e-01 -2.306286323980073771e-02 -8.082865339908984481e-02
5.975846344845149360e+01 5.037090894849449718e-01 1.186763969977607663e-01 -1.185641629253259555e-01 -5.865524404547750592e-02
5.985846344845149503e+01 4.873551602074170930e-01 1.139587073001740725e-01 -1.981503294347415345e-01 -3.577490026017055014e-02
5.995846344845149645e+01 4.655854487329700864e-01 1.114756527572446365e-01 -2.370555404424198875e-01 -1.424499766209857271e-02
6.000000000000000000e+01 4.554277230119916364e-01 1.110557402685432155e-01 -2.509852972681084760e-01 -6.064905962330034012e-03
