time[s] x1[m] x2[m] x1_dot[m/s] x2_dot[m/s]
0.000000000000000000e+00 0.000000000000000000e+00 0.000000000000000000e+00 0.000000000000000000e+00 0.000000000000000000e+00
9.999999999999999124e-05 2.128289056109676696e-08 2.557808053305237657e-15 4.256491645184053044e-04 7.699084508721287063e-11
1.100000000000000066e-03 2.574181042818979964e-06 3.745894400274840473e-12 4.679277991042798089e-03 1.055744011256826611e-08
1.110000000000000049e-02 2.610244014328540803e-04 7.347358102514268788e-09 4.691961072322319709e-02 2.334682753153663502e-06
5.776058255960189736e-02 6.913817507628876487e-03 3.297352260922040270e-06 2.357991791741326781e-01 2.190361499032096723e-04
1.577605825596019029e-01 4.851370022802579257e-02 1.606140760845090314e-04 5.812482526253466286e-01 3.947079711291072088e-03
2.577605825596018807e-01 1.195144372142473987e-01 1.068230634392246942e-03 8.159036498389741210e-01 1.587705596855155249e-02
3.577605825596018585e-01 2.070397257214307563e-01 3.705137635168443289e-03 9.153839307580150519e-01 3.879881624345035696e-02
4.577605825596018363e-01 2.993934255797866539e-01 9.212199735825233118e-03 9.152862278857155642e-01 7.318486122601386423e-02
5.577605825596018141e-01 3.863827232865415517e-01 1.867570827943674031e-02 8.042963124371245165e-01 1.175105548159841029e-01
6.577605825596017919e-01 4.566534623586784858e-01 3.293014612704113497e-02 5.903476416845385710e-01 1.682504725001892076e-01
7.577605825596017697e-01 5.040431616832337092e-01 5.236859442078944937e-02 3.587825517727040170e-01 2.202663048998684536e-01
8.577605825596017475e-01 5.286590600018311603e-01 7.684159044884446288e-02 1.378593677408060103e-01 2.680360888790505047e-01
9.577605825596017253e-01 5.330434413174073294e-01 1.056617505812797453e-01 -4.322219284988371157e-02 3.064172338324748779e-01
1.057760582559601703e+00 5.218630300442143044e-01 1.376708069343644536e-01 -1.666291977859158668e-01 3.312170013849243255e-01
1.157760582559601792e+00 5.026050108148147899e-01 1.713588956903528138e-01 -2.045258167997087151e-01 3.396934080262152267e-01
1.257760582559601881e+00 4.841188817146676038e-01 2.050351073002441293e-01 -1.508741488872570036e-01 3.310080604549269778e-01
1.357760582559601970e+00 4.737299292510166460e-01 2.370244330132010024e-01 -5.494355976177968393e-02 3.062810206878787134e-01
1.457760582559602058e+00 4.737714153433500441e-01 2.658369565192524875e-01 5.783782795827376033e-02 2.679524120096192230e-01
1.557760582559602147e+00 4.849993510736170244e-01 2.902688197928559588e-01 1.643449946473879986e-01 2.192512669333212538e-01
1.657760582559602236e+00 5.062098877639940042e-01 3.094613462448908003e-01 2.560814356316872820e-01 1.637780928924225110e-01
1.757760582559602325e+00 5.352930557472767026e-01 3.229204838976882930e-01 3.215137086830242574e-01 1.051778514116659125e-01
1.857760582559602414e+00 5.695642256159088035e-01 3.305068163562815409e-01 3.576886228957708580e-01 4.686083264870436610e-02
1.957760582559602502e+00 6.053908537658710953e-01 3.324012195035059292e-01 3.503139788899101159e-01 -8.224327820235716180e-03
2.057760582559602369e+00 6.377568363684241737e-01 3.290433219775737994e-01 2.885876797715817288e-01 -5.790286688432351447e-02
2.157760582559602458e+00 6.616614943167290486e-01 3.210416391007516745e-01 1.823664390188809992e-01 -1.009817084360050132e-01
2.257760582559602547e+00 6.730380850431590956e-01 3.090766462379095914e-01 4.194472520314634911e-02 -1.371974172825775051e-01
2.357760582559602636e+00 6.698494940783802365e-01 2.938152367520293629e-01 -1.054481975344745970e-01 -1.670327049074864512e-01
2.457760582559602724e+00 6.521559771266277616e-01 2.758540396913041204e-01 -2.466310136473369719e-01 -1.913550013609605638e-01
2.557760582559602813e+00 6.215079208940678113e-01 2.556947008922873521e-01 -3.567255800327873705e-01 -2.111553078170033126e-01
2.657760582559602902e+00 5.827708403220343003e-01 2.337494385694941501e-01 -4.127012881853894255e-01 -2.271395022265874086e-01
2.757760582559602991e+00 5.395678777747778820e-01 2.103877733370023151e-01 -4.463679734790412801e-01 -2.394910689367034107e-01
2.857760582559603080e+00 4.946773864286099776e-01 1.859740673537278455e-01 -4.472256330828852100e-01 -2.481454645498998579e-01
2.957760582559603169e+00 4.509282294574574190e-01 1.608930611095222285e-01 -4.222357904254785965e-01 -2.527622613883697689e-01
3.057760582559603257e+00 4.113564378314863990e-01 1.355750197446084215e-01 -3.648409954097566743e-01 -2.527671063786071648e-01
3.157760582559603346e+00 3.782909947841271436e-01 1.105202118564501540e-01 -2.980198047867649858e-01 -2.473578289844559353e-01
3.257760582559603435e+00 3.513629423792247741e-01 8.630772453677248990e-02 -2.403570659688767930e-01 -2.358342490655837287e-01
3.357760582559603524e+00 3.302045918529479818e-01 6.356932071192461509e-02 -1.859909701642378788e-01 -2.178412453140332050e-01
3.457760582559603613e+00 3.134160444805480505e-01 4.295518045586836642e-02 -1.508542628935119478e-01 -1.933965790545971453e-01
3.557760582559603701e+00 3.000224488783202470e-01 2.508854879183938444e-02 -1.191137319601746070e-01 -1.630041530832414542e-01
3.657760582559603790e+00 2.888169180791427815e-01 1.052433694949594760e-02 -1.077426541638725477e-01 -1.275304870941456337e-01
3.757760582559603879e+00 2.787163688217541013e-01 -2.915308270843280231e-04 -9.025648302736774542e-02 -8.827764998012241349e-02
3.857760582559603968e+00 2.711568022615574169e-01 -7.051800347720386768e-03 -6.269404201349447481e-02 -4.664140422242124551e-02
3.957760582559604057e+00 2.656057801635889892e-01 -9.586660292257995902e-03 -5.036624447022707701e-02 -4.020318261138210170e-03
4.057760582559604146e+00 2.609916219433616180e-01 -7.876521137931937616e-03 -4.036963772437225650e-02 3.798080429857547680e-02
4.157760582559603790e+00 2.580504809311926495e-01 -2.064765212649719538e-03 -1.732513318086328913e-02 7.776437079791265194e-02
4.257760582559603435e+00 2.572900448392050898e-01 7.556747826429849844e-03 1.217764086813663549e-03 1.139611586294803358e-01
4.357760582559603080e+00 2.585909961723243389e-01 2.056650871274841655e-02 2.758511763452537249e-02 1.453406210908629870e-01
4.457760582559602724e+00 2.632345042165082916e-01 3.643300027436166544e-02 6.541165783640404130e-02 1.709777992477565511e-01
4.557760582559602369e+00 2.711976743804858092e-01 5.455189531093325439e-02 9.200268735779074114e-02 1.903117254710548767e-01
4.657760582559602014e+00 2.822737599494987148e-01 7.427198298343312688e-02 1.355569783515880311e-01 2.029640660258596740e-01
4.757760582559601659e+00 2.986583789366855646e-01 9.492494007051929805e-02 1.891446481912191224e-01 2.090368547294087775e-01
4.857760582559601303e+00 3.196754219655626450e-01 1.158764682712242616e-01 2.318628504532149193e-01 2.090260420698741017e-01
4.957760582559600948e+00 3.451279881620358814e-01 1.365486621016370750e-01 2.747701098772238337e-01 2.035794888884169818e-01
5.057760582559600593e+00 3.738120874627433587e-01 1.564385401248268026e-01 2.964957720511091077e-01 1.935130128061803290e-01
5.157760582559600238e+00 4.044220179832017648e-01 1.751228856058262839e-01 3.147831637155709683e-01 1.796006896140573128e-01
5.257760582559599882e+00 4.360512448584216716e-01 1.922581228906703743e-01 3.139207717585031920e-01 1.626653763165349653e-01
5.357760582559599527e+00 4.665036928701754015e-01 2.075787944075163094e-01 2.904723434145815575e-01 1.434082980004688090e-01
5.457760582559599172e+00 4.933722646048272487e-01 2.208780613375194157e-01 2.460268843930937532e-01 1.222912495925381898e-01
5.557760582559598816e+00 5.156065072939409744e-01 2.319841565004985007e-01 1.964300568101109978e-01 9.958817501134160921e-02
5.657760582559598461e+00 5.324325821484535703e-01 2.407506133144275973e-01 1.415269972322241165e-01 7.553144255310548227e-02
5.757760582559598106e+00 5.440849091349339028e-01 2.470531814753517685e-01 9.053223958896847168e-02 5.036049573182312111e-02
5.857760582559597751e+00 5.505488486265833759e-01 2.507961030554995419e-01 4.139358390419994871e-02 2.439277105857134628e-02
5.957760582559597395e+00 5.531236912054092736e-01 2.519187897678673571e-01 1.251398528223528206e-02 -1.952047129067019382e-03
6.057760582559597040e+00 5.529408164286399030e-01 2.504152846504356655e-01 -1.733658973241623824e-02 -2.801137923049556652e-02
6.157760582559596685e+00 5.499400831387281086e-01 2.463487209109015974e-01 -4.121591365268564844e-02 -5.310150872211719109e-02
6.257760582559596330e+00 5.443396854172962707e-01 2.398503432034710392e-01 -7.223112428975694832e-02 -7.653859100838117380e-02
6.357760582559595974e+00 5.358698487848883030e-01 2.311149900056127804e-01 -9.720803091361289450e-02 -9.775362648814808764e-02
6.457760582559595619e+00 5.238324628324342314e-01 2.203898975423518869e-01 -1.478165260155704375e-01 -1.162798530824269289e-01
6.557760582559595264e+00 5.065853858872497728e-01 2.079518420370128629e-01 -1.951757881979665765e-01 -1.320207295029055539e-01
6.657760582559594909e+00 4.845145120485175871e-01 1.940771824753728392e-01 -2.468566927337997874e-01 -1.450271439161640585e-01
6.757760582559594553e+00 4.579012414368826556e-01 1.790319589141226575e-01 -2.807838294908420740e-01 -1.554604891334905870e-01
6.857760582559594198e+00 4.289797995569114564e-01 1.630689597835325855e-01 -2.950111137364523350e-01 -1.633724601253155051e-01
6.957760582559593843e+00 3.995400511279896261e-01 1.464457311093684821e-01 -2.902433193261178546e-01 -1.686308100792948683e-01
7.057760582559593487e+00 3.715022772290288433e-01 1.294408424776559152e-01 -2.695340356225203737e-01 -1.709438937869011133e-01
7.157760582559593132e+00 3.454710019854953518e-01 1.123675463612179570e-01 -2.512039956534261043e-01 -1.699460609090140684e-01
7.257760582559592777e+00 3.218575873846133972e-01 9.557020570446957131e-02 -2.175042271822134332e-01 -1.653869742963254841e-01
7.357760582559592422e+00 3.018668665512640459e-01 7.941796743200110753e-02 -1.852543247601365906e-01 -1.570007164050753190e-01
7.457760582559592066e+00 2.847618239720226541e-01 6.430144394546614961e-02 -1.553743271316322672e-01 -1.446786893535154939e-01
7.557760582559591711e+00 2.705897307976747879e-01 5.061034443573809993e-02 -1.296339776183667303e-01 -1.285217068203231006e-01
7.657760582559591356e+00 2.591744023333923952e-01 3.871520502900225452e-02 -9.695080243824769073e-02 -1.088213658708503395e-01
7.757760582559591001e+00 2.507022963449214159e-01 2.895130893244902970e-02 -7.464658048174685478e-02 -8.597581365182832558e-02
7.857760582559590645e+00 2.447739996178847632e-01 2.160466167748989474e-02 -4.152956815091549819e-02 -6.058717923824323559e-02
7.957760582559590290e+00 2.418145995270430948e-01 1.689769293426089669e-02 -2.184816037098223987e-02 -3.329573748654130610e-02
8.057760582559589935e+00 2.400397952390705969e-01 1.498039490696473006e-02 -1.430770671079048192e-02 -4.964042164858840228e-03
8.157760582559589579e+00 2.393195954911816192e-01 1.590397126290456556e-02 4.720503162902657535e-03 2.334574513628259740e-02
8.257760582559589224e+00 2.412661586383185730e-01 1.961822509501848569e-02 3.030717990774816489e-02 5.072055264490132886e-02
8.357760582559588869e+00 2.448343027677055139e-01 2.598979051343734692e-02 4.150588014483962140e-02 7.634156202346278897e-02
8.457760582559588514e+00 2.495072685570190463e-01 3.479805475524107988e-02 5.064642164074339287e-02 9.931069808498992069e-02
8.557760582559588158e+00 2.551325835394691044e-01 4.573581975393391230e-02 6.431770135510775366e-02 1.188041830280182620e-01
8.657760582559587803e+00 2.627999621302721245e-01 5.842242696167526672e-02 9.123179536501749287e-02 1.342155309856800927e-01
8.757760582559587448e+00 2.736549178832534679e-01 7.243403091069797184e-02 1.253753393390416859e-01 1.452900195667929106e-01
8.857760582559587093e+00 2.877554607075775706e-01 8.733629907513407176e-02 1.568588789600253997e-01 1.520450528126183753e-01
8.957760582559586737e+00 3.050092069341364120e-01 1.027048826382098018e-01 1.879491483817537223e-01 1.546609503003756603e-01
9.057760582559586382e+00 3.252279719574187045e-01 1.181418176774836626e-01 2.134478889828255455e-01 1.534801791019797523e-01
9.157760582559586027e+00 3.466440873858433469e-01 1.332873733607048417e-01 2.102437151623385014e-01 1.488824977070939137e-01
9.257760582559585671e+00 3.666641582919939468e-01 1.478099586798644893e-01 1.875361746497756776e-01 1.410300532144951324e-01
9.357760582559585316e+00 3.840130432896646795e-01 1.613854218305668942e-01 1.610602181837088032e-01 1.299414908321537276e-01
9.457760582559584961e+00 3.989501943244080917e-01 1.736934930327092286e-01 1.366304188251659391e-01 1.157152307444547223e-01
9.557760582559584606e+00 4.115511440125072529e-01 1.844321836428297334e-01 1.179622445002011244e-01 9.860781541548793716e-02
9.657760582559584250e+00 4.227391182135056269e-01 1.933340348225172090e-01 1.063220680820322894e-01 7.907574908628813015e-02
9.757760582559583895e+00 4.330456219709052368e-01 2.001884561912370408e-01 9.926212980983555034e-02 5.778320097199284716e-02
9.857760582559583540e+00 4.422543051914500922e-01 2.048578334791136546e-01 8.570308760795700143e-02 3.550207764930961990e-02
9.957760582559583185e+00 4.506514732108500287e-01 2.072816943852350269e-01 8.166846077398184911e-02 1.301259200436293353e-02
1.005776058255958283e+01 4.577966631254855034e-01 2.074817120596262332e-01 5.782944035071337086e-02 -8.848568868885325900e-03
1.015776058255958247e+01 4.621636011747193851e-01 2.055530356557516980e-01 3.019983151001525215e-02 -2.948020715255839780e-02
1.025776058255958212e+01 4.634476204498986229e-01 2.016420398108222378e-01 -8.313394085377550508e-03 -4.842922909326811270e-02
1.035776058255958176e+01 4.601647065410399695e-01 1.959314104070759011e-01 -5.705472911266927516e-02 -6.545892332420211179e-02
1.045776058255958141e+01 4.518461998459520901e-01 1.886148553357255286e-01 -1.102518719032374722e-01 -8.055626406293706077e-02
1.055776058255958105e+01 4.386653096391283646e-01 1.798808614853154575e-01 -1.489965353147611193e-01 -9.382674099382105892e-02
1.065776058255958070e+01 4.224831358982277241e-01 1.699101432696895619e-01 -1.721155278261672361e-01 -1.052747050773457232e-01
1.075776058255958034e+01 4.051567550317745625e-01 1.588921419370797894e-01 -1.717676487807507923e-01 -1.147255879511686893e-01
1.085776058255957999e+01 3.880141886541833007e-01 1.470438481443804568e-01 -1.713462628557743395e-01 -1.218171757405601130e-01
1.095776058255957963e+01 3.709040185059025996e-01 1.346177818914792712e-01 -1.717478423463733861e-01 -1.262398298205719416e-01
1.105776058255957928e+01 3.540654102266468373e-01 1.218911154622642906e-01 -1.603029435095371380e-01 -1.278033967584878139e-01
1.115776058255957892e+01 3.387275981860017882e-01 1.091597249316137580e-01 -1.520284454775847338e-01 -1.262950341555275635e-01
1.125776058255957857e+01 3.235157696850594622e-01 9.673620868293526798e-02 -1.476602318656469182e-01 -1.216691254316762949e-01
1.135776058255957821e+01 3.094712085671018076e-01 8.492595167195157724e-02 -1.356535306095196514e-01 -1.140425979622351899e-01
1.145776058255957786e+01 2.962339728013544948e-01 7.402226195252534224e-02 -1.277988463907628880e-01 -1.035845542088533189e-01
1.155776058255957750e+01 2.843322140400219022e-01 6.429302181379049907e-02 -1.065494923375187586e-01 -9.060445931593480440e-02
1.165776058255957714e+01 2.755692114958601113e-01 5.597771389889479726e-02 -6.894479275280701591e-02 -7.532825430866882388e-02
1.175776058255957679e+01 2.700179940855989003e-01 4.929926515495836048e-02 -4.392660087287048737e-02 -5.790591975747425013e-02
1.185776058255957643e+01 2.668726650204322759e-01 4.445632327054469674e-02 -1.765147952737977297e-02 -3.869075847130754725e-02
1.195776058255957608e+01 2.662425282561736717e-01 4.160625135625914406e-02 6.287524413755296582e-04 -1.812731942460779969e-02
1.205776058255957572e+01 2.663427988762192000e-01 4.085521972945149738e-02 1.351035269470497995e-03 3.156849084721750215e-03
1.215776058255957537e+01 2.664192384221337195e-01 4.223279457655280261e-02 -2.470533041634974999e-03 2.429480612793632338e-02
1.225776058255957501e+01 2.657426724618513481e-01 4.567760580075666543e-02 -8.558791047204026767e-03 4.433579180525182295e-02
1.235776058255957466e+01 2.647847509382133535e-01 5.103255647905327597e-02 -1.279144153540484607e-02 6.235832779393493674e-02
1.245776058255957430e+01 2.633591122307530341e-01 5.805456384773535761e-02 -1.093314603908463606e-02 7.754671739150878484e-02
1.255776058255957395e+01 2.633512673335864918e-01 6.642761576686952163e-02 1.099212739231662447e-02 8.932167394773526947e-02
1.265776058255957359e+01 2.651472260033234662e-01 7.579784477085056704e-02 2.405568682219229662e-02 9.746428042215912746e-02
1.275776058255957324e+01 2.689058744173062898e-01 8.579540803550443628e-02 5.700661332172596296e-02 1.018715147663930287e-01
1.285776058255957288e+01 2.769368256395479677e-01 9.605693787542056439e-02 1.024007202224650193e-01 1.028323670382496197e-01
1.295776058255957253e+01 2.893698171814333975e-01 1.062671278293815941e-01 1.462601871671076748e-01 1.009547140720730568e-01
1.305776058255957217e+01 3.057499764426414579e-01 1.161766482629411068e-01 1.783533483283396837e-01 9.693652392021356867e-02
1.315776058255957182e+01 3.243768991127607970e-01 1.256041186919581443e-01 1.898870172524578792e-01 9.140165116853825322e-02
1.325776058255957146e+01 3.433434309829578313e-01 1.344200038526401353e-01 1.906465864467136451e-01 8.475395742457429715e-02
1.335776058255957111e+01 3.620810001926525468e-01 1.425276886236198359e-01 1.777911480645468778e-01 7.728405708151217524e-02
1.345776058255957075e+01 3.782010040465218492e-01 1.498534040056643257e-01 1.437798997677876001e-01 6.910312526734080363e-02
1.355776058255957039e+01 3.900371738771882812e-01 1.563197291272301059e-01 8.825578799073582892e-02 6.005385982728957128e-02
1.365776058255957004e+01 3.961133535914991843e-01 1.618222598643938304e-01 3.800025694963340972e-02 4.975335044347604235e-02
1.375776058255956968e+01 3.981867675914816940e-01 1.662191213389632438e-01 6.352801449630941788e-03 3.792411383024815730e-02
1.385776058255956933e+01 3.982551857974381826e-01 1.693578484483406199e-01 -2.414032906970359910e-03 2.463255519615339950e-02
1.395776058255956897e+01 3.978683009516927327e-01 1.711104586889299062e-01 -3.490776586068103458e-03 1.028946888700181354e-02
1.405776058255956862e+01 3.977772976762556367e-01 1.714005227671819565e-01 8.046253729489553572e-05 -4.506548512117399680e-03
1.415776058255956826e+01 3.974236332600116772e-01 1.702158535655206584e-01 -9.452328518847658706e-03 -1.910836198924567575e-02
1.425776058255956791e+01 3.951953998391006806e-01 1.676011027463273351e-01 -3.810834378190057492e-02 -3.305351816390476871e-02
1.435776058255956755e+01 3.898403748076753605e-01 1.636336027449844521e-01 -6.696892031639853360e-02 -4.614533405031235463e-02
1.445776058255956720e+01 3.821161660395311355e-01 1.584052086470024157e-01 -8.620882626700215878e-02 -5.823909455577079564e-02
1.455776058255956684e+01 3.727302223251536817e-01 1.520266087689431111e-01 -1.019891875432165917e-01 -6.910805706450939834e-02
1.465776058255956649e+01 3.616457943059230851e-01 1.446318493460002352e-01 -1.192748047955020096e-01 -7.853244381579688183e-02
1.475776058255956613e+01 3.489629161695118609e-01 1.363733704346148101e-01 -1.340957841067102752e-01 -8.636033984733143543e-02
1.485776058255956578e+01 3.349299141408705327e-01 1.274168367895719689e-01 -1.451405891967811890e-01 -9.247735083457567229e-02
1.495776058255956542e+01 3.206802925556936357e-01 1.179387841600146453e-01 -1.349894251734328754e-01 -9.675948938053378912e-02
1.505776058255956507e+01 3.081485931857648186e-01 1.081365064632326956e-01 -1.183780648324424950e-01 -9.889502384874845897e-02
1.515776058255956471e+01 2.968992248307639747e-01 9.824189995318925728e-02 -1.035638312289242496e-01 -9.857121459561593579e-02
1.525776058255956436e+01 2.878781506225930875e-01 8.851156232877074870e-02 -7.703526276364414116e-02 -9.556610161427020467e-02
1.535776058255956400e+01 2.813507918427878840e-01 7.922597757595813139e-02 -5.432386327665039011e-02 -8.964809907934821742e-02
1.545776058255956364e+01 2.767856134620356179e-01 7.068160442391617504e-02 -3.815813000362081042e-02 -8.074771857668872066e-02
1.555776058255956329e+01 2.733035435480831721e-01 6.317100659714086630e-02 -3.446095256510684629e-02 -6.902016441639510780e-02
1.565776058255956293e+01 2.697074028880794283e-01 5.695729809070582822e-02 -3.604851335801285972e-02 -5.490659761654776566e-02
1.575776058255956258e+01 2.660904997671149075e-01 5.224886141026345576e-02 -3.795307841251564784e-02 -3.902067472247532087e-02
1.585776058255956222e+01 2.623284330649695573e-01 4.918909425330038332e-02 -3.330319768047018680e-02 -2.205480934719415698e-02
1.595776058255956187e+01 2.599225974758270774e-01 4.785259384244475167e-02 -1.484544902663116964e-02 -4.642047011811634843e-03
1.605776058255956329e+01 2.592311226564175120e-01 4.825931695071020155e-02 4.139046967989584713e-04 1.272795634535033374e-02
1.615776058255956471e+01 2.600308969602973530e-01 5.037982530290698729e-02 1.701691561137530159e-02 2.954843927837970050e-02
1.625776058255956613e+01 2.628372185727246291e-01 5.413526902351418341e-02 3.849573584857221564e-02 4.536105210400911969e-02
1.635776058255956755e+01 2.677555651021603089e-01 5.940626649397773990e-02 6.234186404732254549e-02 5.980316495341145289e-02
1.645776058255956897e+01 2.756449156621402219e-01 6.604183599581453512e-02 9.388192043989780633e-02 7.263018965447783082e-02
1.655776058255957039e+01 2.859672528363301769e-01 7.387463959746710940e-02 1.110017871058734812e-01 8.372167423452116231e-02
1.665776058255957182e+01 2.978642516098081172e-01 8.272163251565699260e-02 1.280817770616748119e-01 9.288028050612376352e-02
1.675776058255957324e+01 3.118244164788329109e-01 9.238186687554009180e-02 1.506565053378704500e-01 9.998022317155398631e-02
1.685776058255957466e+01 3.273438995747795510e-01 1.026490427120403254e-01 1.563282392470631554e-01 1.050144712865129365e-01
1.695776058255957608e+01 3.430028783887900112e-01 1.133122237480700401e-01 1.570731722556833465e-01 1.078746643563302382e-01
1.705776058255957750e+01 3.583039128289370323e-01 1.241474564784044859e-01 1.465616252408639686e-01 1.084356663526703374e-01
1.715776058255957892e+01 3.724480674191874008e-01 1.349175096071520141e-01 1.378971685699930116e-01 1.065469956561509030e-01
1.725776058255958034e+01 3.858512613354065368e-01 1.453734509814030296e-01 1.301101515359786853e-01 1.021590172968019211e-01
1.735776058255958176e+01 3.987478576433268751e-01 1.552687686606781525e-01 1.291750739645048107e-01 9.536235575515013274e-02
1.745776058255958318e+01 4.119493645389408765e-01 1.643746318970508158e-01 1.369291626880429213e-01 8.643377487974684970e-02
1.755776058255958461e+01 4.261337950396132390e-01 1.725005908886453609e-01 1.435501731219443466e-01 7.585920479579941200e-02
1.765776058255958603e+01 4.402169071719180815e-01 1.795091490265956213e-01 1.382332268986053714e-01 6.416046279194631552e-02
1.775776058255958745e+01 4.534592693544928221e-01 1.853093774696294715e-01 1.225389251664438794e-01 5.175856079744020621e-02
1.785776058255958887e+01 4.643023003091048539e-01 1.898471437221046776e-01 9.493546720619042145e-02 3.894004339336595150e-02
1.795776058255959029e+01 4.726057310504391817e-01 1.930888342063149243e-01 7.208448738175446402e-02 2.586752644458851363e-02
1.805776058255959171e+01 4.787662130082973588e-01 1.950195286915762105e-01 4.770623441441833312e-02 1.276176416687108475e-02
1.815776058255959313e+01 4.810775778962500526e-01 1.956454977352952707e-01 -2.918915930513819867e-03 -2.301019016584474747e-04
1.825776058255959455e+01 4.788464299885638042e-01 1.949731227611913587e-01 -3.951607229254247566e-02 -1.322378941383828450e-02
1.835776058255959597e+01 4.729471022412362613e-01 1.930002019784937684e-01 -7.838510624602540444e-02 -2.623734181440603996e-02
1.845776058255959740e+01 4.636783585972199528e-01 1.897254201834952803e-01 -1.053947432575418064e-01 -3.925044140167464890e-02
1.855776058255959882e+01 4.520058076204055419e-01 1.851548607558916038e-01 -1.259203934853810603e-01 -5.211943572317060541e-02
1.865776058255960024e+01 4.389757214612050040e-01 1.793149356350210721e-01 -1.332232955598988966e-01 -6.457995763416367330e-02
1.875776058255960166e+01 4.258145802077413222e-01 1.722663658888525240e-01 -1.277811725060528369e-01 -7.621012921713386790e-02
1.885776058255960308e+01 4.132114553183960370e-01 1.641188831012393712e-01 -1.260858040056672402e-01 -8.646623479482772046e-02
1.895776058255960450e+01 4.009453675312497078e-01 1.550347708009061909e-01 -1.174097012592850986e-01 -9.487000908774356756e-02
1.905776058255960592e+01 3.891286908646511833e-01 1.452216243421776409e-01 -1.228528692478212531e-01 -1.009839144700580421e-01
1.915776058255960734e+01 3.764480074295004641e-01 1.349210591764439804e-01 -1.289834648049567323e-01 -1.046075277457432368e-01
1.925776058255960876e+01 3.632301439593511039e-01 1.243850336355999397e-01 -1.363669726130960214e-01 -1.056891540655421347e-01
1.935776058255961019e+01 3.491648457225969282e-01 1.138660647858954489e-01 -1.448189744042795157e-01 -1.042891141193339616e-01
1.945776058255961161e+01 3.346076162034384849e-01 1.036041456017645218e-01 -1.427903901502186601e-01 -1.005791604133832173e-01
1.955776058255961303e+01 3.210804472855730007e-01 9.382312654682752051e-02 -1.270196992249824630e-01 -9.467884073112503573e-02
1.965776058255961445e+01 3.093388483999597871e-01 8.474032530280828368e-02 -1.080142519468663964e-01 -8.662113707676169505e-02
1.975776058255961587e+01 2.992134318960605333e-01 7.656818318463758100e-02 -9.453467891928829525e-02 -7.649158268669550842e-02
1.985776058255961729e+01 2.907460046463267722e-01 6.950398453761226503e-02 -7.382662399996070546e-02 -6.450063583310165771e-02
1.995776058255961871e+01 2.846184349445992634e-01 6.372297245246671960e-02 -4.732860941972207025e-02 -5.086210788233858776e-02
2.005776058255962013e+01 2.810024751471016380e-01 5.937972318522884846e-02 -2.894055931663369954e-02 -3.578507819524198719e-02
2.015776058255962155e+01 2.786747431489723925e-01 5.660162136401638427e-02 -1.499108895058628987e-02 -1.964124632833907924e-02
2.025776058255962297e+01 2.781765736433895464e-01 5.547144073302849587e-02 4.330786413816827690e-03 -2.897154705665493796e-03
2.035776058255962440e+01 2.796615973611031869e-01 5.602791615177415974e-02 2.569569666423864376e-02 1.402033989928770652e-02
2.045776058255962582e+01 2.832070017585030519e-01 5.826746597402855665e-02 4.668068620638191057e-02 3.069529968615554438e-02
2.055776058255962724e+01 2.894365345650329324e-01 6.214626410831331632e-02 7.674818394646050479e-02 4.675597488335257734e-02
2.065776058255962866e+01 2.979596295658003546e-01 6.758889082274457949e-02 9.293233474223230872e-02 6.191617588072607231e-02
2.075776058255963008e+01 3.080201008212223313e-01 7.448675617290016759e-02 1.066646665893127843e-01 7.579582818967450786e-02
2.085776058255963150e+01 3.193438356527009137e-01 8.269233880211898646e-02 1.246882241302700034e-01 8.800756571686543794e-02
2.095776058255963292e+01 3.340676848758738493e-01 9.202537807840471817e-02 1.711596982000213596e-01 9.835086497409130379e-02
2.105776058255963434e+01 3.528095563403420010e-01 1.023061026452267569e-01 1.981473455910494064e-01 1.069928405022821383e-01
2.115776058255963576e+01 3.730204187026850415e-01 1.133683153209739392e-01 2.040424577226182812e-01 1.139589175064530807e-01
2.125776058255963719e+01 3.931230038781828307e-01 1.250352869603506001e-01 1.963167500265719512e-01 1.190425102427663945e-01
2.135776058255963861e+01 4.122284583025432325e-01 1.371037515210682123e-01 1.839161258321680981e-01 1.219363477683218094e-01
2.145776058255964003e+01 4.289450306225449649e-01 1.493385648341696292e-01 1.463526924032489407e-01 1.222998234783550103e-01
2.155776058255964145e+01 4.411903537976161749e-01 1.614615860244180690e-01 9.674750912143004200e-02 1.195994314379814488e-01
2.165776058255964287e+01 4.479916356365280516e-01 1.731360709259476549e-01 4.158355517301183524e-02 1.132285085674244879e-01
2.175776058255964429e+01 4.504481720136384593e-01 1.839686816562140226e-01 9.796841848543236253e-03 1.027186074280538042e-01
2.185776058255964571e+01 4.498170160292761510e-01 1.935399909347452208e-01 -2.181979921922334864e-02 8.801838872098009803e-02
2.195776058255964713e+01 4.469025081857344039e-01 2.014391102340037376e-01 -3.156009791868451958e-02 6.933847486567992768e-02
2.205776058255964855e+01 4.438654628720056783e-01 2.072960798158212659e-01 -2.982933079895143044e-02 4.731982081382855865e-02
2.215776058255964998e+01 4.411114324996855407e-01 2.108233142860553577e-01 -2.216340312259983125e-02 2.291469475756617927e-02
2.225776058255965140e+01 4.398465128114849576e-01 2.118377777565474684e-01 -3.248022942894640552e-03 -2.720146790315416951e-03
2.235776058255965282e+01 4.403350428607462619e-01 2.102828883586438935e-01 1.182637293842624636e-02 -2.824879228309476811e-02
2.245776058255965424e+01 4.415907060363767900e-01 2.062342680884825530e-01 1.038005180863980394e-02 -5.240077367525442648e-02
2.255776058255965566e+01 4.425869824935538821e-01 1.998827255865588404e-01 1.211464314387336420e-02 -7.415322745318353448e-02
2.265776058255965708e+01 4.438458730296672705e-01 1.915147064126097032e-01 9.713366483999279211e-03 -9.258071557520385075e-02
2.275776058255965850e+01 4.440536867294356815e-01 1.815019175126048323e-01 -8.060598666657758926e-03 -1.069605011711272508e-01
2.285776058255965992e+01 4.412398427119415545e-01 1.702687161284431594e-01 -5.315845500404045576e-02 -1.169776534314959648e-01
2.295776058255966134e+01 4.335414379639918603e-01 1.582452352872678880e-01 -9.490564361899270218e-02 -1.228326129679396528e-01
2.305776058255966277e+01 4.233057082382125635e-01 1.458299959060067597e-01 -1.078476370753028157e-01 -1.248443777785536030e-01
2.315776058255966419e+01 4.122178699686395165e-01 1.334000551550814928e-01 -1.112624611470882929e-01 -1.231468896259995255e-01
2.325776058255966561e+01 4.015824863782335719e-01 1.213205437064658332e-01 -9.989550817603129462e-02 -1.178490940744034571e-01
2.335776058255966703e+01 3.928144344164397062e-01 1.099481595866586420e-01 -7.042236066545604078e-02 -1.090099715909324807e-01
2.345776058255966845e+01 3.880160178600273180e-01 9.963841004191358042e-02 -2.800311886447364590e-02 -9.657315804488650346e-02
2.355776058255966987e+01 3.863891349511434647e-01 9.075496562385654276e-02 -7.506130556597202103e-03 -8.051010019139756557e-02
2.365776058255967129e+01 3.858391416977917099e-01 8.364491306648912106e-02 -8.545094989302320226e-03 -6.120578585056318799e-02
2.375776058255967271e+01 3.840105704622639449e-01 7.859414402769947239e-02 -2.750919642689239261e-02 -3.950402714812858984e-02
2.385776058255967413e+01 3.807531514920060034e-01 7.578554611129531549e-02 -3.626185256857005629e-02 -1.655493217380093335e-02
2.395776058255967556e+01 3.769298105709462110e-01 7.528790480750982561e-02 -3.945403013964397104e-02 6.538656845855889133e-03
2.405776058255967698e+01 3.728363275770084639e-01 7.706388515673734396e-02 -4.290485211828744261e-02 2.875118742888161175e-02
2.415776058255967840e+01 3.685019383651247371e-01 8.097603930018024143e-02 -4.248255893506472369e-02 4.910554858836724268e-02
2.425776058255967982e+01 3.643413181047873706e-01 8.679447011054691741e-02 -4.130682029379290771e-02 6.674776179882482841e-02
2.435776058255968124e+01 3.602735317405160731e-01 9.421098572203363830e-02 -3.969498025057972834e-02 8.095718118041350664e-02
2.445776058255968266e+01 3.563841765670652806e-01 1.028521969756591020e-01 -3.763546093984221352e-02 9.116061093576549590e-02
2.455776058255968408e+01 3.531819974699643150e-01 1.122966418487055668e-01 -2.279211105995268202e-02 9.698274357729620709e-02
2.465776058255968550e+01 3.524833335633945075e-01 1.221018700969492971e-01 1.064157565772046524e-02 9.841416436658083355e-02
2.475776058255968692e+01 3.554995922645677320e-01 1.318466517680941252e-01 5.148535386846653239e-02 9.586939495324096894e-02
2.485776058255968834e+01 3.632849123390365920e-01 1.411668492919233020e-01 1.052184280995313581e-01 9.006959126872203514e-02
2.495776058255968977e+01 3.762520718115271445e-01 1.497852921942510462e-01 1.516574623714613268e-01 8.201030452124352665e-02
2.505776058255969119e+01 3.930311165420368735e-01 1.575271319696749661e-01 1.804533967778018111e-01 7.269120277112614548e-02
2.515776058255969261e+01 4.119335328998211532e-01 1.643087252090039141e-01 1.969758873753866546e-01 6.292288532635417764e-02
2.525776058255969403e+01 4.317943946401901489e-01 1.701183735996905921e-01 1.939733422809988839e-01 5.334470365098374633e-02
2.535776058255969545e+01 4.497478199871972060e-01 1.749956736957979375e-01 1.631214237142563361e-01 4.429230037771442197e-02
2.545776058255969687e+01 4.642001290020009163e-01 1.789930937028809954e-01 1.249413180564692694e-01 3.572382397867518433e-02
2.555776058255969829e+01 4.745770444042347602e-01 1.821502973874170039e-01 8.108327461676906323e-02 2.744829967358261569e-02
2.565776058255969971e+01 4.800248613540459841e-01 1.844827476793561849e-01 2.705132700346011415e-02 1.916684426160918803e-02
2.575776058255970113e+01 4.799631250933978910e-01 1.859695164673629553e-01 -2.902805352957289059e-02 1.046104031985385131e-02
2.585776058255970256e+01 4.742508145115957308e-01 1.865459756016402126e-01 -8.307923506353337428e-02 8.875576617831792275e-04
2.595776058255970398e+01 4.638000671602058311e-01 1.861059140616297680e-01 -1.228813407237336897e-01 -9.911043050672602855e-03
2.605776058255970540e+01 4.511706008580576022e-01 1.845198119268618986e-01 -1.200918480872359001e-01 -2.200446138316940192e-02
2.615776058255970682e+01 4.405954779844465929e-01 1.816794614984706402e-01 -9.203884947592180787e-02 -3.485264906577698052e-02
2.625776058255970824e+01 4.328786846708956304e-01 1.775549777443612420e-01 -6.215791922976615647e-02 -4.752810424662552713e-02
2.635776058255970966e+01 4.274187731230366660e-01 1.722109423484025903e-01 -5.034393500386978582e-02 -5.910291176858015194e-02
2.645776058255971108e+01 4.232473048204823951e-01 1.657943351313782565e-01 -2.927593014427566295e-02 -6.887494096209059724e-02
2.655776058255971250e+01 4.217121630423259493e-01 1.585195516463443199e-01 -1.666943184949240542e-03 -7.614090251077096361e-02
2.665776058255971392e+01 4.225761684709168908e-01 1.506729243390681205e-01 1.274494814015595008e-02 -8.021339992034651201e-02
2.675776058255971535e+01 4.229203364453010261e-01 1.425948743909167538e-01 -8.252686828645215342e-03 -8.076982371990687470e-02
2.685776058255971677e+01 4.207345959952647485e-01 1.346282629818530141e-01 -3.860403242147542741e-02 -7.805460310763739917e-02
2.695776058255971819e+01 4.149999225970502637e-01 1.270743321255161928e-01 -7.202117400077888421e-02 -7.263434188175481310e-02
2.705776058255971961e+01 4.069160237432161153e-01 1.201688220995958400e-01 -9.202777735958901639e-02 -6.518635524546001481e-02
2.715776058255972103e+01 3.959820657827469170e-01 1.140831131212184518e-01 -1.261852032373350363e-01 -5.636737839651029258e-02
2.725776058255972245e+01 3.822942269838022211e-01 1.089135066685952002e-01 -1.442420332170472885e-01 -4.699540741218850154e-02
2.735776058255972387e+01 3.677286244472862120e-01 1.046804254132482487e-01 -1.440788354493741097e-01 -3.772300112791368565e-02
2.745776058255972529e+01 3.539603921530823372e-01 1.013524840187594034e-01 -1.300211250437317556e-01 -2.893574455830892622e-02
2.755776058255972671e+01 3.419229669323129439e-01 9.887115567169252328e-02 -1.088757404740606505e-01 -2.080820175007552786e-02
2.765776058255972814e+01 3.326018846607061152e-01 9.716787219583611357e-02 -7.684367349821297211e-02 -1.336289441283543787e-02
2.775776058255972956e+01 3.265807833230711665e-01 9.618031044058732160e-02 -4.219086850492517748e-02 -6.464323955353776241e-03
2.785776058255973098e+01 3.242701595119235614e-01 9.586401383407212873e-02 -7.183605658819924855e-03 1.061803918021566803e-04
2.795776058255973240e+01 3.241260109136527290e-01 9.619705012391427390e-02 8.701521943248677338e-04 6.527404346939331102e-03
2.805776058255973382e+01 3.243335822175621996e-01 9.716039946571351782e-02 4.501094107211016729e-03 1.267502633181128227e-02
2.815776058255973524e+01 3.255090389898654402e-01 9.871658530448254587e-02 2.176010249598560320e-02 1.836619195480191855e-02
2.825776058255973666e+01 3.288593858944537374e-01 1.008184154518459857e-01 4.450190752690278556e-02 2.360359217473928517e-02
2.835776058255973808e+01 3.343106635761672885e-01 1.034254999082752091e-01 6.409042756972481436e-02 2.848610342624293551e-02
2.845776058255973950e+01 3.413439309220621665e-01 1.065061906475834042e-01 7.407425254482179200e-02 3.308073473953690447e-02
2.855776058255974093e+01 3.487427989264908490e-01 1.100303845991025403e-01 7.275144584361734057e-02 3.733262413185403639e-02
2.865776058255974235e+01 3.555763208353623361e-01 1.139548084518102328e-01 6.165297786286317444e-02 4.104337072304228146e-02
2.875776058255974377e+01 3.609397591779430203e-01 1.182105733963112609e-01 4.789670054675072841e-02 4.389919083697096241e-02
2.885776058255974519e+01 3.656025968417415117e-01 1.226961915155514171e-01 4.452772389864958352e-02 4.560912280337313385e-02
2.895776058255974661e+01 3.693703270296055940e-01 1.272891236640835699e-01 2.984808086461425425e-02 4.601577629836019895e-02
2.905776058255974803e+01 3.715555037918351067e-01 1.318488315596846594e-01 1.342457035148714867e-02 4.490891753932409886e-02
2.915776058255974945e+01 3.722534695459110976e-01 1.362142162516981614e-01 3.491717746076487133e-03 4.210674669192567693e-02
2.925776058255975087e+01 3.726000000871125262e-01 1.402130118335805364e-01 3.280526768772929185e-03 3.759661956224428364e-02
2.935776058255975229e+01 3.731667697327927802e-01 1.436826534142575662e-01 1.115762687434259173e-02 3.156602798973296570e-02
2.945776058255975371e+01 3.750846160203958335e-01 1.464878703807768467e-01 2.557349644030030428e-02 2.438992173179523049e-02
2.955776058255975514e+01 3.778118067398844593e-01 1.485387462150331850e-01 2.689740127165348577e-02 1.655132790160683195e-02
2.965776058255975656e+01 3.801723454984723416e-01 1.497879333890591025e-01 1.988873915121769712e-02 8.403036678699455156e-03
2.975776058255975798e+01 3.817723524125142820e-01 1.502174543638153670e-01 1.081253913645973536e-02 1.975493232003310701e-04
2.985776058255975940e+01 3.818522104420966623e-01 1.498321865296716460e-01 -1.042218042488654225e-02 -7.872730888361496870e-03
2.995776058255976082e+01 3.800406846127791782e-01 1.486493982128198610e-01 -2.275362865594787731e-02 -1.574317996715512633e-02
3.005776058255976224e+01 3.774904706183758174e-01 1.466951577720194688e-01 -2.937981885545714461e-02 -2.326356989177216783e-02
3.015776058255976366e+01 3.742811378066641659e-01 1.440155447759393359e-01 -3.088194397837983052e-02 -3.021673159464803929e-02
3.025776058255976508e+01 3.721802309115876395e-01 1.406805958157976155e-01 -9.778655992754715920e-03 -3.629531199612435338e-02
3.035776058255976650e+01 3.720643950132113686e-01 1.368031012896940846e-01 5.959492488404292965e-03 -4.098126294457053037e-02
3.045776058255976793e+01 3.729825646451059296e-01 1.325449653410983863e-01 8.584020542304485538e-03 -4.385680625439155461e-02
3.055776058255976935e+01 3.731130646649075677e-01 1.280970788930538007e-01 -7.220476186299179186e-03 -4.478440206024925097e-02
3.065776058255977077e+01 3.712795596224489070e-01 1.236472054810931892e-01 -3.039471907002899015e-02 -4.394452250747658828e-02
3.075776058255977219e+01 3.678089908235483430e-01 1.193556816850172703e-01 -3.261543580185574664e-02 -4.166986039206073411e-02
3.085776058255977361e+01 3.646579888188168361e-01 1.153559554815326155e-01 -3.580156031213379414e-02 -3.811774759004622065e-02
3.095776058255977503e+01 3.607440534859921444e-01 1.117682959915860391e-01 -3.782664268855941148e-02 -3.347993897387344792e-02
3.105776058255977645e+01 3.569127479330061470e-01 1.086884340547846634e-01 -4.289513149878897841e-02 -2.799279800305191912e-02
3.115776058255977787e+01 3.522044477506770521e-01 1.061881429392784737e-01 -4.995833446144979512e-02 -2.195305798926042856e-02
3.125776058255977929e+01 3.465576038764317524e-01 1.043038352446041123e-01 -6.355027937951060468e-02 -1.573879357388808381e-02
3.135776058255978072e+01 3.400119649624475660e-01 1.030319507068204188e-01 -6.634925913760003624e-02 -9.769522570414662654e-03
3.145776058255978214e+01 3.330825289406593170e-01 1.023311055183932644e-01 -7.173391557450842226e-02 -4.367473180023003637e-03
3.155776058255978356e+01 3.258628653970598865e-01 1.021298889544472871e-01 -7.280070441989447416e-02 1.816123662446355799e-04
3.165776058255978498e+01 3.187792796624998037e-01 1.023320380654603595e-01 -6.624453770462646052e-02 3.674355349385059321e-03
3.175776058255978640e+01 3.128960869496614228e-01 1.028277907962645565e-01 -5.007163423166012539e-02 6.063490673677004311e-03
3.185776058255978782e+01 3.090933126698910960e-01 1.035125063026330339e-01 -2.691763758834533893e-02 7.491762497417438736e-03
3.195776058255978924e+01 3.073122066275761899e-01 1.043025198251545244e-01 -5.141079519470199283e-03 8.209767573296354592e-03
3.205776058255978711e+01 3.088073778980985895e-01 1.051414845397180275e-01 3.295339064605352919e-02 8.549436092672453580e-03
3.215776058255978853e+01 3.131209635499453969e-01 1.060159096347545044e-01 5.241873371864438913e-02 8.982884208873770718e-03
3.225776058255978995e+01 3.190676918994836408e-01 1.069507796086133639e-01 6.301275357776467412e-02 9.794033002635102805e-03
3.235776058255979137e+01 3.253312247584383421e-01 1.079910263744481569e-01 6.247622774443128274e-02 1.108848417940359182e-02
3.245776058255979279e+01 3.314883471172940244e-01 1.091828549186684150e-01 6.089084821488309485e-02 1.281257933679156268e-02
3.255776058255979422e+01 3.378719030508686161e-01 1.105651746658466161e-01 6.706557602310482535e-02 1.489048967957675752e-02
3.265776058255979564e+01 3.445120390857396853e-01 1.121719186852190853e-01 6.526806190855991008e-02 1.729124218720094405e-02
3.275776058255979706e+01 3.512719553349098467e-01 1.140308115192051885e-01 7.052077448126720105e-02 1.991850286939886305e-02
3.285776058255979848e+01 3.582105201988630139e-01 1.161611888103012274e-01 6.551357619073000516e-02 2.270644596500758644e-02
3.295776058255979990e+01 3.642939980814776657e-01 1.185714308680359957e-01 5.907944917837560511e-02 2.547362025649610798e-02
3.305776058255980132e+01 3.706324596909587044e-01 1.212490296897173747e-01 6.686671485446281371e-02 2.804288979858419323e-02
3.315776058255980274e+01 3.770107751233366944e-01 1.241721255299099991e-01 5.921538613697761161e-02 3.036648708826324844e-02
3.325776058255980416e+01 3.825337021999756781e-01 1.273080786679778309e-01 5.026390123261421233e-02 3.226417137395656831e-02
3.335776058255980558e+01 3.865947933814291027e-01 1.306031808595202459e-01 2.903947921304354460e-02 3.350249321071686881e-02
3.345776058255980701e+01 3.881151356613562475e-01 1.339749219183955786e-01 1.438918148769993688e-03 3.372948028225027095e-02
3.355776058255980843e+01 3.873142786689781625e-01 1.373023783421743471e-01 -1.439664032250204811e-02 3.256387617745467450e-02
3.365776058255980985e+01 3.857135337471777614e-01 1.404352441464150891e-01 -1.529976988748512311e-02 2.983362361876763097e-02
3.375776058255981127e+01 3.845390549470770192e-01 1.432201930614775409e-01 -9.024970314989749776e-03 2.564204758629292508e-02
3.385776058255981269e+01 3.836587586219642465e-01 1.455232483265982424e-01 -8.601120473729873331e-03 2.023645661950196004e-02
3.395776058255981411e+01 3.828187800323399892e-01 1.472351502935654310e-01 -8.685872386752864840e-03 1.386217828145881736e-02
3.405776058255981553e+01 3.820720008406312540e-01 1.482724315889329958e-01 -4.808825749109079534e-03 6.793609942213126897e-03
3.415776058255981695e+01 3.818592209807121773e-01 1.485823790115819998e-01 1.131878125152719142e-04 -6.193839326730753159e-04
3.424504116288488831e+01 3.820228752147240558e-01 1.482456987665092540e-01 2.440850502359096647e-03 -7.069635524528344699e-03
3.433232174320995966e+01 3.819254166653150984e-01 1.473556612313792480e-01 -5.091423099569872615e-03 -1.327141372983955785e-02
3.443232174320996108e+01 3.815782078654493814e-01 1.456924938664008184e-01 9.089393602432832217e-04 -1.988195867854278959e-02
3.453232174320996251e+01 3.816926175105649355e-01 1.434076548806064166e-01 -1.308893390559923587e-03 -2.564854040033891225e-02
3.462346143562336209e+01 3.815990042024302586e-01 1.408658925895054925e-01 1.701180664473436396e-03 -2.996688088400791330e-02
3.471573205969661302e+01 3.820765404129878862e-01 1.379405435899116739e-01 7.873814092147542881e-03 -3.323867454861514220e-02
3.481573205969661444e+01 3.830951024273905881e-01 1.344992816737225205e-01 1.184570382509097033e-02 -3.531815672698806335e-02
3.491573205969661586e+01 3.842729389405478702e-01 1.309322618510654346e-01 1.181828994009548849e-02 -3.574197112718255354e-02
3.501573205969661728e+01 3.853329617070052060e-01 1.274067986888439419e-01 7.357392304036155552e-03 -3.449269939608477081e-02
3.511573205969661871e+01 3.858770222004156980e-01 1.240857280470966245e-01 7.424058017884837581e-03 -3.168309963832570408e-02
3.521573205969662013e+01 3.869893978901883802e-01 1.211184271419735864e-01 1.150944918269528570e-02 -2.742618769261256917e-02
3.531573205969662155e+01 3.879359028021316935e-01 1.186441685161692822e-01 9.670762556665733756e-03 -2.186375310877500949e-02
3.541573205969662297e+01 3.889858620625182284e-01 1.167809353211103490e-01 8.243092432988215201e-03 -1.524471083434187670e-02
3.551573205969662439e+01 3.890675171617773986e-01 1.156197907590391788e-01 -6.950081399949077643e-03 -7.896944066394599379e-03
3.561573205969662581e+01 3.877515243949791746e-01 1.152089314562472905e-01 -1.902515147206997048e-02 -3.258241351104130407e-04
3.571573205969662723e+01 3.850154697058845721e-01 1.155451736846558886e-01 -3.719902500758916208e-02 6.958369232996532497e-03
3.581573205969662865e+01 3.804943098877444640e-01 1.165724546665622835e-01 -5.067060487960637488e-02 1.340214301751961080e-02
3.591573205969663007e+01 3.752516359251922284e-01 1.181821609529372652e-01 -5.199228840704363946e-02 1.854967260017807706e-02
3.601573205969663150e+01 3.707055761924248904e-01 1.202315659592643332e-01 -3.764247422991735814e-02 2.218337575476535262e-02
3.611573205969663292e+01 3.676055302716719764e-01 1.225692976473645585e-01 -2.309628991187869310e-02 2.433134033920054604e-02
3.621573205969663434e+01 3.666725900715643860e-01 1.250531564426546338e-01 4.691646065392379716e-03 2.514932717939464407e-02
3.631573205969663576e+01 3.679108883650212269e-01 1.275657515657252494e-01 1.656872910421785042e-02 2.495690708437265509e-02
3.641573205969663718e+01 3.695248890159767430e-01 1.300171429928908828e-01 1.444276364390452774e-02 2.393746282086363711e-02
3.651573205969663860e+01 3.708785206989698713e-01 1.323266440062292049e-01 1.335169810533281577e-02 2.212235242487984796e-02
3.661573205969664002e+01 3.719201273882775660e-01 1.344167512638880790e-01 5.790962899113974438e-03 1.955824071929811170e-02
3.671573205969664144e+01 3.721138145863036595e-01 1.362136890209746376e-01 -1.148698516273065177e-03 1.625845684201815411e-02
3.681573205969664286e+01 3.717357427790750068e-01 1.376450809390376007e-01 -4.283038444328931584e-03 1.225949477047950410e-02
3.691573205969664428e+01 3.721327408794248282e-01 1.386472556236531262e-01 1.619355429929050794e-02 7.724183560785801393e-03
3.701573205969664571e+01 3.754851749136807193e-01 1.391877871897859442e-01 5.280755067164916855e-02 3.132227441628626478e-03
3.711573205969664713e+01 3.826224468973261628e-01 1.392954102238986303e-01 8.674673965485504845e-02 -8.106073558521355998e-04
3.721573205969664855e+01 3.922163788006991503e-01 1.390686723367486055e-01 1.023118295836535768e-01 -3.473789368008827969e-03
3.731573205969664997e+01 4.020275978960876073e-01 1.386542504314658697e-01 8.752782422844332388e-02 -4.546700859800466808e-03
3.741573205969665139e+01 4.091244390707277634e-01 1.382072516758299785e-01 5.372519369664576633e-02 -4.192176056870091684e-03
3.751573205969665281e+01 4.122350262926886555e-01 1.378467207353794577e-01 5.235412432966726759e-03 -2.919899132851038435e-03
3.761573205969665423e+01 4.102865958317790662e-01 1.376293469132685576e-01 -4.132431013061797082e-02 -1.463566952480018163e-03
3.771573205969665565e+01 4.040789195114839472e-01 1.375356302684794529e-01 -8.381809444853674518e-02 -5.567676994234722681e-04
3.781573205969665707e+01 3.937067770849603243e-01 1.374779445765847430e-01 -1.212136353959246404e-01 -8.468589471163046837e-04
3.791573205969665850e+01 3.802686414061782205e-01 1.373089339134848097e-01 -1.451113108194710122e-01 -2.848231897238541824e-03
3.801573205969665992e+01 3.653974074906603531e-01 1.368427607269958324e-01 -1.482121261136438439e-01 -6.802599281640314688e-03
3.811573205969666134e+01 3.512979114883145182e-01 1.358872704183513025e-01 -1.314122627805886512e-01 -1.257915455979985789e-02
3.821573205969666276e+01 3.397323877119358682e-01 1.342822073246256187e-01 -9.450656122840933593e-02 -1.968618487414449877e-02
3.831573205969666418e+01 3.334091173084897664e-01 1.319339510777117752e-01 -3.173471686729135988e-02 -2.726067620055464685e-02
3.841573205969666560e+01 3.324173343403301062e-01 1.288533030522541478e-01 6.541158900169437296e-03 -3.415339984708192639e-02
3.851573205969666702e+01 3.340646178776138231e-01 1.251546520077316815e-01 2.396755598274820723e-02 -3.951572277335434896e-02
3.861573205969666844e+01 3.370723305751269216e-01 1.210175815898605622e-01 3.806206966235376604e-02 -4.285985303111598810e-02
3.871573205969666986e+01 3.419133981578227899e-01 1.166619138462353100e-01 5.776406970550505837e-02 -4.382708612521833691e-02
3.881573205969667129e+01 3.483354051599638623e-01 1.123417085962487433e-01 6.830834668336452364e-02 -4.211599946428269681e-02
3.891573205969667271e+01 3.544833986225739419e-01 1.083299513013401411e-01 4.830799604043659046e-02 -3.768768842680464415e-02
3.901573205969667413e+01 3.573208274187463784e-01 1.048793986062368511e-01 7.029018267150237420e-03 -3.101506344255206341e-02
3.911573205969667555e+01 3.556934706409285440e-01 1.021729421571568042e-01 -3.941422526290271067e-02 -2.296728470934641941e-02
3.921573205969667697e+01 3.495894182276461648e-01 1.002984482823786327e-01 -8.199641062271934011e-02 -1.454277206359932441e-02
3.931573205969667839e+01 3.398179761428302137e-01 9.924481319715672267e-02 -1.083881924391980056e-01 -6.697008017531261986e-03
3.941573205969667981e+01 3.289499396975519852e-01 9.891643542045620852e-02 -1.038291911678706492e-01 -1.129632908845826927e-04
3.951573205969668123e+01 3.200448226410816943e-01 9.917299972513464457e-02 -7.179376955929320236e-02 5.010627449401471901e-03
3.961573205969668265e+01 3.146086807469871682e-01 9.987697363468252265e-02 -3.555615235577692934e-02 8.888595922599792573e-03
3.971573205969668408e+01 3.134904620351002258e-01 1.009218870533415829e-01 1.359492677157104340e-02 1.191098863113798298e-02
3.981573205969668550e+01 3.168029246880952887e-01 1.022489258780810706e-01 4.949472253667467486e-02 1.461868693552999948e-02
3.991573205969668692e+01 3.229428804459609781e-01 1.038487927481964446e-01 7.264812462698543027e-02 1.741531265860446487e-02
4.001573205969668834e+01 3.315721738802958618e-01 1.057429379554791909e-01 1.000355214597427184e-01 2.054347327490423092e-02
4.011573205969668976e+01 3.420965744521434204e-01 1.079762495489015872e-01 1.046979036085532722e-01 2.422095925442412090e-02
4.021573205969669118e+01 3.519910120545795551e-01 1.106029298911294090e-01 9.328831470326430508e-02 2.836494399101749733e-02
4.031573205969669260e+01 3.609662954681657765e-01 1.136541980135942764e-01 8.762969311153896712e-02 3.266047742139260163e-02
4.041573205969669402e+01 3.694597009513999053e-01 1.171310800109699735e-01 7.970267033151641478e-02 3.683660493454089108e-02
4.051573205969669544e+01 3.763968003392624828e-01 1.210073670688415065e-01 5.785317832349133604e-02 4.058154137624454122e-02
4.061573205969669687e+01 3.812596178459460305e-01 1.252179581573870104e-01 4.227458774570436867e-02 4.344825923972957249e-02
4.071573205969669829e+01 3.848491578236768462e-01 1.296560750377161730e-01 2.502067639779757477e-02 4.508766980298598709e-02
4.081573205969669971e+01 3.856347025454497368e-01 1.341831935073621029e-01 -8.198078911243859151e-03 4.515166647053178023e-02
4.091573205969670113e+01 3.834564188056632239e-01 1.386188275240944623e-01 -3.608037181389212034e-02 4.319436693993853466e-02
4.101573205969670255e+01 3.784621771614061769e-01 1.427436999673679374e-01 -6.263951982124897622e-02 3.889005826537862698e-02
4.111573205969670397e+01 3.710908662977503436e-01 1.463118935854073044e-01 -8.157265279006215009e-02 3.204339675041256025e-02
4.121573205969670539e+01 3.635140978606043460e-01 1.490693589972831856e-01 -6.407169901236710319e-02 2.272958720972644703e-02
4.131573205969670681e+01 3.587601439843860485e-01 1.507960000423258229e-01 -2.895921694444802963e-02 1.157065869639178381e-02
4.141573205969670823e+01 3.579182257176049542e-01 1.513544566273561653e-01 9.585730209155186865e-03 -4.552407133907518388e-04
4.151573205969670965e+01 3.601613581090625793e-01 1.507107213610457963e-01 3.479667592226187711e-02 -1.231539883137281605e-02
4.161573205969671108e+01 3.644983519476716616e-01 1.489260358349721036e-01 4.833063440159601765e-02 -2.314276080299210170e-02
4.171573205969671250e+01 3.696275500564850103e-01 1.461385052030754750e-01 5.511060604255946238e-02 -3.228480265510423608e-02
4.181573205969671392e+01 3.753365279069360572e-01 1.425414103102468077e-01 5.772036914226062049e-02 -3.926270981081403377e-02
4.191573205969671534e+01 3.810676086094937909e-01 1.383693543609623433e-01 5.475611927814319491e-02 -4.374383025234720307e-02
4.201573205969671676e+01 3.857163997974679681e-01 1.338801655497484366e-01 3.806357527571280902e-02 -4.561116151662719664e-02
4.211573205969671818e+01 3.888187447008466524e-01 1.293297335816877003e-01 2.195089928089571235e-02 -4.500177949844821890e-02
4.221573205969671960e+01 3.895278072139883863e-01 1.249528925387964340e-01 -8.635523077665376718e-03 -4.221134466955371589e-02
4.231573205969672102e+01 3.872791953866500658e-01 1.209423260084877133e-01 -3.416542686833941300e-02 -3.777450164353577527e-02
4.241573205969672244e+01 3.832863180445850726e-01 1.174347217622424139e-01 -4.458355931988197685e-02 -3.222908496421914709e-02
4.251573205969672387e+01 3.777859422913624199e-01 1.145194110654392528e-01 -6.912285875317693284e-02 -2.600636671472137534e-02
4.261573205969672529e+01 3.693391563773088526e-01 1.122359701290375905e-01 -9.880352892489160932e-02 -1.970947242553946349e-02
4.271573205969672671e+01 3.581673895358110649e-01 1.105570127580906281e-01 -1.224069540033507486e-01 -1.402489170208641792e-02
4.281573205969672813e+01 3.457996145902467178e-01 1.093920051281661032e-01 -1.205748161073115776e-01 -9.494627103248871533e-03
4.291573205969672955e+01 3.343445422013288648e-01 1.086133375765142572e-01 -1.075736678744880770e-01 -6.301050950431416608e-03
4.301573205969673097e+01 3.250627043224771362e-01 1.080894595628179994e-01 -7.281606052652810079e-02 -4.364052788207165544e-03
4.311573205969673239e+01 3.203272373533533335e-01 1.077123943444464327e-01 -2.162455622041985909e-02 -3.262397691263338884e-03
4.321573205969673381e+01 3.204948036000338507e-01 1.074315170781491302e-01 2.158789281028901386e-02 -2.327994610486544894e-03
4.331573205969673523e+01 3.238105468529828279e-01 1.072601196378978744e-01 4.301838990800038731e-02 -1.006137315920834028e-03
4.341573205969673666e+01 3.292783964230156513e-01 1.072528514062474625e-01 6.653746406364284549e-02 9.944890324023519454e-04
4.351573205969673808e+01 3.370673653792873314e-01 1.074897698205315999e-01 9.177587093307593147e-02 3.915844521611923715e-03
4.361573205969673950e+01 3.481175479474557521e-01 1.080755421856617049e-01 1.255665759686440952e-01 8.027718562832783511e-03
4.371573205969674092e+01 3.606361996284211946e-01 1.091432696620543430e-01 1.206308745269105143e-01 1.355403003461750841e-02
4.381573205969674234e+01 3.725457472744542198e-01 1.108254786934047276e-01 1.188674851534893967e-01 2.025737802195315407e-02
4.391573205969674376e+01 3.837812309658565346e-01 1.132226860065123075e-01 1.011579432494322250e-01 2.778793830392912306e-02
4.401573205969674518e+01 3.921348211931264816e-01 1.163916105077268115e-01 6.393503851828799545e-02 3.556546009203826603e-02
4.411573205969674660e+01 3.966262566297580339e-01 1.203157901907200011e-01 2.859920312720823365e-02 4.274514279003303885e-02
4.421573205969674802e+01 3.981086880601927835e-01 1.248938413684794607e-01 -3.611609830630087281e-04 4.852603978127750795e-02
4.431573205969674945e+01 3.964783801177747535e-01 1.299518283346023373e-01 -3.011734144075625327e-02 5.223386269872652699e-02
4.441573205969675087e+01 3.925472429365186033e-01 1.352525204863583297e-01 -4.657763501331569495e-02 5.330909549427550326e-02
4.451573205969675229e+01 3.878449002428964176e-01 1.405165624858804030e-01 -4.322447417137706416e-02 5.148584302928201767e-02
4.461573205969675371e+01 3.843345637913435642e-01 1.454569755454739044e-01 -2.685517063452479841e-02 4.689094203323661975e-02
4.471573205969675513e+01 3.824535939238086768e-01 1.498162362972868256e-01 -1.077097398910905127e-02 3.994373663482057857e-02
4.481573205969675655e+01 3.822366101421411089e-01 1.533849092256406033e-01 7.064850927325568020e-03 3.117559355874049282e-02
4.491573205969675797e+01 3.837056484168185899e-01 1.560114453402309254e-01 1.931314634873999153e-02 2.120935034828659582e-02
4.501573205969675939e+01 3.856697578473589072e-01 1.576064241904862606e-01 2.075061839860989354e-02 1.062755814817364051e-02
4.511573205969676081e+01 3.880428624176831542e-01 1.581327983922449498e-01 2.441879767554774525e-02 -7.636682214781816136e-05
4.521573205969676224e+01 3.897610925080388644e-01 1.576027903749257220e-01 8.676033019245087824e-03 -1.044284410853717204e-02
4.531573205969676366e+01 3.903914400649725613e-01 1.560639729674492271e-01 8.131272687721858780e-03 -2.020853362252706190e-02
4.541573205969676508e+01 3.917678951955036459e-01 1.535942516600183883e-01 1.981691274760843946e-02 -2.897545883363242258e-02
4.551573205969676650e+01 3.943195520686763600e-01 1.503197505011243940e-01 2.971772457401257450e-02 -3.621895154142430046e-02
4.561573205969676792e+01 3.972575133554649418e-01 1.464157748460616359e-01 2.715881295104680473e-02 -4.151234417773060070e-02
4.571573205969676934e+01 3.994900542235785834e-01 1.420887426051236635e-01 1.689430884755100531e-02 -4.466858348312024302e-02
4.581573205969677076e+01 4.006126256931724638e-01 1.375530815456834643e-01 4.230145499390490157e-03 -4.569762624500878223e-02
4.591573205969677218e+01 3.997263970550183898e-01 1.330148369361996152e-01 -2.395323524060617715e-02 -4.476975903464656958e-02
4.601573205969677360e+01 3.959427078843567038e-01 1.286502910575251790e-01 -5.074459417469993211e-02 -4.230723635630648238e-02
4.611573205969677502e+01 3.897834656860530433e-01 1.245881107293829865e-01 -6.923205660345677082e-02 -3.880158495435184762e-02
4.621573205969677645e+01 3.828334391282591231e-01 1.209114986442314937e-01 -6.829804461549546235e-02 -3.464067027817047811e-02
4.631573205969677787e+01 3.762149805854361762e-01 1.176756289654288246e-01 -6.317676073075911836e-02 -3.000965677401562504e-02
4.641573205969677929e+01 3.701577426693770101e-01 1.149211173185754609e-01 -5.904135269370663214e-02 -2.503330825023318551e-02
4.651573205969678071e+01 3.645905809152865107e-01 1.126756523529392068e-01 -4.978494977858555215e-02 -1.985372891013149899e-02
4.661573205969678213e+01 3.605987333086665969e-01 1.109545059607929540e-01 -2.847320162078782746e-02 -1.454469960427741404e-02
4.671573205969678355e+01 3.589895936604354798e-01 1.097735658648968798e-01 -5.486465919453415579e-03 -9.029121612184519419e-03
4.681573205969678497e+01 3.588570539318142738e-01 1.091581685117968409e-01 -1.211789165392780643e-03 -3.238748397345267427e-03
4.691573205969678639e+01 3.578785580838953484e-01 1.091286977062637387e-01 -1.991143030009624726e-02 2.625747736064864765e-03
4.701573205969678781e+01 3.557409657006320169e-01 1.096703039341233726e-01 -1.662964091732370420e-02 8.113373769748889741e-03
4.711573205969678924e+01 3.548999994397869506e-01 1.107320633317200459e-01 -1.267703125847627690e-03 1.302671342311875063e-02
4.721573205969679066e+01 3.552142992222874773e-01 1.122564539794286553e-01 4.711418265877316894e-03 1.736122019555917662e-02
4.731573205969679208e+01 3.554727371418895943e-01 1.141816052333551185e-01 1.984126856204852362e-03 2.101055212359273505e-02
4.741573205969679350e+01 3.556464034512406003e-01 1.164298860007872000e-01 -2.132594682539685604e-03 2.380089318969167561e-02
4.751573205969679492e+01 3.548476503863640108e-01 1.189068121585395155e-01 -1.000816576852385682e-02 2.554126856855552796e-02
4.761573205969679634e+01 3.540685041178810999e-01 1.214976637711750046e-01 -6.661960571571937974e-03 2.607473474897178956e-02
4.771573205969679776e+01 3.537944259665387059e-01 1.240820934980255558e-01 5.064823605251260984e-03 2.542440332198340341e-02
4.781573205969679918e+01 3.551886857844840928e-01 1.265495504312545982e-01 2.007900461393491431e-02 2.378663151024063699e-02
4.791573205969680060e+01 3.576302188489423051e-01 1.288156893800088132e-01 3.045157158323895732e-02 2.143593327720057576e-02
4.801573205969680203e+01 3.615778103056466741e-01 1.308218127784153417e-01 4.874958645453850159e-02 1.864229397431479973e-02
4.811573205969680345e+01 3.674779381539921563e-01 1.325418512786103176e-01 7.095295768113660251e-02 1.578143947168722180e-02
4.821573205969680487e+01 3.759487468697074175e-01 1.339907719394176633e-01 9.613998428071213187e-02 1.330250195475381203e-02
4.831573205969680629e+01 3.858542116457180371e-01 1.352296102349165585e-01 9.910276853175212231e-02 1.162796174770146761e-02
4.841573205969680771e+01 3.958592475987018910e-01 1.363479857068805035e-01 1.033646880119909184e-01 1.090249998581852703e-02
4.851573205969680913e+01 4.066131581721048049e-01 1.374449056623713861e-01 1.075140541538531086e-01 1.122002870593772489e-02
4.861573205969681055e+01 4.159308447685375332e-01 1.386267281409584440e-01 7.390224130092709620e-02 1.255756402740288227e-02
4.871573205969681197e+01 4.213892185997776263e-01 1.399739610403327172e-01 3.607696058087560970e-02 1.442094511831240773e-02
4.881573205969681339e+01 4.227540578610926580e-01 1.415071271420897947e-01 -1.095007338658460921e-02 1.616460663566557376e-02
4.891573205969681482e+01 4.193289935462004014e-01 1.431783067085553862e-01 -5.462313380664671203e-02 1.705448371708054300e-02
4.901573205969681624e+01 4.125882997867321156e-01 1.448678318610230054e-01 -7.673630341551078426e-02 1.645149355217717310e-02
4.911573205969681766e+01 4.044196606722301190e-01 1.464086003205543884e-01 -8.438835680328785060e-02 1.405700476131872129e-02
4.921573205969681908e+01 3.962608542124607669e-01 1.476193036574015294e-01 -7.674611936768993559e-02 9.875150338220430035e-03
4.931573205969682050e+01 3.897165668777905490e-01 1.483335225801612756e-01 -4.794700202145488893e-02 4.201838905625669349e-03
4.941573205969682192e+01 3.876017659445765706e-01 1.484321914926475805e-01 5.777682251273306979e-03 -2.281587450238263190e-03
4.951573205969682334e+01 3.907042573162576304e-01 1.478839810145308742e-01 5.564614173838271227e-02 -8.564347068344652786e-03
4.961573205969682476e+01 3.979477963296696452e-01 1.467584102417142378e-01 8.341457626186696284e-02 -1.368760305486388038e-02
4.971573205969682618e+01 4.068627627419964532e-01 1.452060412629821717e-01 9.366768235913813800e-02 -1.703295367904744326e-02
4.981573205969682760e+01 4.160077711087585839e-01 1.434206043033180167e-01 8.607203118812119247e-02 -1.832763115994645239e-02
4.991573205969682903e+01 4.238695759587477463e-01 1.416076170134588641e-01 7.009769905410569157e-02 -1.761475736360234440e-02
5.001573205969683045e+01 4.297954718890824033e-01 1.399557953532326315e-01 4.763356570983759419e-02 -1.516361451953350710e-02
5.011573205969683187e+01 4.326122345395234103e-01 1.386181406012290673e-01 2.513189430579342021e-03 -1.142863031806837237e-02
5.021573205969683329e+01 4.300251173444610830e-01 1.376863087112593365e-01 -5.065467763680464586e-02 -7.210365280030685102e-03
5.031573205969683471e+01 4.229840186624803655e-01 1.371614211561526797e-01 -8.892596886597128880e-02 -3.424126045663291717e-03
5.041573205969683613e+01 4.128702906995992961e-01 1.369633317490853430e-01 -1.090500000476064962e-01 -7.715246897700149716e-04
5.051573205969683755e+01 4.020221687785906495e-01 1.369559864612904798e-01 -1.031894371638854835e-01 3.613946535345293528e-04
5.061573205969683897e+01 3.929284761868120923e-01 1.369860079724348478e-01 -7.699051250278599046e-02 1.823990865796253861e-05
5.071573205969684039e+01 3.871467048375019648e-01 1.369232640707133963e-01 -3.550758083524879066e-02 -1.406763662808828332e-03
5.081573205969684182e+01 3.858985018950859547e-01 1.366901469771026889e-01 9.190632603997696271e-03 -3.265637504138385605e-03
5.091573205969684324e+01 3.887764997424705271e-01 1.362796341262498823e-01 4.592269138546058865e-02 -4.842786549190776155e-03
5.101573205969684466e+01 3.944438194584237167e-01 1.357504179562587787e-01 6.626471477367498752e-02 -5.565347201432877325e-03
5.111573205969684608e+01 4.017386416108015279e-01 1.352064507382499670e-01 7.500731884799179128e-02 -5.097291312231136233e-03
5.121573205969684750e+01 4.086372546037296827e-01 1.347735925252802336e-01 6.164759923970566241e-02 -3.363496301634778026e-03
5.131573205969684892e+01 4.134248645372732844e-01 1.345674404755916320e-01 2.857936765395692469e-02 -6.300559760548736683e-04
5.141573205969685034e+01 4.141291913884233011e-01 1.346614301859453133e-01 -1.034778853055669939e-02 2.515748893297581248e-03
5.151573205969685176e+01 4.120366696198858314e-01 1.350621327512770697e-01 -3.085821593214767983e-02 5.417384575200732445e-03
5.161573205969685318e+01 4.079145109502646527e-01 1.357219677377499711e-01 -5.136998059482184020e-02 7.631159668272474023e-03
5.171573205969685461e+01 4.021677333541124333e-01 1.365528488485842351e-01 -6.018132776940458839e-02 8.786865169370492931e-03
5.181573205969685603e+01 3.960753356725322805e-01 1.374380245308771398e-01 -6.344736080012107482e-02 8.707219390651334615e-03
5.191573205969685745e+01 3.893816315033267195e-01 1.382512894659214397e-01 -6.929174197663676149e-02 7.338152170427804377e-03
5.201573205969685887e+01 3.822690027176763872e-01 1.388619242137648646e-01 -7.190899133222886097e-02 4.659726673084263124e-03
5.211573205969686029e+01 3.760414444827047120e-01 1.391430344761492854e-01 -4.616212931697777355e-02 7.924774839746639293e-04
5.221573205969686171e+01 3.734416632659455781e-01 1.389979288759078668e-01 -6.677909161811275418e-03 -3.743270298188671602e-03
5.231573205969686313e+01 3.748632766788631554e-01 1.383972520877089774e-01 3.639467706654386792e-02 -8.190267164578284367e-03
5.241573205969686455e+01 3.804996774933859793e-01 1.373894747361834034e-01 7.428033984136166168e-02 -1.175386504930826803e-02
5.251573205969686597e+01 3.896504371896460373e-01 1.360993984972689308e-01 1.088560453495009545e-01 -1.373271722068116450e-02
5.261573205969686740e+01 4.018813132670341903e-01 1.347149137782259753e-01 1.328200958054198133e-01 -1.356091169409441057e-02
5.271573205969686882e+01 4.158898711925592129e-01 1.334703488394472781e-01 1.457570555570607551e-01 -1.090311654811809347e-02
5.281573205969687024e+01 4.300925592929011887e-01 1.326191306320966545e-01 1.318876216281520408e-01 -5.717686425549519703e-03
5.291573205969687166e+01 4.416102439525900758e-01 1.323973991544034612e-01 9.869312851002960685e-02 1.573438784549309119e-03
5.301573205969687308e+01 4.497187563619954309e-01 1.329784253763880153e-01 6.054557041411037788e-02 1.019880636119476283e-02
5.311573205969687450e+01 4.533031119018048893e-01 1.344506899407671985e-01 1.278700114167061891e-02 1.922377729392318185e-02
5.321573205969687592e+01 4.530281699598265321e-01 1.368020673669872456e-01 -1.650783316094353581e-02 2.762678027938940406e-02
5.331573205969687734e+01 4.496561537105749351e-01 1.399281449352884898e-01 -5.299195290985211221e-02 3.458927487163485082e-02
5.341573205969687876e+01 4.424509785674865525e-01 1.436449627257150030e-01 -9.009104660774606976e-02 3.930667227175096284e-02
5.351573205969688019e+01 4.320524486610772263e-01 1.476904039771359534e-01 -1.139244410406165808e-01 4.106193851094962904e-02
5.361573205969688161e+01 4.200924830945391708e-01 1.517447561599158390e-01 -1.271447105689824109e-01 3.944974504299875173e-02
5.371573205969688303e+01 4.065053470984688611e-01 1.554632265522211398e-01 -1.401242967431549913e-01 3.432751379764245603e-02
5.381573205969688445e+01 3.931999110366113381e-01 1.584955952545418212e-01 -1.234893655708649840e-01 2.578632367993412278e-02
5.391573205969688587e+01 3.819930621966526885e-01 1.605253749595594859e-01 -9.816633564125785971e-02 1.439842507273007138e-02
5.401573205969688729e+01 3.743894761135611593e-01 1.613092716846865893e-01 -4.963580588900030205e-02 1.045254822378499301e-03
5.411573205969688871e+01 3.727528157561535993e-01 1.607108721371785787e-01 1.895337994879365412e-02 -1.300357210637203761e-02
5.421573205969689013e+01 3.781114548272277442e-01 1.587374505331460850e-01 8.542854202081653914e-02 -2.618788640216947530e-02
5.431573205969689155e+01 3.890027757011787490e-01 1.555519838558040990e-01 1.282082347435242464e-01 -3.702667536244810126e-02
5.441573205969689297e+01 4.030372248106273703e-01 1.514464503676975493e-01 1.478061389979614670e-01 -4.445046577356146639e-02
5.451573205969689440e+01 4.173120282873033493e-01 1.467951125124397349e-01 1.327657103990525223e-01 -4.790122062142435078e-02
5.461573205969689582e+01 4.292244642464571047e-01 1.419973061620731225e-01 1.036850522740844355e-01 -4.742954220307311203e-02
5.471573205969689724e+01 4.372809350619148439e-01 1.374248348595997760e-01 5.415759592574902193e-02 -4.350522169190979005e-02
5.481573205969689866e+01 4.398130007155791610e-01 1.333825989290282343e-01 -4.561721980263049037e-03 -3.699784519971396901e-02
5.491573205969690008e+01 4.361236449780958035e-01 1.300738440668196272e-01 -6.921466429087638761e-02 -2.903892928500502457e-02
5.501573205969690150e+01 4.262418253564444481e-01 1.275813517019715182e-01 -1.258140509310596566e-01 -2.088023560633925357e-02
5.511573205969690292e+01 4.118720972452239448e-01 1.258662309024893566e-01 -1.558830663623966550e-01 -1.365404905012105111e-02
5.521573205969690434e+01 3.961036171305342135e-01 1.247947938568485932e-01 -1.547203905844384275e-01 -8.083214435297707626e-03
5.531573205969690576e+01 3.814774158277943750e-01 1.241866420593330106e-01 -1.384313267328819985e-01 -4.390530132068727609e-03
5.541573205969690719e+01 3.682285486737737479e-01 1.238558711319894118e-01 -1.252936322095932753e-01 -2.522280263338408813e-03
5.551573205969690861e+01 3.567522712756651670e-01 1.236256853701298702e-01 -1.033180592930198066e-01 -2.341760815894314372e-03
5.561573205969691003e+01 3.480224919878355805e-01 1.233416307547541141e-01 -6.818932705373320635e-02 -3.529143104785812182e-03
5.571573205969691145e+01 3.431750606684458860e-01 1.228924689580525864e-01 -3.007209402114319891e-02 -5.536359109020931417e-03
5.581573205969691287e+01 3.419644389076182400e-01 1.222281802589587629e-01 4.747855178293361456e-03 -7.729042104571506172e-03
5.591573205969691429e+01 3.433411826002978340e-01 1.213596221539770675e-01 1.815873142742443699e-02 -9.545039556653926033e-03
5.601573205969691571e+01 3.447165495113569400e-01 1.203408162546033694e-01 4.868150358539881720e-03 -1.072513291612326412e-02
5.611573205969691713e+01 3.442112380194398136e-01 1.192317362487491789e-01 -1.050186716675228886e-02 -1.139262053755609426e-02
5.621573205969691855e+01 3.432937199810762174e-01 1.180737892199725525e-01 -7.759738716180963891e-03 -1.170634064954240681e-02
5.631573205969691998e+01 3.426230019627894974e-01 1.169032384185970525e-01 -7.044168045161440517e-03 -1.163814989748962470e-02
5.641573205969692140e+01 3.409464747300430809e-01 1.157582176912381189e-01 -2.968930850999461357e-02 -1.122241334668242635e-02
5.651573205969692282e+01 3.373059273125378343e-01 1.146605126072780256e-01 -3.854743025825398128e-02 -1.074448532921727650e-02
5.661573205969692424e+01 3.334438085972858401e-01 1.136058577007592191e-01 -3.733222771662601108e-02 -1.036785356995006090e-02
5.671573205969692566e+01 3.305798940352698834e-01 1.125842577914847598e-01 -1.822281125055028386e-02 -1.006082856424992712e-02
5.681573205969692708e+01 3.293953180939014347e-01 1.115988825424098912e-01 -8.080636289395676242e-03 -9.604551331408493764e-03
5.691573205969692850e+01 3.287852298650725813e-01 1.106728624933515648e-01 -3.279451065039564080e-03 -8.865346841879099063e-03
5.701573205969692992e+01 3.291601109101572331e-01 1.098371245207883651e-01 1.250617423325199595e-02 -7.781158718665221775e-03
5.711573205969693134e+01 3.313741302225141627e-01 1.091338048818485257e-01 3.229296272847069493e-02 -6.181302375984954606e-03
5.721573205969693277e+01 3.356361487728483084e-01 1.086253414381671278e-01 5.165634632298669870e-02 -3.847862596227120263e-03
5.731573205969693419e+01 3.416104741330112660e-01 1.083945786276482026e-01 6.810499415869350481e-02 -6.066000377453330088e-04
5.741573205969693561e+01 3.486087461461382375e-01 1.085372014780600358e-01 6.666725784124384602e-02 3.618944309999482922e-03
5.751573205969693703e+01 3.548566254377599205e-01 1.091450981616916283e-01 6.090109989193000228e-02 8.644698782325408587e-03
5.761573205969693845e+01 3.605630952458284133e-01 1.102828532439056319e-01 5.044485904330154452e-02 1.416732046405779974e-02
5.771573205969693987e+01 3.651862397660144421e-01 1.119827766165705091e-01 4.540444532888234658e-02 1.982033902956603991e-02
5.781573205969694129e+01 3.700656443005419516e-01 1.142409964852404425e-01 5.367916799300489344e-02 2.530158053796387196e-02
5.791573205969694271e+01 3.757611103232245675e-01 1.170331710064802799e-01 5.565102579096992824e-02 3.048290503150028613e-02
5.801573205969694413e+01 3.804110630443005570e-01 1.203205260967918494e-01 3.697848581221162972e-02 3.514242896210801465e-02
5.811573205969694556e+01 3.834434002329426550e-01 1.240298690559822198e-01 2.610952439693274563e-02 3.885393252613998649e-02
5.821573205969694698e+01 3.864422497041098414e-01 1.280497134791088454e-01 3.742366593916572615e-02 4.133083517021446385e-02
5.831573205969694840e+01 3.908406155905772561e-01 1.322559299106026987e-01 4.733133440063880953e-02 4.260435474052813587e-02
5.841573205969694982e+01 3.953490916155044665e-01 1.365330082324912320e-01 4.150161246732619880e-02 4.274442435866323414e-02
5.851573205969695124e+01 3.992248320890302571e-01 1.407647141738331276e-01 3.702103861759219183e-02 4.168447920254358952e-02
5.861573205969695266e+01 4.028841661216336911e-01 1.448292040842621420e-01 3.825361304250542160e-02 3.940715647623614648e-02
5.871573205969695408e+01 4.073085392251520886e-01 1.486098208847230484e-01 4.755950003705643886e-02 3.604745109710477680e-02
5.881573205969695550e+01 4.111975357019949096e-01 1.520099807222763388e-01 2.833331506013085296e-02 3.181035868053645049e-02
5.891573205969695692e+01 4.135947681229286133e-01 1.549414461443217039e-01 2.091688331014207591e-02 2.667040066037660098e-02
5.901573205969695834e+01 4.150278118946817418e-01 1.573163839831534516e-01 8.479833094864415791e-03 2.069599880153783975e-02
5.911573205969695977e+01 4.160609408358571515e-01 1.590565351438877062e-01 1.431643655850095391e-02 1.401055543403905215e-02
5.921573205969696119e+01 4.176382869091377348e-01 1.601058389015656835e-01 1.555504264229572511e-02 6.941984121459893360e-03
5.931573205969696261e+01 4.193185512933208514e-01 1.604431367237061645e-01 2.023399928870598177e-02 -1.778488003374599155e-04
5.941573205969696403e+01 4.218281914374750752e-01 1.600808290351899976e-01 2.929440470067488922e-02 -6.979428976073654388e-03
5.951573205969696545e+01 4.254401474138353456e-01 1.590718421256046289e-01 4.576246809633280344e-02 -1.304018020312763815e-02
5.961573205969696687e+01 4.307222504033234034e-01 1.575135390569188665e-01 5.422387845470440226e-02 -1.788464885364846046e-02
5.971573205969696829e+01 4.353481927170937404e-01 1.555456772830069723e-01 3.525620140385054418e-02 -2.122149055117553140e-02
5.981573205969696971e+01 4.372750995409677155e-01 1.533155091201315601e-01 3.578572122697486202e-03 -2.317927640425554089e-02
5.991573205969697113e+01 4.367023572475495219e-01 1.509445210495841128e-01 -1.364492491339243732e-02 -2.408831049879704700e-02
6.000000000000000000e+01 4.347400429039151581e-01 1.489055311035714924e-01 -3.371776935297694788e-02 -2.422429136923047455e-02
