time[s] x1[m] x2[m] x1_dot[m/s] x2_dot[m/s]
0.000000000000000000e+00 0.000000000000000000e+00 0.000000000000000000e+00 0.000000000000000000e+00 0.000000000000000000e+00
9.999999999999999124e-05 2.916673181016958634e-08 3.505271452154280126e-15 5.833320013181765703e-04 1.055106253953919045e-10
1.100000000000000066e-03 3.528851690230202048e-06 5.134638331590133261e-12 6.415767086424856158e-03 1.447264974776652134e-08
1.110000000000000049e-02 3.589565320429199849e-04 1.009235839987311586e-08 6.463551796769337332e-02 3.208936588935552600e-06
6.357772022720024896e-02 1.167152684893160361e-02 6.612984807205850699e-06 3.644983311700080719e-01 4.012974868101446620e-04
1.635777202272002406e-01 7.480154780237298351e-02 2.610722789416282559e-04 8.839284526608349735e-01 6.231799275106780778e-03
2.635777202272002739e-01 1.840884300744463076e-01 1.672711418991164800e-03 1.269163076297680881e+00 2.457427797480850329e-02
3.635777202272002517e-01 3.219016224192691733e-01 5.750924741362643290e-03 1.461304353620359153e+00 6.004744233087397354e-02
4.635777202272002295e-01 4.719982070332274238e-01 1.429939653644860670e-02 1.514779356680910238e+00 1.139483756600189746e-01
5.635777202272002073e-01 6.181209299678031011e-01 2.910308304411202140e-02 1.367465020512354190e+00 1.846017434280262659e-01
6.635777202272001851e-01 7.380800737398541811e-01 5.160753843251231210e-02 1.009002902245020428e+00 2.667668348523989374e-01
7.635777202272001629e-01 8.184934510977358579e-01 8.255852509578627541e-02 5.962717819049422330e-01 3.519694639525625668e-01
8.635777202272001407e-01 8.566269201419174362e-01 1.217842300984670473e-01 1.696035226430168130e-01 4.306533340215513705e-01
9.635777202272001185e-01 8.540931244713018122e-01 1.681580584548906521e-01 -2.119567266555927310e-01 4.934486976096461586e-01
1.063577720227200096e+00 8.172390918413903194e-01 2.196726859942321197e-01 -4.997158281283892167e-01 5.322822254738415193e-01
1.163577720227200185e+00 7.597048174001307386e-01 2.736245488654772129e-01 -6.218044139161331696e-01 5.415379975576606331e-01
1.263577720227200274e+00 6.997815038841788127e-01 3.269231617147945190e-01 -5.449909230031597662e-01 5.192235167317846845e-01
1.363577720227200363e+00 6.540703232596410954e-01 3.764811464094943161e-01 -3.596529095595171754e-01 4.673541633453806021e-01
1.463577720227200452e+00 6.302815617899374390e-01 4.195701564556734153e-01 -1.073395499971108724e-01 3.908405131305117131e-01
1.563577720227200540e+00 6.328839970803543657e-01 4.540546201521620251e-01 1.589709125192118044e-01 2.965172123260320092e-01
1.663577720227200629e+00 6.618045816021158601e-01 4.785407469743724329e-01 4.135019229062165680e-01 1.922195233274155424e-01
1.763577720227200718e+00 7.139273501187887172e-01 4.924340950968852382e-01 6.206921042990074522e-01 8.596877614597542294e-02
1.863577720227200807e+00 7.837308569463581343e-01 4.959185866548842525e-01 7.603072800760906080e-01 -1.479848938405381453e-02
1.963577720227200896e+00 8.623715212874791813e-01 4.898652271994728413e-01 7.906319620265465087e-01 -1.039090596877082634e-01
2.063577720227200984e+00 9.370733521199308136e-01 4.756645210139958113e-01 6.811165339143897546e-01 -1.772779469218336845e-01
2.163577720227201073e+00 9.945116056939483640e-01 4.549860632659646353e-01 4.472445176816860490e-01 -2.334369266103571428e-01
2.263577720227201162e+00 1.023092656171906034e+00 4.295178854722317974e-01 1.134338322062995452e-01 -2.734453546531306900e-01
2.363577720227201251e+00 1.016027189215178206e+00 4.007331678045514822e-01 -2.570032307827929685e-01 -3.004039992651640900e-01
2.463577720227201340e+00 9.718164757982828972e-01 3.697326108226048902e-01 -6.233770080468925556e-01 -3.185081108290442331e-01
2.563577720227201429e+00 8.937649181755766836e-01 3.371773366747545797e-01 -9.147878441955754614e-01 -3.322095199946734079e-01
2.663577720227201517e+00 7.936011062764180002e-01 3.033184268778590931e-01 -1.072621365553132478e+00 -3.450138067533659592e-01
2.763577720227201606e+00 6.819148884688847057e-01 2.681434649001747106e-01 -1.142799038413738977e+00 -3.587119802407776614e-01
2.863577720227201695e+00 5.689538206758472105e-01 2.315327869973572428e-01 -1.100429318605809392e+00 -3.736495678621152283e-01
2.963577720227201784e+00 4.649753953120500105e-01 1.934122869694175351e-01 -9.611741933019744000e-01 -3.885793677223138287e-01
3.063577720227201873e+00 3.800779994492258229e-01 1.539053003527510455e-01 -7.238626166429669162e-01 -4.008128834370223714e-01
3.163577720227201961e+00 3.213765476877709082e-01 1.134688983494410858e-01 -4.523545557182419019e-01 -4.064634184860346222e-01
3.263577720227202050e+00 2.887910391195994686e-01 7.296876602001035883e-02 -2.010465082608247078e-01 -4.014552220540412719e-01
3.363577720227202139e+00 2.802094188387266316e-01 3.364757115492505307e-02 1.672214499730076409e-02 -3.823890750419486340e-01
3.463577720227202228e+00 2.892907504008154218e-01 -2.964191440704158631e-03 1.550122199452492466e-01 -3.470401617013209039e-01
3.563577720227202317e+00 3.093453653251272972e-01 -3.519918905984244922e-02 2.319405311413464399e-01 -2.949036144133614923e-01
3.663577720227202406e+00 3.322760779769870498e-01 -6.142301706696133567e-02 2.128692625847150299e-01 -2.271809312368881228e-01
3.763577720227202494e+00 3.508717549568852179e-01 -8.021766332248969622e-02 1.598713761282050949e-01 -1.469586632415460503e-01
3.863577720227202583e+00 3.637846699472556677e-01 -9.053569329679686528e-02 9.041851658878706510e-02 -5.838454761312945884e-02
3.963577720227202672e+00 3.673443988471760124e-01 -9.177543647432233331e-02 -2.385421111216928791e-02 3.373525106404344498e-02
4.063577720227202761e+00 3.590423910558658283e-01 -8.385344083622177369e-02 -1.362953439837541469e-01 1.239144177313938472e-01
4.163577720227202406e+00 3.418973521363018464e-01 -6.723649608663256894e-02 -1.996441891025403925e-01 2.068109207544829853e-01
4.263577720227202050e+00 3.198840917928743588e-01 -4.288253355761358770e-02 -2.347229242941272220e-01 2.779959984729750699e-01
4.363577720227201695e+00 2.971537827555823519e-01 -1.214337379110498605e-02 -2.062909235923497675e-01 3.340521328713503824e-01
4.463577720227201340e+00 2.810170716487528919e-01 2.335847060121567370e-02 -1.092109476255853640e-01 3.730830889992947652e-01
4.563577720227200984e+00 2.756943082612750007e-01 6.189537009935283662e-02 5.827810031925104162e-03 3.948076585678148565e-01
4.663577720227200629e+00 2.845727314762006022e-01 1.017699784584285838e-01 1.871022485652178990e-01 4.000904110283045045e-01
4.763577720227200274e+00 3.140935573532919189e-01 1.414439262606010939e-01 3.979591003901722379e-01 3.913198981458073100e-01
4.863577720227199919e+00 3.632917771907230864e-01 1.796775466206855520e-01 5.856716577382470312e-01 3.718609057537054507e-01
4.963577720227199563e+00 4.306660284946758344e-01 2.155783996913992195e-01 7.516713783026796047e-01 3.452723763935472423e-01
5.063577720227199208e+00 5.108708984170390321e-01 2.486095943921096951e-01 8.418115932817155089e-01 3.149772305779504067e-01
5.163577720227198853e+00 5.976392708380781071e-01 2.785382496778379124e-01 8.838202495443117090e-01 2.835962470828991000e-01
5.263577720227198498e+00 6.847126511042750385e-01 3.053555879016233709e-01 8.432110227439149064e-01 2.529740758742593520e-01
5.363577720227198142e+00 7.635708337822836311e-01 3.291825803846182841e-01 7.186023141451163276e-01 2.237963955600836552e-01
5.463577720227197787e+00 8.260344322201861322e-01 3.501443112770776800e-01 5.259205291511710456e-01 1.954667577635667841e-01
5.563577720227197432e+00 8.680703691384924481e-01 3.682532160697365997e-01 3.093746259577264679e-01 1.664462161487474945e-01
5.663577720227197076e+00 8.877074507635773770e-01 3.833471950296861164e-01 8.883152267531341240e-02 1.348358407823683491e-01
5.763577720227196721e+00 8.868421889402439140e-01 3.950734602906122994e-01 -1.034503743187070446e-01 9.883748741659259540e-02
5.863577720227196366e+00 8.682847720716003748e-01 4.029262411512075093e-01 -2.550807112962186762e-01 5.721221321728144071e-02
5.963577720227196011e+00 8.388231828201965223e-01 4.063154035507876571e-01 -3.222516168739629205e-01 9.622936015102043217e-03
6.063577720227195655e+00 8.050221908995693898e-01 4.046843755794365394e-01 -3.485745173977498057e-01 -4.293639297831951945e-02
6.163577720227195300e+00 7.710207574709094791e-01 3.976243994921653258e-01 -3.237432983501504768e-01 -9.857525661767124747e-02
6.263577720227194945e+00 7.403387307585154176e-01 3.849547299016112811e-01 -2.888832878563129536e-01 -1.546507642039056107e-01
6.363577720227194590e+00 7.143672051541726242e-01 3.667767549463089027e-01 -2.318012724159725368e-01 -2.082380923773556602e-01
6.463577720227194234e+00 6.915159481920809537e-01 3.434890260809450035e-01 -2.350622451520435474e-01 -2.564116054558340796e-01
6.563577720227193879e+00 6.672372718375788603e-01 3.157439690354929551e-01 -2.524420408923570558e-01 -2.971101496964094757e-01
6.663577720227193524e+00 6.393295152209024224e-01 2.843631980984319685e-01 -3.119370660981081178e-01 -3.289600616680379841e-01
6.763577720227193169e+00 6.050342414898782772e-01 2.502651786153824442e-01 -3.714001722237744718e-01 -3.514229586171709885e-01
6.863577720227192813e+00 5.651063268766047809e-01 2.143941377225755118e-01 -4.268553462660220621e-01 -3.644328578096970861e-01
6.963577720227192458e+00 5.201049233239318781e-01 1.776856271702223211e-01 -4.694900930776261805e-01 -3.682384746391477170e-01
7.063577720227192103e+00 4.718474182765693969e-01 1.410382370634453708e-01 -4.952893486945508794e-01 -3.632938282599257329e-01
7.163577720227191747e+00 4.206973485270813495e-01 1.052979715699044472e-01 -5.264549163686484956e-01 -3.502322542969644736e-01
7.263577720227191392e+00 3.681226528527790642e-01 7.123089976482389896e-02 -5.161428600766668762e-01 -3.299843533921413830e-01
7.363577720227191037e+00 3.178113094939313266e-01 3.951574424627621318e-02 -4.916131119755622336e-01 -3.033022430814321102e-01
7.463577720227190682e+00 2.706381983312899919e-01 1.075966698531147930e-02 -4.449978726253521755e-01 -2.709387864437409754e-01
7.563577720227190326e+00 2.292166191302977551e-01 -1.450625708565106767e-02 -3.816835455019256806e-01 -2.336042536810717662e-01
7.663577720227189971e+00 1.958226674005870693e-01 -3.581628799187937945e-02 -2.802155169208676577e-01 -1.919065739111686930e-01
7.763577720227189616e+00 1.727186133023524695e-01 -5.275414333213536422e-02 -1.826823305761649807e-01 -1.462187378361860246e-01
7.863577720227189261e+00 1.607210996653022361e-01 -6.494208222889971682e-02 -5.285356375912658722e-02 -9.697588240456909980e-02
7.963577720227188905e+00 1.608976729402681050e-01 -7.204040589588098231e-02 4.783264992511483682e-02 -4.448939522884200193e-02
8.063577720227188550e+00 1.692958093164436684e-01 -7.375653281217381396e-02 1.165479963044334238e-01 1.048320536861439140e-02
8.163577720227188195e+00 1.844594308651812675e-01 -6.990397483894857100e-02 1.929551766927563583e-01 6.665200704501433870e-02
8.263577720227187839e+00 2.075739501995230718e-01 -6.042867282102538234e-02 2.577621281033729006e-01 1.227387819279763953e-01
8.363577720227187484e+00 2.343420741248650740e-01 -4.540806279840747806e-02 2.750953644232732587e-01 1.772492733984036006e-01
8.463577720227187129e+00 2.617416184848042615e-01 -2.509858975478772639e-02 2.675624511714765341e-01 2.281589373000316445e-01
8.563577720227186774e+00 2.877570467874275284e-01 2.922816767867916776e-05 2.556033251958107488e-01 2.732411049440182649e-01
8.663577720227186418e+00 3.134654378449382439e-01 2.928682932389115728e-02 2.625567361595010918e-01 3.104586258155452860e-01
8.763577720227186063e+00 3.408202028607653089e-01 6.180980994971176784e-02 2.843587316313699875e-01 3.383625357367452402e-01
8.863577720227185708e+00 3.704391667513383668e-01 9.661956344559091692e-02 3.105151329025248041e-01 3.560891967375794942e-01
8.963577720227185353e+00 4.033491432946496036e-01 1.326764228382399935e-01 3.499308076521066568e-01 3.632999355255957519e-01
9.063577720227184997e+00 4.406867755503316997e-01 1.689378569032365385e-01 3.927720678068798987e-01 3.602775970321961951e-01
9.163577720227184642e+00 4.802412903429394420e-01 2.044137355667556832e-01 3.914909831317957001e-01 3.476983455878842610e-01
9.263577720227184287e+00 5.180899962501944733e-01 2.381771122400568597e-01 3.614321462457210643e-01 3.261069631135650182e-01
9.363577720227183931e+00 5.524666452723099308e-01 2.693513515331140140e-01 3.295484086462334705e-01 2.960138100300279684e-01
9.463577720227183576e+00 5.840568671373881360e-01 2.971236414819423688e-01 2.999673361422001694e-01 2.582448417156179010e-01
9.563577720227183221e+00 6.128293756501752565e-01 3.207835653237712248e-01 2.794500579151756314e-01 2.139883074528773077e-01
9.663577720227182866e+00 6.400740409090349692e-01 3.397570893369854517e-01 2.655493920775299777e-01 1.648137305597705271e-01
9.763577720227182510e+00 6.661088780316146707e-01 3.536450513732541379e-01 2.520056012892439301e-01 1.126080899793638623e-01
9.863577720227182155e+00 6.895512079580352616e-01 3.622432194997021737e-01 2.176811901111697645e-01 5.932639422914699756e-02
9.963577720227181800e+00 7.102484592724357393e-01 3.655347684974210032e-01 1.927926557108068373e-01 6.785263931124656256e-03
1.006357772022718144e+01 7.262341713266814436e-01 3.636841431742178776e-01 1.195983652427373839e-01 -4.327052406795021955e-02
1.016357772022718109e+01 7.339173239911392921e-01 3.570005266744192274e-01 3.420282940980666486e-02 -8.973846437693190625e-02
1.026357772022718073e+01 7.320734760607773284e-01 3.458795030859266872e-01 -7.887309834242896278e-02 -1.319360866717152747e-01
1.036357772022718038e+01 7.175271322377145822e-01 3.307609059585533418e-01 -2.115460408485732580e-01 -1.697203767561412946e-01
1.046357772022718002e+01 6.894372821713133925e-01 3.120719876900493461e-01 -3.507065956462519507e-01 -2.034187055307275505e-01
1.056357772022717967e+01 6.487934909766029934e-01 2.901953494903056763e-01 -4.525291684464811670e-01 -2.335556478895136900e-01
1.066357772022717931e+01 6.001379987864106091e-01 2.654723126871569860e-01 -5.126558346209023620e-01 -2.603368465064752613e-01
1.076357772022717896e+01 5.485727834664423375e-01 2.382496794410298713e-01 -5.116288423038705124e-01 -2.834389400458645625e-01
1.086357772022717860e+01 4.980839929809968702e-01 2.089376757135585905e-01 -4.957972504295412031e-01 -3.019496412855096623e-01
1.096357772022717825e+01 4.498471843360001277e-01 1.780468080804426256e-01 -4.687538790250496690e-01 -3.148499405828066866e-01
1.106357772022717789e+01 4.055253284700119920e-01 1.461863754419491790e-01 -4.077950983372924942e-01 -3.211809662427018153e-01
1.116357772022717754e+01 3.679461403166313094e-01 1.140664941332467652e-01 -3.543279072863663171e-01 -3.198527234350754256e-01
1.126357772022717718e+01 3.345205191892197116e-01 8.249509693410048139e-02 -3.063435948215323390e-01 -3.101583054392529348e-01
1.136357772022717683e+01 3.067955571608997900e-01 5.232362081631120043e-02 -2.543423832144735552e-01 -2.918119882427884226e-01
1.146357772022717647e+01 2.830978260466621710e-01 2.441963205974739815e-02 -2.189294451501568040e-01 -2.648767019343025719e-01
1.156357772022717612e+01 2.634970610432167959e-01 -3.852825030226277037e-04 -1.672664484131535512e-01 -2.299522379119134097e-01
1.166357772022717576e+01 2.505364932696261815e-01 -2.132814732816527489e-02 -9.438963174582000459e-02 -1.877457200621029942e-01
1.176357772022717540e+01 2.433789413042873329e-01 -3.771825743607346015e-02 -5.269219172991834038e-02 -1.390811048370949043e-01
1.186357772022717505e+01 2.401123885350188725e-01 -4.897590445181291413e-02 -1.054870444865366880e-02 -8.536757527500406229e-02
1.196357772022717469e+01 2.406526447700919058e-01 -5.467930436145666123e-02 1.244629322920597775e-02 -2.829457076264405013e-02
1.206357772022717434e+01 2.414618590075052473e-01 -5.459265123459636215e-02 4.499868455934981359e-03 3.002594589648969331e-02
1.216357772022717398e+01 2.413986290309103333e-01 -4.871711308013200459e-02 -1.028302708138055174e-02 8.705552373334528304e-02
1.226357772022717363e+01 2.395128520062944633e-01 -3.731185399907302469e-02 -2.139628049063745444e-02 1.401834703277868854e-01
1.236357772022717327e+01 2.373950617784762740e-01 -2.089026483316080290e-02 -2.372433710082027039e-02 1.870278515763068028e-01
1.246357772022717292e+01 2.355367122156176996e-01 -1.824840542199446247e-04 -2.482762178332140190e-03 2.256100420204630030e-01
1.256357772022717256e+01 2.385516652173745034e-01 2.391328985150254632e-02 6.388348316039560437e-02 2.546746442727351178e-01
1.266357772022717221e+01 2.477524675341031546e-01 5.042384014715637491e-02 1.201557026601652312e-01 2.738871173230623679e-01
1.276357772022717185e+01 2.642710669327600903e-01 7.836471414649348599e-02 2.215983874312767443e-01 2.833586348621407458e-01
1.286357772022717150e+01 2.927134876060403790e-01 1.068053112854099040e-01 3.448119405713901964e-01 2.841429083718270410e-01
1.296357772022717114e+01 3.331374354378382474e-01 1.349613496685130865e-01 4.622981986822130018e-01 2.779778694068368861e-01
1.306357772022717079e+01 3.839667185541421057e-01 1.622334883032052755e-01 5.466737828306088565e-01 2.667802640467569208e-01
1.316357772022717043e+01 4.406750653514074911e-01 1.882058228561413749e-01 5.763883080901620604e-01 2.522144747794989317e-01
1.326357772022717008e+01 4.980531785423942259e-01 2.125995383837390451e-01 5.705730304400805641e-01 2.353302657731629055e-01
1.336357772022716972e+01 5.531900762064255739e-01 2.352155201629149428e-01 5.169205137236387859e-01 2.167336256548478557e-01
1.346357772022716937e+01 5.996559394412210864e-01 2.558893586502904993e-01 4.079202456160737622e-01 1.964074456938913193e-01
1.356357772022716901e+01 6.326814304441334968e-01 2.744152394198899336e-01 2.427122182443377241e-01 1.736006669396725210e-01
1.366357772022716865e+01 6.486506574562825866e-01 2.904818966200496400e-01 8.499167386769251875e-02 1.469792103744673173e-01
1.376357772022716830e+01 6.507681786490094877e-01 3.036456608931662471e-01 -3.527366289718510128e-02 1.154168924164495069e-01
1.386357772022716794e+01 6.436823012972964220e-01 3.133880290866126184e-01 -9.950678516346402047e-02 7.857459426712296024e-02
1.396357772022716759e+01 6.318123278851019986e-01 3.192038349186068213e-01 -1.305801554346243121e-01 3.704984707896133433e-02
1.406357772022716723e+01 6.186152094558969861e-01 3.206855923312785794e-01 -1.335952402580302123e-01 -7.827721936068947339e-03
1.416357772022716688e+01 6.048035227933278302e-01 3.175867199437711341e-01 -1.447835198010401503e-01 -5.425444077811249211e-02
1.426357772022716652e+01 5.886883716647963727e-01 3.098423294359349822e-01 -1.813677391216574897e-01 -1.004666712568889481e-01
1.436357772022716617e+01 5.688544550977092662e-01 2.975492598629478902e-01 -2.111710036101727694e-01 -1.449994896617985418e-01
1.446357772022716581e+01 5.470124147568574680e-01 2.809468013417967813e-01 -2.237029978177925149e-01 -1.863978867050642696e-01
1.456357772022716546e+01 5.241416284737263620e-01 2.604258538227213204e-01 -2.360866840340165029e-01 -2.231174829266372173e-01
1.466357772022716510e+01 4.993578100029005817e-01 2.365244267840882486e-01 -2.606042568239387847e-01 -2.538179515541767461e-01
1.476357772022716475e+01 4.717866359429436218e-01 2.098945260773218413e-01 -2.923418014171720869e-01 -2.775637200576693830e-01
1.486357772022716439e+01 4.407178056939977662e-01 1.812616183289446348e-01 -3.277287440054506007e-01 -2.938240314700018008e-01
1.496357772022716404e+01 4.074388082134082767e-01 1.513863287071863795e-01 -3.298877798215196222e-01 -3.023792828481458028e-01
1.506357772022716368e+01 3.748952983989608523e-01 1.210525607152203448e-01 -3.263813726369331203e-01 -3.029406446898574856e-01
1.516357772022716333e+01 3.421448320859410419e-01 9.106677467010590443e-02 -3.219195721618979267e-01 -2.954551471525206918e-01
1.526357772022716297e+01 3.114950318851830158e-01 6.222248053171519633e-02 -2.901952143293850539e-01 -2.801386267307843236e-01
1.536357772022716262e+01 2.841806526195542193e-01 3.529280091766200111e-02 -2.557894866557617330e-01 -2.572190674259546839e-01
1.546357772022716226e+01 2.602960381919998678e-01 1.101633313100855438e-02 -2.222256135812056832e-01 -2.271802598516342309e-01
1.556357772022716190e+01 2.392774273722423073e-01 -9.932340802819173559e-03 -2.020161193666005217e-01 -1.908297716938121280e-01
1.566357772022716155e+01 2.199483596864559576e-01 -2.698018045765260275e-02 -1.803368085959250189e-01 -1.494018361730203026e-01
1.576357772022716119e+01 2.033764203865716380e-01 -3.969109141627897436e-02 -1.530745698520163400e-01 -1.043287062779018476e-01
1.586357772022716084e+01 1.900356501414158794e-01 -4.777429819225725155e-02 -1.052711844845695272e-01 -5.709892862610092129e-02
1.596357772022716048e+01 1.833025211608691751e-01 -5.108205608472581732e-02 -2.940835345768059994e-02 -8.992526063375735901e-03
1.606357772022716190e+01 1.839148440361013936e-01 -4.957596030811436266e-02 4.026513527012315352e-02 3.901598744209605618e-02
1.616357772022716333e+01 1.913357200299489191e-01 -4.331585579352270621e-02 1.103324957425327463e-01 8.591615231699806232e-02
1.626357772022716475e+01 2.061408886351462078e-01 -3.246154234975277136e-02 1.832324083371574819e-01 1.307568803502676680e-01
1.636357772022716617e+01 2.278650207971566199e-01 -1.726149773325610232e-02 2.551636679271040431e-01 1.726900462594444519e-01
1.646357772022716759e+01 2.574991935044211866e-01 1.955955092592540079e-03 3.325007680342691452e-01 2.110169122678278164e-01
1.656357772022716901e+01 2.929880920190122140e-01 2.480322349895574402e-02 3.731826956719561661e-01 2.451702019949796585e-01
1.666357772022717043e+01 3.319517246128159127e-01 5.082381904091251568e-02 4.073153586113544833e-01 2.743430643865167884e-01
1.676357772022717185e+01 3.747197787584262141e-01 7.948179859939859260e-02 4.456927282949599278e-01 2.978262135586943193e-01
1.686357772022717327e+01 4.195883001305230620e-01 1.101830601158282769e-01 4.448636222624098302e-01 3.151160572392018300e-01
1.696357772022717469e+01 4.634840745370168991e-01 1.422753932832376000e-01 4.326335013605585589e-01 3.255246007484688953e-01
1.706357772022717612e+01 5.050988779694122188e-01 1.750371880196909813e-01 3.953431687915692216e-01 3.284048034412343497e-01
1.716357772022717754e+01 5.429020881734263337e-01 2.076849106829694591e-01 3.636882190894525912e-01 3.231587841976670816e-01
1.726357772022717896e+01 5.778105889658105010e-01 2.393896485799654750e-01 3.352524896239206798e-01 3.095448129465346310e-01
1.736357772022718038e+01 6.106651634450194210e-01 2.693212051568207310e-01 3.251052657060511941e-01 2.877729031825567718e-01
1.746357772022718180e+01 6.435603473097940563e-01 2.966978354459728351e-01 3.378924416493911398e-01 2.586300198858066945e-01
1.756357772022718322e+01 6.782699350717942277e-01 3.208481292444587685e-01 3.499709597807233452e-01 2.235228021657083008e-01
1.766357772022718464e+01 7.127901540786898416e-01 3.412578657430196394e-01 3.407236286023295757e-01 1.840754688042015585e-01
1.776357772022718606e+01 7.455597163480732759e-01 3.575697595774826043e-01 3.055572732963962035e-01 1.418152072585107393e-01
1.786357772022718748e+01 7.729422127211016402e-01 3.695694808058471725e-01 2.422706232944802640e-01 9.800147674675896425e-02
1.796357772022718891e+01 7.940724525881958096e-01 3.771504560334668632e-01 1.811337286253764667e-01 5.360127862399002158e-02
1.806357772022719033e+01 8.089202483374007269e-01 3.803031022030269881e-01 1.064702774873445973e-01 9.597030770284037393e-03
1.816357772022719175e+01 8.129719821932355206e-01 3.791065084268848695e-01 -2.825829533707745200e-02 -3.334339458311731674e-02
1.826357772022719317e+01 8.044319104246779872e-01 3.736693681622159091e-01 -1.399655743507826899e-01 -7.521995757148251804e-02
1.836357772022719459e+01 7.844116036470486497e-01 3.641008185074507963e-01 -2.594604093039705184e-01 -1.159578712484282681e-01
1.846357772022719601e+01 7.536442269292973339e-01 3.505173677138167521e-01 -3.524633992690379136e-01 -1.554941379537377877e-01
1.856357772022719743e+01 7.144596963554288305e-01 3.330518612136191270e-01 -4.250432349621482975e-01 -1.935287380509713995e-01
1.866357772022719885e+01 6.699274434305745318e-01 3.118809610936161270e-01 -4.605550561909487195e-01 -2.294674791161813443e-01
1.876357772022720027e+01 6.237455474009294676e-01 2.872615608555635358e-01 -4.568327437710466565e-01 -2.622946096430984753e-01
1.886357772022720170e+01 5.785186070792740498e-01 2.595721268714609176e-01 -4.485036503064014912e-01 -2.906264717730350222e-01
1.896357772022720312e+01 5.351951047542206075e-01 2.293312863030111115e-01 -4.136470413212108288e-01 -3.130987658865970191e-01
1.906357772022720454e+01 4.947248477975223491e-01 1.971936752899096923e-01 -4.018918331459195858e-01 -3.283583713403886439e-01
1.916357772022720596e+01 4.551479369320858281e-01 1.639287956066560192e-01 -3.866249946461318698e-01 -3.355479007866619678e-01
1.926357772022720738e+01 4.170913122163090181e-01 1.303697696576707199e-01 -3.766832583374050136e-01 -3.341843200760767907e-01
1.936357772022720880e+01 3.796499468750251238e-01 9.738017864490099151e-02 -3.726850972131715567e-01 -3.241873427449469824e-01
1.946357772022721022e+01 3.431040811793191203e-01 6.580851147078098373e-02 -3.521796807236520777e-01 -3.059073449747435336e-01
1.956357772022721164e+01 3.099309292916987424e-01 3.645915542748927318e-02 -3.104251366029013304e-01 -2.798150900546189090e-01
1.966357772022721306e+01 2.811964707063914215e-01 1.008878308676751726e-02 -2.653306972957932830e-01 -2.464318690282558677e-01
1.976357772022721448e+01 2.563268180168725152e-01 -1.261024802289098176e-02 -2.316169238595241209e-01 -2.065563315864363536e-01
1.986357772022721591e+01 2.355186748630805627e-01 -3.104454954955740073e-02 -1.825168203303589587e-01 -1.613406950484284341e-01
1.996357772022721733e+01 2.202970356397407903e-01 -4.474067510699571149e-02 -1.186326136676199711e-01 -1.119928456242967052e-01
2.006357772022721875e+01 2.112772232000829642e-01 -5.334483248137482370e-02 -6.863920775139489838e-02 -5.970863018911019837e-02
2.016357772022722017e+01 2.065655196538668248e-01 -5.663353363755904701e-02 -1.973840374243560764e-02 -5.959378910780500915e-03
2.026357772022722159e+01 2.077348544824530463e-01 -5.453944936904490948e-02 4.270834831625283656e-02 4.771287856746139061e-02
2.036357772022722301e+01 2.155088185981201276e-01 -4.713886853175439789e-02 1.136254802324258989e-01 9.995592348126020044e-02
2.046357772022722443e+01 2.303665543357043266e-01 -3.463592288137722075e-02 1.874084581137710481e-01 1.495716645749137763e-01
2.056357772022722585e+01 2.538435337081620391e-01 -1.734503003561307932e-02 2.788803192923322571e-01 1.955895247630876077e-01
2.066357772022722727e+01 2.849345405511178320e-01 4.339050768473858011e-03 3.413869688801867697e-01 2.373081866961400388e-01
2.076357772022722870e+01 3.219078105195311013e-01 2.994615195277869346e-02 3.935736908987135241e-01 2.739173061009205212e-01
2.086357772022723012e+01 3.636706382676934690e-01 5.892576755594065852e-02 4.511850136064628480e-01 3.046339257285489155e-01
2.096357772022723154e+01 4.141322643566363038e-01 9.066335879116813046e-02 5.587898931243251432e-01 3.290997458239050544e-01
2.106357772022723296e+01 4.735376428760730838e-01 1.245507579081651384e-01 6.170142662865535366e-01 3.476969627345549152e-01
2.116357772022723438e+01 5.359209150407329147e-01 1.600096574945999994e-01 6.247072641314802555e-01 3.604870722695097118e-01
2.126357772022723580e+01 5.970990596251649629e-01 1.964406428605799393e-01 5.940319871504194937e-01 3.670401532636872188e-01
2.136357772022723722e+01 6.542570804567172660e-01 2.331870158124613734e-01 5.427466115415575665e-01 3.666757323370983812e-01
2.146357772022723864e+01 7.033256682831069417e-01 2.695190517549954645e-01 4.295392431741842376e-01 3.585860128512790013e-01
2.156357772022724006e+01 7.392985337526744027e-01 3.046053927394665184e-01 2.847354096737372275e-01 3.415318302868253220e-01
2.166357772022724149e+01 7.596014647316167157e-01 3.374806755507015477e-01 1.266577944097552755e-01 3.141405455771049682e-01
2.176357772022724291e+01 7.665330193423613991e-01 3.670540945799042332e-01 1.631160700783149120e-02 2.754098950783624988e-01
2.186357772022724433e+01 7.628309896177362104e-01 3.921835387710296827e-01 -8.675314688906350657e-02 2.253209160733508909e-01
2.196357772022724575e+01 7.512734439344809223e-01 4.117626111134858879e-01 -1.328552348757549018e-01 1.646075428481350578e-01
2.206357772022724717e+01 7.373339231820321693e-01 4.248128329479409215e-01 -1.448552650487762994e-01 9.515458855830845331e-02
2.216357772022724859e+01 7.231831653252018821e-01 4.305937192342806363e-01 -1.298538908245990553e-01 1.972936621621326769e-02
2.226357772022725001e+01 7.124628987079976161e-01 4.286731904540104776e-01 -8.361377213013135301e-02 -5.824222309985988000e-02
2.236357772022725143e+01 7.063956026057465198e-01 4.189911232509470063e-01 -4.013232372778831325e-02 -1.348410719097739296e-01
2.246357772022725285e+01 7.031203618903981711e-01 4.018781998346084294e-01 -3.127866325396428532e-02 -2.062692085003633435e-01
2.256357772022725428e+01 7.003514143696043526e-01 3.780160284601641330e-01 -2.097986357414560743e-02 -2.693425225081848562e-01
2.266357772022725570e+01 6.981095206549930987e-01 3.483808611105697617e-01 -3.247329884583367854e-02 -3.213090944306515317e-01
2.276357772022725712e+01 6.925019972970996029e-01 3.141916399631978773e-01 -8.749367527884893692e-02 -3.601903490666310548e-01
2.286357772022725854e+01 6.780997706264775271e-01 2.768060639305826576e-01 -2.119327524793322148e-01 -3.852293792765164038e-01
2.296357772022725996e+01 6.501679367255285280e-01 2.375849603490785833e-01 -3.360320496669145784e-01 -3.971085783195748564e-01
2.306357772022726138e+01 6.127637767958264980e-01 1.977817293600964144e-01 -4.083494886844603600e-01 -3.970573015338250134e-01
2.316357772022726280e+01 5.692496229480645820e-01 1.585347200742006912e-01 -4.544485633220116116e-01 -3.861736989351388094e-01
2.326357772022726422e+01 5.234145586167934239e-01 1.208713101925781852e-01 -4.560629321351097887e-01 -3.655521528138514498e-01
2.336357772022726564e+01 4.800364334868956195e-01 8.571916518907229943e-02 -3.968415944259852668e-01 -3.360674196082201748e-01
2.346357772022726706e+01 4.458056871061548687e-01 5.394020094147550931e-02 -2.896368084840750257e-01 -2.980993501041108162e-01
2.356357772022726849e+01 4.211381256029597120e-01 2.637736148307765968e-02 -2.066214220571014337e-01 -2.518148134661755688e-01
2.366357772022726991e+01 4.034501574014253134e-01 3.829675566255158481e-03 -1.564053959061136312e-01 -1.979829572304371010e-01
2.376357772022727133e+01 3.887282319100214267e-01 -1.301937588931567288e-02 -1.362958144738038169e-01 -1.381791644716500178e-01
2.386357772022727275e+01 3.769503234499843036e-01 -2.367941731862037436e-02 -9.747604788348124272e-02 -7.456778221707971444e-02
2.396357772022727417e+01 3.693585393593883381e-01 -2.787753031134677234e-02 -5.434510115271143360e-02 -9.295216483594326284e-03
2.406357772022727559e+01 3.656617815479224487e-01 -2.555459583947026700e-02 -2.226561089218744016e-02 5.548763981970394887e-02
2.416357772022727701e+01 3.648682367027659690e-01 -1.687153237059776933e-02 6.870107501742078737e-03 1.175280555800066740e-01
2.426357772022727843e+01 3.666221223182452582e-01 -2.213974251826955619e-03 2.534880384450107285e-02 1.746192701403866399e-01
2.436357772022727985e+01 3.697077008388017783e-01 1.781623423106161799e-02 3.552857656883322973e-02 2.246345675786204366e-01
2.446357772022728128e+01 3.734680978248076100e-01 4.241157186828220516e-02 4.005804339065429515e-02 2.656177122584837957e-01
2.456357772022728270e+01 3.785710248765267183e-01 7.058432041780154931e-02 6.932572306481527002e-02 2.959648909795766225e-01
2.466357772022728412e+01 3.887012656871138283e-01 1.012219157490016896e-01 1.374017619756306430e-01 3.148684688708258683e-01
2.476357772022728554e+01 4.066596601051972737e-01 1.331818073614351450e-01 2.270481599088412517e-01 3.225107062649980594e-01
2.486357772022728696e+01 4.353909757567203109e-01 1.653819187672528890e-01 3.504750245835938083e-01 3.199216952702909067e-01
2.496357772022728838e+01 4.763700423596657352e-01 1.968864782113022016e-01 4.650629049073978782e-01 3.089485761288197629e-01
2.506357772022728980e+01 5.272953612455497652e-01 2.269623243077300290e-01 5.465596571206392529e-01 2.916893968033815177e-01
2.516357772022729122e+01 5.848454185925674453e-01 2.550787343322514222e-01 6.021999128579662575e-01 2.700562276185620725e-01
2.526357772022729264e+01 6.460592532135164268e-01 2.808845024591953843e-01 6.073084085197496540e-01 2.457298962644557105e-01
2.536357772022729407e+01 7.039590477353192544e-01 3.041710201559021387e-01 5.444026331296183407e-01 2.197621963278547641e-01
2.546357772022729549e+01 7.539391190649207264e-01 3.247900357254477899e-01 4.504578906225584212e-01 1.923748110052234117e-01
2.556357772022729691e+01 7.931724827583174209e-01 3.425921437027155125e-01 3.283041024147986819e-01 1.633616046579459691e-01
2.566357772022729833e+01 8.183552438731886980e-01 3.573896845388105925e-01 1.720365261229554465e-01 1.321532000419100017e-01
2.576357772022729975e+01 8.271960172632247810e-01 3.689192290376965278e-01 2.000892063371367824e-03 9.783674356612004352e-02
2.586357772022730117e+01 8.187719282605719906e-01 3.768199496013349692e-01 -1.660983233679147741e-01 5.941384242007431010e-02
2.596357772022730259e+01 7.949967123812851089e-01 3.806390139853483290e-01 -3.013815690075061782e-01 1.612303244673712888e-02
2.606357772022730401e+01 7.620280888579795686e-01 3.798801523418670611e-01 -3.364594099607065014e-01 -3.204143710282918167e-02
2.616357772022730543e+01 7.297804511344250233e-01 3.741173754628192571e-01 -3.062462749080025470e-01 -8.357349957984998301e-02
2.626357772022730686e+01 7.017521855269613917e-01 3.631390701592136505e-01 -2.517023044824627243e-01 -1.358813817466075491e-01
2.636357772022730828e+01 6.783789335423320299e-01 3.470128649235528218e-01 -2.192336727505892480e-01 -1.860547981536322670e-01
2.646357772022730970e+01 6.592355987983028465e-01 3.260880847654705206e-01 -1.554515784609273865e-01 -2.314150551850968629e-01
2.656357772022731112e+01 6.476495103688343358e-01 3.009835909639087537e-01 -7.639651143807962841e-02 -2.691694445449995809e-01
2.666357772022731254e+01 6.430342808462243820e-01 2.725980782705110239e-01 -3.071031578505329512e-02 -2.966356318356995758e-01
2.676357772022731396e+01 6.384866648920035637e-01 2.420577568620028708e-01 -6.673458042508270682e-02 -3.121225374663351149e-01
2.686357772022731538e+01 6.286566606690017212e-01 2.105798993519769347e-01 -1.396276218059527841e-01 -3.154516372238214683e-01
2.696357772022731680e+01 6.097367867349261505e-01 1.793420900890895231e-01 -2.325719966053157728e-01 -3.075675599808018745e-01
2.706357772022731822e+01 5.827350014478214213e-01 1.493861039363327814e-01 -3.147359253238414811e-01 -2.900984322840580720e-01
2.716357772022731965e+01 5.454344681079826840e-01 1.215753770765027331e-01 -4.299278784084661353e-01 -2.650697424400390023e-01
2.726357772022732107e+01 4.980755843528524851e-01 9.653625522478137544e-02 -5.096133558579619693e-01 -2.351058716319836539e-01
2.736357772022732249e+01 4.450973494903756600e-01 7.463810562491199341e-02 -5.411947079905814473e-01 -2.026059992442904856e-01
2.746357772022732391e+01 3.914343455026751406e-01 5.603853295338385998e-02 -5.259281601381673443e-01 -1.693802475131596375e-01
2.756357772022732533e+01 3.411472990146134920e-01 4.074625460281052630e-02 -4.715305360427889392e-01 -1.366099621798934627e-01
2.766357772022732675e+01 2.987818318105102122e-01 2.868189118547567751e-02 -3.706562299717615083e-01 -1.048540403500376750e-01
2.776357772022732817e+01 2.678537107137812789e-01 1.974449368081719614e-02 -2.415351977775824499e-01 -7.401309017297588722e-02
2.786357772022732959e+01 2.511244410809052030e-01 1.386770530989060723e-02 -9.837816969279095103e-02 -4.350996936067468013e-02
2.796357772022733101e+01 2.463443881437179794e-01 1.105470553797675143e-02 -3.387982589289323387e-03 -1.266724932258847178e-02
2.806357772022733243e+01 2.501295398772187539e-01 1.134976346604663414e-02 8.017538486958969424e-02 1.863646046651351931e-02
2.816357772022733386e+01 2.629532915367141510e-01 1.479448713047169621e-02 1.790565286001902512e-01 5.032274892360881491e-02
2.826357772022733528e+01 2.856771956363164944e-01 2.142936506288868267e-02 2.709942848949152827e-01 8.245573408336723253e-02
2.836357772022733670e+01 3.163529240615903793e-01 3.129921653641276613e-02 3.382604522944508973e-01 1.149843858097770316e-01
2.846357772022733812e+01 3.519773266284141888e-01 4.442571142430305764e-02 3.660616211395999464e-01 1.474774166252817709e-01
2.856357772022733954e+01 3.882393440671153551e-01 6.076139124693490101e-02 3.541563006897462951e-01 1.789537996753219617e-01
2.866357772022734096e+01 4.216659572669599343e-01 8.013294062505986470e-02 3.079135086075691086e-01 2.079110819846455571e-01
2.876357772022734238e+01 4.493683279983121670e-01 1.021972280345101181e-01 2.502591709883251747e-01 2.324772216518570522e-01
2.886357772022734380e+01 4.724921449985465260e-01 1.264211198497431909e-01 2.102774668732583507e-01 2.508444258265487004e-01
2.896357772022734522e+01 4.906801279422504658e-01 1.521125999370493975e-01 1.532203450029297476e-01 2.616060792840681493e-01
2.906357772022734665e+01 5.034205247930408911e-01 1.784473866735565850e-01 1.025910476685327755e-01 2.635357862309010701e-01
2.916357772022734807e+01 5.120759897669426852e-01 2.044986119618366627e-01 7.864604242564048053e-02 2.558576162385881592e-01
2.926357772022734949e+01 5.201968465544231091e-01 2.292980749132033647e-01 8.560700675238824831e-02 2.385824208638947230e-01
2.936357772022735091e+01 5.301790204734937451e-01 2.519225672844874753e-01 1.218877413024603285e-01 2.125584297094056663e-01
2.946357772022735233e+01 5.452313239110626597e-01 2.715719750172312930e-01 1.763783731715172221e-01 1.794195363253823505e-01
2.956357772022735375e+01 5.645548106756929085e-01 2.876406020115638285e-01 2.055599273395891102e-01 1.412987662676164768e-01
2.966357772022735517e+01 5.855570448116043103e-01 2.997335623916045910e-01 2.120339659097214002e-01 1.002262284447126284e-01
2.976357772022735659e+01 6.064327589268890817e-01 3.076487991565732272e-01 1.997276340589472787e-01 5.803606568069962640e-02
2.986357772022735801e+01 6.239543751608077615e-01 3.113558719519757823e-01 1.456148477749178438e-01 1.627611121223553059e-02
2.996357772022735944e+01 6.356464119214164654e-01 3.109527974379321380e-01 9.075042206842413861e-02 -2.402068126165212564e-02
3.006357772022736086e+01 6.418036952283886487e-01 3.066303543929244091e-01 2.769878693616142917e-02 -6.196724570800786480e-02
3.016357772022736228e+01 6.411208853568296506e-01 2.986607231671749019e-01 -3.452039926004592252e-02 -9.687674052248626544e-02
3.026357772022736370e+01 6.364085942297569298e-01 2.873770682919061792e-01 -5.777262206355958385e-02 -1.281083848725843299e-01
3.036357772022736512e+01 6.291297159119647597e-01 2.731921404125575714e-01 -8.954034027465143653e-02 -1.547603280828231953e-01
3.046357772022736654e+01 6.179420576359266892e-01 2.565999622943930802e-01 -1.404887103780790847e-01 -1.761791110909111113e-01
3.056357772022736796e+01 6.001226387241447302e-01 2.381358529012502223e-01 -2.162689952627568912e-01 -1.922321731884511498e-01
3.066357772022736938e+01 5.745721111242584334e-01 2.183193048158664773e-01 -2.937143725985822407e-01 -2.033204253434503506e-01
3.076357772022737080e+01 5.436045164420261200e-01 1.976176777323408462e-01 -3.107442384549779502e-01 -2.100048205834672277e-01
3.086357772022737223e+01 5.125002616754518181e-01 1.764640929047913975e-01 -3.190635343264878743e-01 -2.123236256612098527e-01
3.096357772022737365e+01 4.806992512145304985e-01 1.552984598632557445e-01 -3.060511032707861068e-01 -2.102685001192360348e-01
3.106357772022737507e+01 4.510742423119525335e-01 1.345583865156433911e-01 -2.926488513261961133e-01 -2.037845875862968337e-01
3.116357772022737649e+01 4.225586142732089545e-01 1.146872765112259690e-01 -2.753281348966218900e-01 -1.929280742443111873e-01
3.126357772022737791e+01 3.952678539298842830e-01 9.611018103470432561e-02 -2.708219175618636343e-01 -1.779662986288016724e-01
3.136357772022737933e+01 3.693418608233963174e-01 7.921405232989843503e-02 -2.472432413393227391e-01 -1.593945344320691071e-01
3.146357772022738075e+01 3.452567380776274120e-01 6.433496779148600853e-02 -2.339539607588799197e-01 -1.377247253375459835e-01
3.156357772022738217e+01 3.227025856427998551e-01 5.174927783924555824e-02 -2.183983919893627834e-01 -1.136509548672902103e-01
3.166357772022738359e+01 3.019652582464248947e-01 4.165863635811607041e-02 -1.920470065288028272e-01 -8.795768104972410961e-02
3.176357772022738502e+01 2.847112251657170079e-01 3.418823273224209924e-02 -1.502940820939856759e-01 -6.134522788607194715e-02
3.186357772022738644e+01 2.724924494864078284e-01 2.940328031008374726e-02 -9.639758561899476608e-02 -3.431436943856328720e-02
3.196357772022738786e+01 2.652401883096455193e-01 2.732604731711377188e-02 -4.010732710700096876e-02 -7.264838073550560632e-03
3.206357772022738573e+01 2.659607077012708376e-01 2.794221174482775655e-02 5.016925391054641997e-02 1.956262441713754394e-02
3.216357772022738715e+01 2.739984621396694964e-01 3.123371428878536638e-02 1.102464274580029213e-01 4.622657560557019707e-02
3.226357772022738857e+01 2.876269109235594090e-01 3.717487582331348989e-02 1.558686431637948400e-01 7.250575378266817250e-02
3.236357772022738999e+01 3.045723862870425291e-01 4.570675283583928300e-02 1.836355186653167992e-01 9.793482703607087059e-02
3.246357772022739141e+01 3.242185489041709001e-01 5.671160117672579409e-02 2.102282387085203652e-01 1.218567769050069027e-01
3.256357772022739283e+01 3.473185607343375891e-01 7.000805874519237804e-02 2.514204140596710269e-01 1.436902806015046830e-01
3.266357772022739425e+01 3.736678379177638121e-01 8.536738990766357116e-02 2.749228507489179796e-01 1.630471014375505234e-01
3.276357772022739567e+01 4.028758029349522873e-01 1.025207450619694399e-01 3.090640530234854966e-01 1.795143786287985432e-01
3.286357772022739709e+01 4.344419878036692162e-01 1.211655265221022598e-01 3.159562680184725969e-01 1.928284138992985841e-01
3.296357772022739852e+01 4.657875391339587612e-01 1.409666729440099131e-01 3.161432357289599149e-01 2.025518469149061307e-01
3.306357772022739994e+01 4.985583288059201590e-01 1.615440578114282766e-01 3.355321180849706320e-01 2.083376005209089110e-01
3.316357772022740136e+01 5.313457431565522526e-01 1.825014180755787085e-01 3.166825800195982032e-01 2.101234068967637592e-01
3.326357772022740278e+01 5.617441797146671689e-01 2.034256163541090512e-01 2.874240179472357659e-01 2.076194116962982450e-01
3.336357772022740420e+01 5.876282207238839872e-01 2.238705679824282979e-01 2.252965457418699691e-01 2.004623553722478524e-01
3.346357772022740562e+01 6.061326365844841302e-01 2.433437482889608816e-01 1.442295784403384296e-01 1.880731039732653487e-01
3.356357772022740704e+01 6.172216885839139078e-01 2.612905408385173822e-01 8.295741699460786045e-02 1.698636556578733692e-01
3.366357772022740846e+01 6.236374946401335162e-01 2.771185330693438087e-01 5.027447946057728850e-02 1.457369369349503785e-01
3.376357772022740988e+01 6.278635999560058245e-01 2.902585988833528141e-01 3.280319703886054594e-02 1.162458881468381444e-01
3.386357772022741131e+01 6.298598782743578539e-01 3.002208618006113605e-01 7.958449032605410811e-03 8.235088282626762402e-02
3.396357772022741273e+01 6.295539277727560945e-01 3.066182170722026035e-01 -1.433100262586999019e-02 4.514522402284876224e-02
3.406357772022741415e+01 6.274506344735804042e-01 3.091814285616819591e-01 -2.460278216807940121e-02 5.895008955386533966e-03
3.416357772022741557e+01 6.246834145907763647e-01 3.077788450660933761e-01 -3.109512063660882508e-02 -3.390521743424399631e-02
3.426357772022741699e+01 6.211506197318529265e-01 3.024349381778074775e-01 -4.389978185356693818e-02 -7.267152943156421352e-02
3.436357772022741841e+01 6.150910810698277942e-01 2.933263324492573210e-01 -7.354575905194084273e-02 -1.089984575752925983e-01
3.446357772022741983e+01 6.077119615100146088e-01 2.807558547704865903e-01 -7.568940747897971721e-02 -1.416942891563593432e-01
3.456357772022742125e+01 5.987462150860972665e-01 2.651505038161310890e-01 -1.035142353610255528e-01 -1.695233540182425891e-01
3.466357772022742267e+01 5.879898759858883661e-01 2.470417019607621389e-01 -1.098516230501139918e-01 -1.916304600538927816e-01
3.476357772022742409e+01 5.765495576594352745e-01 2.270416831309334527e-01 -1.191824399494377795e-01 -2.072321336435996031e-01
3.486357772022742552e+01 5.639627894609307024e-01 2.058297364076869529e-01 -1.343826764194883394e-01 -2.158125530899875077e-01
3.496357772022742694e+01 5.497130183659150182e-01 1.841181977432854722e-01 -1.509027604607547923e-01 -2.172316200360615845e-01
3.506357772022742836e+01 5.332699409123425882e-01 1.626154376930092349e-01 -1.764972524017573707e-01 -2.117069865190729649e-01
3.516357772022742978e+01 5.159096518140661169e-01 1.419903721385643303e-01 -1.667754932675854784e-01 -1.997625339654955090e-01
3.526357772022743120e+01 4.991273147040846681e-01 1.228621621668942038e-01 -1.709285618940226681e-01 -1.818615799031803038e-01
3.536357772022743262e+01 4.826305117624725138e-01 1.057914195513691147e-01 -1.562727099434999822e-01 -1.587534849473902498e-01
3.546357772022743404e+01 4.670574623553019333e-01 9.125766986830396998e-02 -1.601781541474628645e-01 -1.312780558387000029e-01
3.556357772022743546e+01 4.505169858335714705e-01 7.964171518288351570e-02 -1.679987816455410787e-01 -1.006302994824035679e-01
3.566357772022743688e+01 4.336950714614750679e-01 7.119084791529453615e-02 -1.706395762253434534e-01 -6.820513662454760762e-02
3.576357772022743831e+01 4.159360197285132399e-01 6.601220035020556598e-02 -1.825106983992127452e-01 -3.544135894872090659e-02
3.586357772022743973e+01 3.981564480296762576e-01 6.406360801822240381e-02 -1.693064970179239681e-01 -3.831027779569000369e-03
3.596357772022744115e+01 3.830391910783547127e-01 6.516917236883881803e-02 -1.256424671852923725e-01 2.549176639932721616e-02
3.606357772022744257e+01 3.736839301370984412e-01 6.906531020236493512e-02 -6.329898137886000309e-02 5.192792159686941689e-02
3.616357772022744399e+01 3.708799956369468465e-01 7.545102160307336214e-02 1.460103643852708744e-02 7.526444157940451185e-02
3.626357772022744541e+01 3.768078297983492031e-01 8.401952693257037919e-02 9.679884383871399656e-02 9.564673129572195953e-02
3.636357772022744683e+01 3.887608688936618484e-01 9.449114538995580237e-02 1.367715199433255369e-01 1.133353630550254232e-01
3.646357772022744825e+01 4.034481339422854029e-01 1.065920678968020896e-01 1.566912102875078205e-01 1.281821707130263444e-01
3.656357772022744967e+01 4.200343039907360465e-01 1.200224472874454884e-01 1.707332903529650281e-01 1.398782574965758974e-01
3.666357772022745110e+01 4.367286130663344257e-01 1.344520509549516907e-01 1.628327271304868540e-01 1.480969353207520489e-01
3.676357772022745252e+01 4.526112073537373326e-01 1.495116453506724896e-01 1.533836103369866366e-01 1.524155539062468923e-01
3.686357772022745394e+01 4.680116361146388626e-01 1.647948957933920155e-01 1.633343339023607677e-01 1.525416080694580179e-01
3.696357772022745536e+01 4.868320910203289831e-01 1.798857750579993808e-01 2.182999881373279827e-01 1.486695971885637346e-01
3.706357772022745678e+01 5.125194593781920993e-01 1.944267088809278898e-01 2.959562545342363515e-01 1.417506815294213018e-01
3.716357772022745820e+01 5.450240029981782142e-01 2.081796161145646196e-01 3.480626634667693953e-01 1.331305361610090887e-01
3.726357772022745962e+01 5.808827645576823961e-01 2.210334904457548766e-01 3.579900140800731934e-01 1.239133820739886926e-01
3.736357772022746104e+01 6.140446262840503211e-01 2.329587481156615292e-01 2.979016856114483081e-01 1.145532472598989882e-01
3.746357772022746246e+01 6.397091604909701523e-01 2.439258943358612319e-01 2.082751081758826839e-01 1.046356322818189216e-01
3.756357772022746389e+01 6.542245996020263910e-01 2.538370638489380049e-01 8.148501085345674633e-02 9.323469796744825178e-02
3.766357772022746531e+01 6.566654720714731885e-01 2.624807687155671920e-01 -3.264582351700712204e-02 7.908488561571715147e-02
3.776357772022746673e+01 6.472752348217883922e-01 2.695259070619925312e-01 -1.540720940711961529e-01 6.109002633524001497e-02
3.786357772022746815e+01 6.266582081932505766e-01 2.745387069706647920e-01 -2.540299686988762851e-01 3.831153161104988714e-02
3.796357772022746957e+01 5.975392653601343529e-01 2.770126120214537746e-01 -3.204402308474211258e-01 1.028781444194076453e-02
3.806357772022747099e+01 5.643759156103906882e-01 2.764294469198554927e-01 -3.345082205888027516e-01 -2.270770288907010201e-02
3.816357772022747241e+01 5.319937082928919425e-01 2.723442682048988761e-01 -3.057990791084770899e-01 -5.948235457366385370e-02
3.826357772022747383e+01 5.056127668001042519e-01 2.644733876127735028e-01 -2.081297048340856881e-01 -9.800703048631442815e-02
3.836357772022747525e+01 4.909980411991922700e-01 2.527841080511166183e-01 -9.302804324918433065e-02 -1.352884737663911652e-01
3.846357772022747668e+01 4.851256620961850174e-01 2.375624527158162747e-01 -3.038870181766709089e-02 -1.681993946637897475e-01
3.856357772022747810e+01 4.839177118711002201e-01 2.193674908371703036e-01 3.493144474691817214e-03 -1.944356232173613530e-01
3.866357772022747952e+01 4.861807849980561702e-01 1.989525073563822577e-01 4.358319500270494556e-02 -2.123624041851756850e-01
3.876357772022748094e+01 4.921202177245576070e-01 1.772155822887350740e-01 7.117429852643938903e-02 -2.206934333923253888e-01
3.886357772022748236e+01 4.991147889194282317e-01 1.551582594854619135e-01 5.586303475147582492e-02 -2.187249650171907422e-01
3.896357772022748378e+01 5.005315816291164843e-01 1.338022560078075407e-01 -3.615556315184308839e-02 -2.068599517738645699e-01
3.906357772022748520e+01 4.909038196668332743e-01 1.140572335136705584e-01 -1.600112857775133901e-01 -1.868913428396832277e-01
3.916357772022748662e+01 4.683757753445501604e-01 9.660708205126582182e-02 -2.891180942781551577e-01 -1.614399382562854701e-01
3.926357772022748804e+01 4.334979936922104815e-01 8.185439305007777278e-02 -4.026524544794422567e-01 -1.334318740398477421e-01
3.936357772022748946e+01 3.900574831971219680e-01 6.991347898076813450e-02 -4.532551842839452894e-01 -1.056082805243510614e-01
3.946357772022749089e+01 3.455578699065853798e-01 6.066314168845368671e-02 -4.221276999211329151e-01 -7.983099815771674268e-02
3.956357772022749231e+01 3.075398151792941848e-01 5.385692058056414794e-02 -3.346358217175717797e-01 -5.673397472517589801e-02
3.966357772022749373e+01 2.799801373801974469e-01 4.923580170997726019e-02 -2.058621997641324475e-01 -3.602968116087732625e-02
3.976357772022749515e+01 2.673080288238332547e-01 4.660388584675527468e-02 -5.047084148493696798e-02 -1.672370761319267804e-02
3.986357772022749657e+01 2.690519288203249149e-01 4.589037754685511977e-02 8.170869934845237381e-02 2.550445480672808990e-03
3.996357772022749799e+01 2.834236923300134103e-01 4.715015021914607113e-02 2.083228270623687095e-01 2.290585490729438178e-02
4.006357772022749941e+01 3.104455009177387037e-01 5.054031881577915331e-02 3.211682739544045040e-01 4.531681789898132223e-02
4.016357772022750083e+01 3.449522588477756946e-01 5.630236770037982258e-02 3.600847083901795864e-01 7.035124799301403775e-02
4.026357772022750225e+01 3.816140552516522622e-01 6.468377906274391798e-02 3.712275232649268064e-01 9.756741134568819307e-02
4.036357772022750368e+01 4.189114182225835981e-01 7.585633022772926559e-02 3.708907855050113112e-01 1.259918040012349416e-01
4.046357772022750510e+01 4.542124309589936626e-01 8.988103239450950799e-02 3.263325090657547833e-01 1.543596994817731660e-01
4.056357772022750652e+01 4.831377562357295208e-01 1.066656441745781891e-01 2.520846039769436553e-01 1.808371716151617459e-01
4.066357772022750794e+01 5.052989285484494886e-01 1.259142918780179476e-01 1.913771464062661576e-01 2.033041166321860882e-01
4.076357772022750936e+01 5.198999640884049978e-01 1.471295889243396660e-01 9.351043360687752437e-02 2.198502620514100614e-01
4.086357772022751078e+01 5.243485818995746728e-01 1.696186034611185667e-01 1.329814049773336837e-05 2.284411670661341820e-01
4.096357772022751220e+01 5.201677985501862445e-01 1.924951808845682399e-01 -8.107471018356353365e-02 2.273693878887168007e-01
4.106357772022751362e+01 5.090210370846157684e-01 2.147335187697134440e-01 -1.383165977704939043e-01 2.155567667244742136e-01
4.116357772022751504e+01 4.942989110155913690e-01 2.352379698097203098e-01 -1.388928607617890554e-01 1.927293953706229745e-01
4.126357772022751647e+01 4.841200884908048452e-01 2.529451817255641277e-01 -5.769020995429040288e-02 1.599302928989566608e-01
4.136357772022751789e+01 4.840338332540081723e-01 2.669749756109602856e-01 6.096312661645851561e-02 1.196885681767430459e-01
4.146357772022751931e+01 4.957763445833417992e-01 2.767467983952733301e-01 1.683317817220837953e-01 7.536155064884007826e-02
4.156357772022752073e+01 5.171983802948976194e-01 2.820255159725029714e-01 2.552323480700613434e-01 3.037596247554230633e-02
4.166357772022752215e+01 5.451286537409762989e-01 2.829039017665945788e-01 2.981462051714400263e-01 -1.217991307195889078e-02
4.176357772022752357e+01 5.762733839952419723e-01 2.797526291418687139e-01 3.187114941282843117e-01 -4.985727943095310394e-02
4.186357772022752499e+01 6.075500146681034330e-01 2.731570955231485409e-01 3.022692173542564364e-01 -8.082353336797716559e-02
4.196357772022752641e+01 6.351158980408613264e-01 2.638472734100290040e-01 2.382507395104743741e-01 -1.040436910164771744e-01
4.206357772022752783e+01 6.542645373653209750e-01 2.526090744456852000e-01 1.441708332990617736e-01 -1.194660384970801098e-01
4.216357772022752926e+01 6.628117553789092398e-01 2.401902580811169641e-01 1.831466587686741976e-02 -1.278299936608659759e-01
4.226357772022753068e+01 6.572885093683746849e-01 2.272299626838632236e-01 -1.271083383221374152e-01 -1.306036606967567182e-01
4.236357772022753210e+01 6.383939086255603357e-01 2.141911641636591312e-01 -2.423591142431113510e-01 -1.297190249336248047e-01
4.246357772022753352e+01 6.097674364717605711e-01 2.013513431429810319e-01 -3.333266758943357333e-01 -1.268692331921116578e-01
4.256357772022753494e+01 5.710652125640814925e-01 1.888330050595098120e-01 -4.379935148836560099e-01 -1.235588256059174522e-01
4.266357772022753636e+01 5.232718111912216807e-01 1.766017324671410593e-01 -5.128787364348215139e-01 -1.213663864092472400e-01
4.276357772022753778e+01 4.702042475937843746e-01 1.644834803736992535e-01 -5.343261881168525074e-01 -1.214330301652247202e-01
4.286357772022753920e+01 4.189058459292239189e-01 1.522303426093107870e-01 -4.852317559463732999e-01 -1.240043865948060875e-01
4.296357772022754062e+01 3.743315398434645114e-01 1.396245903918648945e-01 -3.955674620006031095e-01 -1.282961897819135666e-01
4.306357772022754204e+01 3.422067194927153611e-01 1.265643260200224052e-01 -2.393786458313027499e-01 -1.327562491697826808e-01
4.316357772022754347e+01 3.268606653258140371e-01 1.131470719369963851e-01 -6.932386388111597131e-02 -1.350020546559168588e-01
4.326357772022754489e+01 3.269089460995633356e-01 9.972123560525036901e-02 5.919112813550439500e-02 -1.325554933956433756e-01
4.336357772022754631e+01 3.374154737250746328e-01 8.685109353850915814e-02 1.501951141509988708e-01 -1.236815148169744666e-01
4.346357772022754773e+01 3.563483834210546264e-01 7.523149048412543227e-02 2.230815828259065936e-01 -1.074298508855291157e-01
4.356357772022754915e+01 3.821556900186687811e-01 6.562399801315284276e-02 2.966783480870808232e-01 -8.342029831929233252e-02
4.366357772022755057e+01 4.138117785985158115e-01 5.880608875791255158e-02 3.156357769482514564e-01 -5.169074796166952396e-02
4.376357772022755199e+01 4.429581462838053096e-01 5.550712713908197843e-02 2.692822150324271080e-01 -1.336344335561832214e-02
4.386357772022755341e+01 4.678071242275675390e-01 5.628003975150927540e-02 2.200046136874508895e-01 2.935758786686191307e-02
4.396357772022755483e+01 4.851039190260715284e-01 6.143908816200384371e-02 1.196557496683857136e-01 7.386253578188692326e-02
4.406357772022755626e+01 4.911229133747048170e-01 7.100240054043403803e-02 2.503341462173805376e-03 1.168565772118588114e-01
4.416357772022755768e+01 4.869686926980463237e-01 8.464511097136408202e-02 -7.942363461352142107e-02 1.549181695736039366e-01
4.426357772022755910e+01 4.755323297523269543e-01 1.017272471134499923e-01 -1.471166847733637595e-01 1.852303918952683537e-01
4.436357772022756052e+01 4.590076397113597717e-01 1.213587836300820816e-01 -1.746770728795979111e-01 2.056058485330230501e-01
4.446357772022756194e+01 4.422159352245427222e-01 1.424750668583406599e-01 -1.506937325714957643e-01 2.148196450911473987e-01
4.456357772022756336e+01 4.311286585519829573e-01 1.639498724961994391e-01 -6.353020862986492878e-02 2.128963127152582457e-01
4.466357772022756478e+01 4.301154661007527968e-01 1.847259243711754095e-01 4.444734784454179577e-02 2.011430516181985928e-01
4.476357772022756620e+01 4.401203950753302396e-01 2.039189464902274873e-01 1.557011967954203824e-01 1.816165263907931204e-01
4.486357772022756762e+01 4.611745806266299708e-01 2.208711375693446222e-01 2.620181507601921922e-01 1.567536611883036113e-01
4.496357772022756905e+01 4.908721479920473696e-01 2.351765153436296274e-01 3.229840038129958013e-01 1.290760818452849346e-01
4.506357772022757047e+01 5.250036418278788419e-01 2.466619446026839246e-01 3.576151305114370071e-01 1.006571059930960466e-01
4.516357772022757189e+01 5.606146091732214787e-01 2.553390977620133562e-01 3.404645527782300118e-01 7.314520798541009061e-02
4.526357772022757331e+01 5.915206499431182596e-01 2.613518272810695375e-01 2.791441783714946889e-01 4.743487113193602112e-02
4.536357772022757473e+01 6.171385791216875694e-01 2.648952327212982794e-01 2.336786590207631242e-01 2.380613937649777093e-02
4.546357772022757615e+01 6.380106538336766109e-01 2.661926549897380978e-01 1.822911418725916555e-01 2.558210954665043196e-03
4.556357772022757757e+01 6.529228818144853230e-01 2.654910234077495490e-01 1.112658301900657787e-01 -1.617883487555784455e-02
4.566357772022757899e+01 6.596496618590842465e-01 2.630327839621036112e-01 2.204361235859424173e-02 -3.265081064506354658e-02
4.576357772022758041e+01 6.574950912900804356e-01 2.590172577071841453e-01 -6.223307920973135399e-02 -4.743093833670543324e-02
4.586357772022758184e+01 6.472936714651670309e-01 2.535831713712780600e-01 -1.453591759040855358e-01 -6.111474947137234687e-02
4.596357772022758326e+01 6.282833640877442116e-01 2.468095711453267838e-01 -2.298747252217273052e-01 -7.434284361181928147e-02
4.606357772022758468e+01 6.023583108671054509e-01 2.387088765968935211e-01 -2.841575415119387826e-01 -8.772772016702541642e-02
4.616357772022758610e+01 5.732130014028059550e-01 2.292519205557123907e-01 -2.876084195318389103e-01 -1.014495429427826612e-01
4.626357772022758752e+01 5.460415538979263017e-01 2.184246737441285502e-01 -2.533051266391826983e-01 -1.149839034484559791e-01
4.636357772022758894e+01 5.231148870108947024e-01 2.062963136750094462e-01 -2.047570280469971915e-01 -1.272765181277558388e-01
4.646357772022759036e+01 5.047922773548011444e-01 1.930504215019425707e-01 -1.605951859821901917e-01 -1.371451399227559820e-01
4.656357772022759178e+01 4.916832925133535759e-01 1.789843760583443855e-01 -9.909224257994875273e-02 -1.434956467538716640e-01
4.666357772022759320e+01 4.852312144925107207e-01 1.645066249615403375e-01 -3.053474781319948095e-02 -1.451891926235651109e-01
4.676357772022759463e+01 4.844733692132324743e-01 1.501359622986319919e-01 6.143676043043264090e-03 -1.412244117913355745e-01
4.686357772022759605e+01 4.842622136683567002e-01 1.364616322043462893e-01 -2.300436468909614063e-02 -1.313029283886409937e-01
4.696357772022759747e+01 4.786877261955347351e-01 1.240467907554284599e-01 -8.200458510733890649e-02 -1.162618161950780687e-01
4.706357772022759889e+01 4.697531176481963278e-01 1.133337423069465805e-01 -9.416572935096162444e-02 -9.746510519493692404e-02
4.716357772022760031e+01 4.595069675859135283e-01 1.046440487474672304e-01 -1.126127660879051029e-01 -7.596955954873199635e-02
4.726357772022760173e+01 4.463786954350742464e-01 9.819029556216958554e-02 -1.533597065174002738e-01 -5.297451828775330551e-02
4.736357772022760315e+01 4.295449859814354232e-01 9.404880307287834251e-02 -1.795824542644794963e-01 -2.997913847513762609e-02
4.746357772022760457e+01 4.098649762748121650e-01 9.214792247723925522e-02 -2.143093668481619862e-01 -8.387446591278827773e-03
4.756357772022760599e+01 3.884686584893226047e-01 9.228001186975803849e-02 -2.052715626728096321e-01 1.049547617534793420e-02
4.766357772022760741e+01 3.693300823278864997e-01 9.413277774814797494e-02 -1.718902386693668682e-01 2.596290211723586983e-02
4.776357772022760884e+01 3.560105531018115665e-01 9.735472862236613234e-02 -9.005998178626913042e-02 3.792714917816183973e-02
4.786357772022761026e+01 3.509441554471469660e-01 1.016213897289925533e-01 -1.182947815251547685e-02 4.698519855491156694e-02
4.796357772022761168e+01 3.543898866823820271e-01 1.066811722678990271e-01 8.466209528682529240e-02 5.393980413473570268e-02
4.806357772022761310e+01 3.680643583288579768e-01 1.123752991998861611e-01 1.888228745955384813e-01 5.987692764781667176e-02
4.816357772022761452e+01 3.925261326224925296e-01 1.186647383707351011e-01 3.015466195586311016e-01 6.606482711678314523e-02
4.826357772022761594e+01 4.271478664427932337e-01 1.256408225984006755e-01 3.787774872853380548e-01 7.380883148679967531e-02
4.836357772022761736e+01 4.665023952878519231e-01 1.335041942985307484e-01 4.057878453431937316e-01 8.385592048636418550e-02
4.846357772022761878e+01 5.084368147029195706e-01 1.424898276373535166e-01 4.316753630305791845e-01 9.623614794988123722e-02
4.856357772022762020e+01 5.506707402017252395e-01 1.528221872886129373e-01 3.939507800292230133e-01 1.107037016967586385e-01
4.866357772022762163e+01 5.846094253185863954e-01 1.646611480683846385e-01 2.825625331789645145e-01 1.260510626291696523e-01
4.876357772022762305e+01 6.069214830568465668e-01 1.779892529047659988e-01 1.575276166411408441e-01 1.401012539795647993e-01
4.886357772022762447e+01 6.151073355834378864e-01 1.925571364537072561e-01 6.851233399244455180e-03 1.504144525344578431e-01
4.896357772022762589e+01 6.094301389079237463e-01 2.078625985132393772e-01 -1.114282338842918219e-01 1.544665790243947012e-01
4.906357772022762731e+01 5.945624764849839483e-01 2.231794826298916512e-01 -1.791809012754556618e-01 1.504254831876015719e-01
4.916357772022762873e+01 5.751177823545569057e-01 2.376504251027550252e-01 -2.003530939272964995e-01 1.375006454979169623e-01
4.926357772022763015e+01 5.561222187398633388e-01 2.503913698984162606e-01 -1.701932792491427926e-01 1.159642695947109281e-01
4.936357772022763157e+01 5.440735269067326074e-01 2.606022463173882087e-01 -5.650939802460938632e-02 8.725069181421765685e-02
4.946357772022763299e+01 5.457730644720933944e-01 2.676951332038544074e-01 9.091406564163653781e-02 5.416481327088260717e-02
4.956357772022763442e+01 5.621836791786739562e-01 2.714063234586999718e-01 2.300103185758079205e-01 2.021280777828458192e-02
4.966357772022763584e+01 5.895184628429770424e-01 2.718212807384592367e-01 3.097988121822098373e-01 -1.126718507182423307e-02
4.976357772022763726e+01 6.229805907221822592e-01 2.693197062527506458e-01 3.486317016006006408e-01 -3.776603181207736221e-02
4.986357772022763868e+01 6.571899649611173677e-01 2.644891257850929267e-01 3.293724731244564996e-01 -5.767172094027525620e-02
4.996357772022764010e+01 6.874916744774813848e-01 2.580248459842237052e-01 2.692736784087443325e-01 -7.042269772018108775e-02
5.006357772022764152e+01 7.096595925806020722e-01 2.506323208128955482e-01 1.620706706046267653e-01 -7.637166648193768892e-02
5.016357772022764294e+01 7.169034817429303930e-01 2.429321639996537552e-01 -2.414499799757699461e-02 -7.692195462141171447e-02
5.026357772022764436e+01 7.054241252809426710e-01 2.353429055853438756e-01 -2.016428100640732801e-01 -7.461794147860636994e-02
5.036357772022764578e+01 6.771557244534259778e-01 2.280144601587617004e-01 -3.565314851822881659e-01 -7.212991507556569537e-02
5.046357772022764721e+01 6.362022522316989059e-01 2.208463274587929570e-01 -4.509362855219974930e-01 -7.172676557897350591e-02
5.056357772022764863e+01 5.896560360903015940e-01 2.135538172687106717e-01 -4.673455408898766206e-01 -7.473906863728331518e-02
5.066357772022765005e+01 5.447027922699321234e-01 2.057798678878921539e-01 -4.204374573698664852e-01 -8.127766590576783468e-02
5.076357772022765147e+01 5.079466067543827457e-01 1.972129640811783879e-01 -3.079871823311179369e-01 -9.033806150545442559e-02
5.086357772022765289e+01 4.837303954453141541e-01 1.876930512769310611e-01 -1.732666260677821202e-01 -9.996491253502660934e-02
5.096357772022765431e+01 4.730826567567769647e-01 1.772789306110933716e-01 -4.465011065328861051e-02 -1.078287786421558148e-01
5.106357772022765573e+01 4.744533361937606775e-01 1.662590309797971899e-01 7.043622823483439155e-02 -1.117504210929796266e-01
5.116357772022765715e+01 4.853212228969920883e-01 1.551198496337477251e-01 1.357163887061319241e-01 -1.099771268541489128e-01
5.126357772022765857e+01 5.001970921089339273e-01 1.444832947354954822e-01 1.519526799819803653e-01 -1.016420131221436735e-01
5.136357772022766000e+01 5.128710881633704588e-01 1.350047233579771133e-01 9.338057135482112636e-02 -8.695845700432992820e-02
5.146357772022766142e+01 5.192184517545852529e-01 1.272579239803746654e-01 3.659366888041398758e-02 -6.728646277637004292e-02
5.156357772022766284e+01 5.197884207315079941e-01 1.216577618071737060e-01 -2.931590976118804426e-02 -4.431613318089347442e-02
5.166357772022766426e+01 5.129270754274355415e-01 1.184405286122306583e-01 -1.059135941162414329e-01 -1.997856547401798480e-02
5.176357772022766568e+01 4.996172219175264995e-01 1.176380058412994645e-01 -1.577809238116661961e-01 3.652896017572505177e-03
5.186357772022766710e+01 4.810349204041395321e-01 1.190877234533342099e-01 -2.135840466660351433e-01 2.478092405313619268e-02
5.196357772022766852e+01 4.576665472018875969e-01 1.224553939191148910e-01 -2.507841169319304786e-01 4.176211093133407048e-02
5.206357772022766994e+01 4.320602936322825993e-01 1.272600488541920649e-01 -2.468129033870992695e-01 5.336565495221121808e-02
5.216357772022767136e+01 4.115492809421035236e-01 1.329370563650837389e-01 -1.546808552537093928e-01 5.927942309357014938e-02
5.226357772022767278e+01 4.018910307097649515e-01 1.389593494031141907e-01 -3.264370109980965773e-02 6.051323481309266866e-02
5.236357772022767421e+01 4.061563600937900254e-01 1.449413884470635294e-01 1.185435613501334973e-01 5.881818423344421093e-02
5.246357772022767563e+01 4.252858426549511184e-01 1.506989448713317581e-01 2.646436063094878555e-01 5.639888440644853784e-02
5.256357772022767705e+01 4.590933172348475866e-01 1.562714668161335474e-01 4.067431070891097677e-01 5.548672439657523214e-02
5.266357772022767847e+01 5.051905785887847999e-01 1.619147976143652523e-01 5.095334050824464889e-01 5.810437327834160753e-02
5.276357772022767989e+01 5.595622407664009312e-01 1.680563523575714369e-01 5.640379473296573964e-01 6.561440671595444862e-02
5.286357772022768131e+01 6.145769556106598364e-01 1.752145090016613282e-01 5.235443151780879711e-01 7.837294728151725232e-02
5.296357772022768273e+01 6.630240489690351069e-01 1.838710748885356572e-01 4.396081594567514128e-01 9.531202239163656664e-02
5.306357772022768415e+01 7.004514259477079285e-01 1.943512120232903928e-01 2.989417121160782287e-01 1.144467009735760377e-01
5.316357772022768557e+01 7.225516440463488621e-01 2.067407131044481650e-01 1.489551722005583168e-01 1.329882265659385610e-01
5.326357772022768700e+01 7.306366465419835698e-01 2.208315073940279594e-01 7.818258258308397046e-03 1.480182423456139207e-01
5.336357772022768842e+01 7.233594681604773591e-01 2.361367526977340980e-01 -1.520275895554824841e-01 1.568179234066544303e-01
5.346357772022768984e+01 7.010048941398885347e-01 2.518995349487481716e-01 -2.886492989619194871e-01 1.567743786021745245e-01
5.356357772022769126e+01 6.677410415571822799e-01 2.671322564634952546e-01 -3.671568367779991515e-01 1.459948219182304052e-01
5.366357772022769268e+01 6.280128367694121083e-01 2.807159781707604940e-01 -4.254123249378339855e-01 1.237612018035223749e-01
5.376357772022769410e+01 5.850841895849024921e-01 2.915077488375980019e-01 -4.161201610458477584e-01 9.027721244896587394e-02
5.386357772022769552e+01 5.468086292694145367e-01 2.984473335317375797e-01 -3.444469726804034737e-01 4.711224409676091629e-02
5.396357772022769694e+01 5.177757904867476002e-01 3.007020732418558828e-01 -2.252583537771455369e-01 -2.862923881845419460e-03
5.406357772022769836e+01 5.038037387898730568e-01 2.977758088272951520e-01 -4.590324448906515920e-02 -5.577241906782392372e-02
5.416357772022769979e+01 5.094866937037919596e-01 2.896094548371676014e-01 1.586261477344624859e-01 -1.068156994493067724e-01
5.426357772022770121e+01 5.341762777570689957e-01 2.766431277276649170e-01 3.237963811420234705e-01 -1.509743185241239072e-01
5.436357772022770263e+01 5.718548526362031703e-01 2.597849941765199011e-01 4.185843317623648141e-01 -1.840700929181531831e-01
5.446357772022770405e+01 6.150101692140740317e-01 2.402901020078528627e-01 4.255893931398211372e-01 -2.033970738283131796e-01
5.456357772022770547e+01 6.538515162799749536e-01 2.195949753520689551e-01 3.424922164425072690e-01 -2.081067461441041822e-01
5.466357772022770689e+01 6.816958766135138292e-01 1.991243665404666130e-01 2.014154965190998736e-01 -1.991938720177577893e-01
5.476357772022770831e+01 6.920686135532083672e-01 1.801294460737614400e-01 1.144624797460386256e-03 -1.791289488450151512e-01
5.486357772022770973e+01 6.811583712416895420e-01 1.635470525066619607e-01 -2.227723888928691554e-01 -1.516319023193352655e-01
5.496357772022771115e+01 6.476273972712831561e-01 1.499049545185200949e-01 -4.431548214616967130e-01 -1.210809459056395310e-01
5.506357772022771258e+01 5.942501710722485342e-01 1.392847938773282834e-01 -6.106177574475311065e-01 -9.188553075726882402e-02
5.516357772022771400e+01 5.288692691813853264e-01 1.313622341529073201e-01 -6.797621392248582861e-01 -6.760347677929112731e-02
5.526357772022771542e+01 4.616564148920344612e-01 1.255324240081242548e-01 -6.504726625411232366e-01 -5.021436874304312237e-02
5.536357772022771684e+01 4.002112985246086274e-01 1.210770543862227933e-01 -5.742245831484955598e-01 -4.006430987810777333e-02
5.546357772022771826e+01 3.484120538232908793e-01 1.173008009445501293e-01 -4.527385684918388553e-01 -3.644403921726473150e-02
5.556357772022771968e+01 3.109775510296488021e-01 1.136235163870256415e-01 -2.884389673946141097e-01 -3.773971408048232279e-02
5.566357772022772110e+01 2.921558237523623758e-01 1.096702667325707287e-01 -8.693064294151958693e-02 -4.148887947009289451e-02
5.576357772022772252e+01 2.930024021410786439e-01 1.053441324627770875e-01 1.016022131405805440e-01 -4.469531074585185448e-02
5.586357772022772394e+01 3.112859189066176646e-01 1.008445292883697053e-01 2.511693778716234116e-01 -4.452399642795230872e-02
5.596357772022772537e+01 3.402783526737134245e-01 9.662219176099365314e-02 3.135399748809685194e-01 -3.891686463140508340e-02
5.606357772022772679e+01 3.709398260454443430e-01 9.326467798064082271e-02 2.901278561444219917e-01 -2.725582326516540199e-02
5.616357772022772821e+01 3.982213437925814503e-01 9.134845402109278978e-02 2.562329397704040113e-01 -1.027984318525244217e-02
5.626357772022772963e+01 4.212865951370281525e-01 9.134469223005585448e-02 2.003085420411960804e-01 1.075591694530587603e-02
5.636357772022773105e+01 4.369785849975097447e-01 9.357843737400815820e-02 1.010221213952413738e-01 3.413304212241366487e-02
5.646357772022773247e+01 4.400914531810710684e-01 9.816815429503562840e-02 -3.231746025990554771e-02 5.739688735935917496e-02
5.656357772022773389e+01 4.323545709789920477e-01 1.049606400191158834e-01 -1.185798199863479924e-01 7.777541271653481969e-02
5.666357772022773531e+01 4.177103251250873783e-01 1.135557172415108396e-01 -1.610862180865415272e-01 9.315487780504147497e-02
5.676357772022773673e+01 4.019619902594838701e-01 1.233834645545231617e-01 -1.523162812430957913e-01 1.023235839277817916e-01
5.686357772022773815e+01 3.875041682732817128e-01 1.338028751646935799e-01 -1.328268185738180063e-01 1.049787822286686184e-01
5.696357772022773958e+01 3.767846770673349277e-01 1.441688083824625710e-01 -7.208699147029257182e-02 1.013508436305003008e-01
5.706357772022774100e+01 3.746174694624109791e-01 1.538980764769329601e-01 3.279681986746844913e-02 9.250309147303439894e-02
5.716357772022774242e+01 3.840126659325684977e-01 1.625574420690756305e-01 1.570856764864508315e-01 8.031029651384465062e-02
5.726357772022774384e+01 4.056662126616427111e-01 1.699246361786229398e-01 2.737776734879924234e-01 6.704880071961138999e-02
5.736357772022774526e+01 4.382568612212834336e-01 1.760067066099858524e-01 3.682354114084360752e-01 5.496334748719921420e-02
5.746357772022774668e+01 4.766261686149783072e-01 1.810166596182984367e-01 3.927630087371811185e-01 4.581617888578169706e-02
5.756357772022774810e+01 5.163691191384301993e-01 1.852954929948807394e-01 3.935993935582177139e-01 4.042406346287048813e-02
5.766357772022774952e+01 5.532206854318453271e-01 1.892326147206644937e-01 3.398440052639594700e-01 3.893034556302730348e-02
5.776357772022775094e+01 5.844397132737287892e-01 1.931903228979948151e-01 2.839776532923051211e-01 4.069658156801789911e-02
5.786357772022775237e+01 6.098328140766386962e-01 1.974508338139753238e-01 2.204020968091796873e-01 4.482325270090767311e-02
5.796357772022775379e+01 6.265413283169231073e-01 2.021954495130819374e-01 1.037260915735117722e-01 5.013322505283900055e-02
5.806357772022775521e+01 6.302216265396437533e-01 2.074549736224581276e-01 -2.627131869688233146e-02 5.476491485537632320e-02
5.816357772022775663e+01 6.226877913144798216e-01 2.130581380115155188e-01 -1.126166537854678268e-01 5.671167134268228355e-02
5.826357772022775805e+01 6.098817932050081270e-01 2.186642571741761465e-01 -1.393672280980837175e-01 5.470298098673281179e-02
5.836357772022775947e+01 5.946893397858659114e-01 2.238542062597423388e-01 -1.653349565639571916e-01 4.836223854370570729e-02
5.846357772022776089e+01 5.772522938985019669e-01 2.281892469248374133e-01 -1.775565631297401914e-01 3.761083409646677478e-02
5.856357772022776231e+01 5.604401715021330999e-01 2.312393841135123862e-01 -1.538562450320081210e-01 2.277371950021040564e-02
5.866357772022776373e+01 5.479644149978200041e-01 2.326400517358160058e-01 -8.668197343006703304e-02 4.844345865253733147e-03
5.876357772022776516e+01 5.426048031222125978e-01 2.321610138075645147e-01 -3.377683148786572026e-02 -1.450880964715600685e-02
5.886357772022776658e+01 5.403044543589912152e-01 2.297429092501018233e-01 -5.356080858738326150e-03 -3.373449651833715368e-02
5.896357772022776800e+01 5.417651834763782537e-01 2.254606142131264090e-01 2.715350621945784512e-02 -5.156489367792350953e-02
5.906357772022776942e+01 5.453826464348775493e-01 2.195163260793555060e-01 5.095441975726998363e-02 -6.681069717592437451e-02
5.916357772022777084e+01 5.521870635522045934e-01 2.122183992243658612e-01 7.866911076914245848e-02 -7.846155110266665733e-02
5.926357772022777226e+01 5.598524193245668634e-01 2.039719452242959308e-01 7.283784391540756853e-02 -8.569819390059471576e-02
5.936357772022777368e+01 5.669377478735989628e-01 1.952349399390150009e-01 6.818077589804748262e-02 -8.825336916552810329e-02
5.946357772022777510e+01 5.730096248101793632e-01 1.864778061949363408e-01 5.454912113510659855e-02 -8.612584178920355826e-02
5.956357772022777652e+01 5.786901885361923625e-01 1.781579090499098017e-01 5.735371369291117349e-02 -7.954861604587872004e-02
5.966357772022777795e+01 5.825795459732369119e-01 1.707055509712520902e-01 1.138758258458891226e-02 -6.888136489101816251e-02
5.976357772022777937e+01 5.798634751851141633e-01 1.644819649201747502e-01 -7.014477114722460216e-02 -5.522379023314196583e-02
5.986357772022778079e+01 5.689571451151707038e-01 1.597032249927221037e-01 -1.380707635725733073e-01 -4.028853889335515248e-02
5.996357772022778221e+01 5.533549297623168162e-01 1.564139696250772815e-01 -1.760445245667195679e-01 -2.564680918625212788e-02
6.000000000000000000e+01 5.466672487099309974e-01 1.555720191480008119e-01 -1.905230309858839122e-01 -2.062397759389605553e-02
