time[s] x1[m] x2[m] x1_dot[m/s] x2_dot[m/s]
0.000000000000000000e+00 0.000000000000000000e+00 0.000000000000000000e+00 0.000000000000000000e+00 0.000000000000000000e+00
9.999999999999999124e-05 4.404001875662981735e-08 5.292812598938861819e-15 8.807756953479663631e-04 1.593147522277137691e-10
1.100000000000000066e-03 5.325851873517547639e-06 7.750416192242973487e-12 9.680372507610937247e-03 2.184293574607176326e-08
1.110000000000000049e-02 5.392215288270091941e-04 1.518656899967440238e-08 9.684377733364006591e-02 4.824189734810811002e-06
9.731815835709008156e-02 3.915601793422199273e-02 5.057915898983913474e-05 7.759135910188481589e-01 2.010074218137246262e-03
1.973181583570901010e-01 1.484706970344652766e-01 7.768215622694353518e-04 1.372813547109727583e+00 1.515174950554773123e-02
2.973181583570900788e-01 3.045387036018851745e-01 3.719975090935898066e-03 1.698627242005565918e+00 4.730641942551938595e-02
3.973181583570900566e-01 4.802275648805123254e-01 1.098584322730082607e-02 1.786071964650547850e+00 1.017494083621107159e-01
4.973181583570900344e-01 6.558867304051152480e-01 2.478153175275091963e-02 1.693387830620451950e+00 1.774269494431034988e-01
5.973181583570900122e-01 8.114353785086674264e-01 4.702703133370952915e-02 1.380670946794345655e+00 2.696462911730939660e-01
6.973181583570899900e-01 9.276598823846260444e-01 7.898506532255908374e-02 9.427514728720258752e-01 3.700205222937261729e-01
7.973181583570899678e-01 1.001163238540039524e+00 1.209566829762605544e-01 5.309698869139458655e-01 4.681793035107856271e-01
8.973181583570899456e-01 1.035529568218290342e+00 1.722103730072674366e-01 1.718376404397890522e-01 5.540617950143947867e-01
9.973181583570899233e-01 1.038246522559140628e+00 2.310667196120786415e-01 -1.035766536636035240e-01 6.189416684856841044e-01
1.097318158357089901e+00 1.019453187138508632e+00 2.950760194956036364e-01 -2.451188829814164860e-01 6.562469555637663321e-01
1.197318158357089990e+00 9.942267860413352976e-01 3.612758027298160202e-01 -2.311679787640369133e-01 6.624582642938924293e-01
1.297318158357090079e+00 9.783183660750556232e-01 4.265292749696057428e-01 -7.705412250884638437e-02 6.376339648990340114e-01
1.397318158357090168e+00 9.787419534109998986e-01 4.878713619041783467e-01 8.748868831350148367e-02 5.849108944858543158e-01
1.497318158357090256e+00 9.961152383999126725e-01 5.427358752912907480e-01 2.545805128344166279e-01 5.089580313301220738e-01
1.597318158357090345e+00 1.028412653376356678e+00 5.890743052039799643e-01 3.879899065787547618e-01 4.153531798089166172e-01
1.697318158357090434e+00 1.072620931127176380e+00 6.254145599772804598e-01 4.885349762344279867e-01 3.099910392766482281e-01
1.797318158357090523e+00 1.125059786299768660e+00 6.508774238825290048e-01 5.556971079654331458e-01 1.987703520724004302e-01
1.897318158357090612e+00 1.182278853108548411e+00 6.651619007071803980e-01 5.792113800183265049e-01 8.732674706576555590e-02
1.997318158357090701e+00 1.238453430914602915e+00 6.685027883864381737e-01 5.289777971178702964e-01 -1.935831521810092715e-02
2.097318158357090567e+00 1.285342570105504567e+00 6.615746010378066311e-01 3.981593126151359296e-01 -1.175633922605942988e-01
2.197318158357090656e+00 1.315860557060214431e+00 6.453486538691970420e-01 2.013101458448849912e-01 -2.050595814566166242e-01
2.297318158357090745e+00 1.324461129190326103e+00 6.209489531734967427e-01 -3.012307387036067263e-02 -2.809999854816177534e-01
2.397318158357090834e+00 1.309987846766404118e+00 5.895303889184794199e-01 -2.578991108716778280e-01 -3.455029284094142672e-01
2.497318158357090923e+00 1.273308169807278345e+00 5.522106177951797701e-01 -4.699144329673566878e-01 -3.991475062572524268e-01
2.597318158357091011e+00 1.219074671115526476e+00 5.100384119191384569e-01 -5.946636798057705064e-01 -4.426358345611435263e-01
2.697318158357091100e+00 1.156235796449742947e+00 4.640216342447467390e-01 -6.627470720299217799e-01 -4.759680636601822945e-01
2.797318158357091189e+00 1.087280031022311633e+00 4.151959415444393953e-01 -7.075488836420933403e-01 -4.987688251366392822e-01
2.897318158357091278e+00 1.015802509306542589e+00 3.646296507618657645e-01 -7.187192420286557804e-01 -5.107164593963939847e-01
2.997318158357091367e+00 9.450294283952134222e-01 3.134260426630343654e-01 -6.865757757252143323e-01 -5.114555156014556347e-01
3.097318158357091455e+00 8.800869634791934626e-01 2.627286816126546132e-01 -6.085675067264612048e-01 -5.004844433864151787e-01
3.197318158357091544e+00 8.227656738284290228e-01 2.137394580828523849e-01 -5.435383473734286541e-01 -4.772296834955711553e-01
3.297318158357091633e+00 7.713962228239054086e-01 1.676914106299133844e-01 -4.802036200015538103e-01 -4.417308970391335965e-01
3.397318158357091722e+00 7.261620718843273536e-01 1.257815475374583769e-01 -4.317046423276559297e-01 -3.946094041516990392e-01
3.497318158357091811e+00 6.849193385478101748e-01 8.911441780150949898e-02 -3.882133246370832458e-01 -3.371566326501650446e-01
3.597318158357091900e+00 6.485686728559415526e-01 5.863511618569368367e-02 -3.447986742294502083e-01 -2.711695671411566977e-01
3.697318158357091988e+00 6.152265801585494742e-01 3.509209463461976375e-02 -3.176742394635876376e-01 -1.988532908031871993e-01
3.797318158357092077e+00 5.871122588601861425e-01 1.898975469441210179e-02 -2.361616292074826817e-01 -1.227534551385923017e-01
3.897318158357092166e+00 5.677863443534368892e-01 1.059734946107554997e-02 -1.572977390785346707e-01 -4.498193346692727634e-02
3.997318158357092255e+00 5.545926977462521945e-01 9.976955855818104776e-03 -1.090149146645574274e-01 3.228338094618257714e-02
4.097318158357092344e+00 5.462997729844459860e-01 1.695312568747398344e-02 -5.157248085124600812e-02 1.065308729332778287e-01
4.197318158357091988e+00 5.446153931863138009e-01 3.110599577176739045e-02 1.298415555723630987e-02 1.754756987410273639e-01
4.297318158357091633e+00 5.479874682486920445e-01 5.180423871341094388e-02 5.496871520649245640e-02 2.370973208799749266e-01
4.397318158357091278e+00 5.563307491502355040e-01 7.821672060567019802e-02 1.155215417099542258e-01 2.894801347904176203e-01
4.497318158357090923e+00 5.709445740309430084e-01 1.093470474970251183e-01 1.697063473833110292e-01 3.312782297998851377e-01
4.597318158357090567e+00 5.891215999747527743e-01 1.440856226173902743e-01 1.982579028830415147e-01 3.614747531698463967e-01
4.697318158357090212e+00 6.129199122999235971e-01 1.812304053471107124e-01 2.842065152397457162e-01 3.793743639711841809e-01
4.797318158357089857e+00 6.451046582853849909e-01 2.195633373805006283e-01 3.531613975128857774e-01 3.853626891215447547e-01
4.897318158357089501e+00 6.836912725862508422e-01 2.579319060550540055e-01 4.224538534931491229e-01 3.802387581222699264e-01
4.997318158357089146e+00 7.291314295462520967e-01 2.952808151449393681e-01 4.778853887881346907e-01 3.652128994528945349e-01
5.097318158357088791e+00 7.783422780428154164e-01 3.306917034474273209e-01 5.087883153624933597e-01 3.417033610156660073e-01
5.197318158357088436e+00 8.310551731156157196e-01 3.633881030713271842e-01 5.395989921845411041e-01 3.112039852356098812e-01
5.297318158357088080e+00 8.848732083408401561e-01 3.927555852120463431e-01 5.315006345736227322e-01 2.753848251197082431e-01
5.397318158357087725e+00 9.357878652490217997e-01 4.183343170091853858e-01 4.780321422638884044e-01 2.356258764697588548e-01
5.497318158357087370e+00 9.800247409048303826e-01 4.397807584396296043e-01 4.080143526441841195e-01 1.928653110746143540e-01
5.597318158357087015e+00 1.016790536322918159e+00 4.568335807589302133e-01 3.235290655261447990e-01 1.478845656256778662e-01
5.697318158357086659e+00 1.045102532710681542e+00 4.693072418763501452e-01 2.457258003810690872e-01 1.013989393555929930e-01
5.797318158357086304e+00 1.065602743080840575e+00 4.770902566358083408e-01 1.620313567167602220e-01 5.421547982367855983e-02
5.897318158357085949e+00 1.078221164850354130e+00 4.801540769253846430e-01 9.839491887760419553e-02 7.155315542944844232e-03
5.997318158357085593e+00 1.086254976423960406e+00 4.785612631386495508e-01 5.992984255941272848e-02 -3.869516852423381809e-02
6.097318158357085238e+00 1.089412058337692057e+00 4.724992325681984240e-01 4.617689886212784922e-03 -8.203456471982462084e-02
6.197318158357084883e+00 1.087624516003280695e+00 4.622739883680787587e-01 -4.528589076713435829e-02 -1.217838503365844538e-01
6.297318158357084528e+00 1.079446193188088321e+00 4.482921563872761528e-01 -1.139189735775300860e-01 -1.570612469441768910e-01
6.397318158357084172e+00 1.065034665976002382e+00 4.310290862149138702e-01 -1.868434524932178209e-01 -1.873238947030006762e-01
6.497318158357083817e+00 1.039946850654471566e+00 4.109990286043145868e-01 -3.116635903087872084e-01 -2.124738057630960464e-01
6.597318158357083462e+00 1.003778751195625096e+00 3.886837759640135448e-01 -4.144934493283318755e-01 -2.331318333267104748e-01
6.697318158357083107e+00 9.567522959275055472e-01 3.644999000695587910e-01 -5.181695691732504105e-01 -2.499817401622335400e-01
6.797318158357082751e+00 9.023119310834990525e-01 3.387907301310606467e-01 -5.629219686673968548e-01 -2.637060809233833791e-01
6.897318158357082396e+00 8.453925611476849067e-01 3.118592542930180844e-01 -5.684875887954305984e-01 -2.743999588367003750e-01
6.997318158357082041e+00 7.901223503956792404e-01 2.840242928685971502e-01 -5.301004318516994163e-01 -2.816702487730017301e-01
7.097318158357081685e+00 7.398760310049855571e-01 2.556670428871022915e-01 -4.778358158926098720e-01 -2.846846219037583725e-01
7.197318158357081330e+00 6.942522366371491893e-01 2.272575998199661829e-01 -4.291899013840585475e-01 -2.826025340904568250e-01
7.297318158357080975e+00 6.554575827444532043e-01 1.993389633740640099e-01 -3.470460736948838831e-01 -2.747355908343745434e-01
7.397318158357080620e+00 6.235805913371541553e-01 1.725287924454032840e-01 -2.930730270237806301e-01 -2.603466354875889621e-01
7.497318158357080264e+00 5.972247887256697529e-01 1.474948886433092854e-01 -2.359838388296545131e-01 -2.392036996060605269e-01
7.597318158357079909e+00 5.756334306522860045e-01 1.249094446236488909e-01 -1.927468937620173406e-01 -2.114388292196409669e-01
7.697318158357079554e+00 5.594368926301206413e-01 1.054116753963028480e-01 -1.367661259308672883e-01 -1.775355041803595990e-01
7.797318158357079199e+00 5.471743803118291893e-01 8.958381575435507560e-02 -1.027971172645426312e-01 -1.382107416007984924e-01
7.897318158357078843e+00 5.400502731796785749e-01 7.791422928069124954e-02 -4.547372601811922738e-02 -9.453498258014295108e-02
7.997318158357078488e+00 5.362050760262563331e-01 7.078458751257032944e-02 -3.590741549375706804e-02 -4.765763612123982002e-02
8.097318158357078133e+00 5.325767839496570177e-01 6.842993505523595199e-02 -3.411066213135035413e-02 6.310681765420156353e-04
8.197318158357077778e+00 5.312332673094691815e-01 7.089297667359985289e-02 1.389298792090160745e-02 4.841245038643343657e-02
8.297318158357077422e+00 5.341782998431782170e-01 7.804820862035567741e-02 3.644394433570222191e-02 9.425158301014452400e-02
8.397318158357077067e+00 5.383632823538410106e-01 8.962627470634527971e-02 4.778417001465792152e-02 1.365838708778662758e-01
8.497318158357076712e+00 5.433035247810168444e-01 1.051935325065018606e-01 5.210676491987821513e-02 1.737732472365021430e-01
8.597318158357076356e+00 5.497953388107983397e-01 1.241608605564878121e-01 8.282916500274675742e-02 2.043850671038821842e-01
8.697318158357076001e+00 5.608488665451147881e-01 1.458228292449447738e-01 1.424418057131302817e-01 2.275897879019673775e-01
8.797318158357075646e+00 5.782914317644256563e-01 1.694270325048879700e-01 2.044685025695885672e-01 2.432513373662065215e-01
8.897318158357075291e+00 6.017652643510265076e-01 1.942296079299601630e-01 2.653424217606020763e-01 2.516194025729087680e-01
8.997318158357074935e+00 6.313174826230183445e-01 2.195252599577662833e-01 3.258431859366408001e-01 2.532266862781353822e-01
9.097318158357074580e+00 6.659658355083448722e-01 2.446758583643849905e-01 3.554418434467451204e-01 2.488550935051682400e-01
9.197318158357074225e+00 7.003466445594717094e-01 2.691163083001173462e-01 3.262959430115776049e-01 2.390629203448049744e-01
9.297318158357073870e+00 7.302867128371941519e-01 2.923087965293193480e-01 2.706814400935144138e-01 2.238756547117638218e-01
9.397318158357073514e+00 7.551624769515244973e-01 3.137078664756029478e-01 2.298515339553157677e-01 2.031990387956218447e-01
9.497318158357073159e+00 7.761137084205379510e-01 3.327739442627024591e-01 1.910647469842195190e-01 1.772875952859481463e-01
9.597318158357072804e+00 7.944909168539058264e-01 3.490100848230717201e-01 1.795122974261224302e-01 1.467400649511488020e-01
9.697318158357072448e+00 8.122785475123395216e-01 3.620036458667790225e-01 1.794871163696653560e-01 1.126518237555697022e-01
9.797318158357072093e+00 8.303326792461842576e-01 3.714702685562545903e-01 1.762192572068409513e-01 7.645995771179628364e-02
9.897318158357071738e+00 8.474934589797593620e-01 3.772746284389728588e-01 1.735018355536439294e-01 3.963941443044813329e-02
9.997318158357071383e+00 8.650788846404529053e-01 3.794280691231627922e-01 1.685298544232957108e-01 3.714423547300990669e-03
1.009731815835707103e+01 8.794873519846299059e-01 3.780935135876903885e-01 1.182789618741036941e-01 -2.995741778429236724e-02
1.019731815835707067e+01 8.889650660322752085e-01 3.735371395953200890e-01 6.809627620452550489e-02 -6.061404228557341206e-02
1.029731815835707032e+01 8.915926077140603478e-01 3.660882081226252138e-01 -2.063160095992667975e-02 -8.777265847522958131e-02
1.039731815835706996e+01 8.847865535727222897e-01 3.560963945104143047e-01 -1.169634384532425436e-01 -1.115230374031104393e-01
1.049731815835706961e+01 8.678228152229110481e-01 3.438835022571253286e-01 -2.171603969516375243e-01 -1.322858951533087413e-01
1.059731815835706925e+01 8.431906651508259687e-01 3.297221488704387693e-01 -2.705789374250746615e-01 -1.505378148472545363e-01
1.069731815835706890e+01 8.146749360029540421e-01 3.138581103119577054e-01 -2.891330448946922149e-01 -1.663139397293164901e-01
1.079731815835706854e+01 7.866934266710405854e-01 2.965557592176043533e-01 -2.730627115462561649e-01 -1.791838515882907268e-01
1.089731815835706819e+01 7.596310088878236444e-01 2.781420080322715704e-01 -2.678966418041976993e-01 -1.884445976783201970e-01
1.099731815835706783e+01 7.327623462872889792e-01 2.590027298114785381e-01 -2.676937700699079103e-01 -1.936392645107320731e-01
1.109731815835706747e+01 7.077558308972967671e-01 2.395593843817126201e-01 -2.309001861068080697e-01 -1.944591344440715630e-01
1.119731815835706712e+01 6.845081795164729144e-01 2.202713954596039470e-01 -2.396049821828420967e-01 -1.905016138805126213e-01
1.129731815835706676e+01 6.612726271996263172e-01 2.016125927383742300e-01 -2.195245069491678080e-01 -1.819227230578482901e-01
1.139731815835706641e+01 6.398750331087976750e-01 1.840359159712584569e-01 -2.117373929410509836e-01 -1.688898214501350359e-01
1.149731815835706605e+01 6.192983359037737001e-01 1.679698344259653031e-01 -1.958470610069735218e-01 -1.517999910959937915e-01
1.159731815835706570e+01 6.021611837187688110e-01 1.537956249378099882e-01 -1.379408743591727937e-01 -1.311028163536531177e-01
1.169731815835706534e+01 5.919313925993077152e-01 1.418671666057600145e-01 -7.351645695915538792e-02 -1.068717899414070305e-01
1.179731815835706499e+01 5.864400323202486609e-01 1.325346747442948114e-01 -3.596960026079028955e-02 -7.925690532055176818e-02
1.189731815835706463e+01 5.852223168637266104e-01 1.261095750818069794e-01 1.062031034737260377e-02 -4.882557179815486675e-02
1.199731815835706428e+01 5.869107150079896362e-01 1.228409269694736294e-01 1.365441712046589970e-02 -1.628062960587813024e-02
1.209731815835706392e+01 5.875842330063092422e-01 1.228810823151270520e-01 6.327265411980743243e-04 1.708755886786835626e-02
1.219731815835706357e+01 5.861752915271106756e-01 1.262320977583208936e-01 -3.181281535015011153e-02 4.965350089511162690e-02
1.229731815835706321e+01 5.820423747835937744e-01 1.327254981868970785e-01 -4.792234729074773547e-02 7.964679411611250148e-02
1.239731815835706286e+01 5.759224775503869465e-01 1.420239555804115872e-01 -7.490275154988555728e-02 1.055105624713315871e-01
1.249731815835706250e+01 5.688105107238028424e-01 1.536431299943942230e-01 -5.675641334723881271e-02 1.258738376245308599e-01
1.259731815835706215e+01 5.650138960486240647e-01 1.669940763160196184e-01 -2.459675901379567570e-02 1.401112048976868030e-01
1.269731815835706179e+01 5.633240181143085445e-01 1.814553849823242471e-01 -2.276740605299958781e-03 1.480510353532188128e-01
1.279731815835706144e+01 5.670150951655058558e-01 1.963972589755908493e-01 8.251713362293155996e-02 1.498242399916548395e-01
1.289731815835706108e+01 5.795678468383851367e-01 2.112498982419177274e-01 1.679147112536626407e-01 1.464903728745319544e-01
1.299731815835706072e+01 6.006378266011578315e-01 2.255716178434887254e-01 2.492243228461342164e-01 1.394511248478923771e-01
1.309731815835706037e+01 6.281780033456024759e-01 2.390643643805803742e-01 2.955212862634832849e-01 1.301244724316534540e-01
1.319731815835706001e+01 6.581364962874177715e-01 2.515554888638782405e-01 2.983177175146797255e-01 1.195460266756303985e-01
1.329731815835705966e+01 6.882252531963071185e-01 2.629503522655161074e-01 3.026954224854271347e-01 1.082779044212684727e-01
1.339731815835705930e+01 7.165412915053052112e-01 2.732033076780747138e-01 2.546785337023181883e-01 9.674548769928646708e-02
1.349731815835705895e+01 7.387134125808747509e-01 2.822859941319988963e-01 1.819892823148215877e-01 8.480391089937591720e-02
1.359731815835705859e+01 7.510966857958478737e-01 2.901303310467531760e-01 6.733468458828294201e-02 7.182459833807691707e-02
1.369731815835705824e+01 7.541683357854845893e-01 2.965835923366280102e-01 1.009925635960667867e-03 5.685749506582209872e-02
1.379731815835705788e+01 7.525410333454425338e-01 3.014232794025709095e-01 -2.308354489760832892e-02 3.955497381427336423e-02
1.389731815835705753e+01 7.508493474557168534e-01 3.044296586639522739e-01 -1.055593608130459514e-02 2.032545539493545161e-02
1.399731815835705717e+01 7.508715225718471942e-01 3.054561493911222003e-01 1.415335511945601220e-02 1.376093265807905308e-04
1.409731815835705682e+01 7.530670295831120020e-01 3.044645478779076653e-01 2.322995611482561729e-02 -1.983922682125014228e-02
1.419731815835705646e+01 7.542953021080661680e-01 3.015274394740923847e-01 -6.930324630691184901e-03 -3.866110637622187374e-02
1.429731815835705611e+01 7.502267913518304576e-01 2.967824253432648773e-01 -7.515180941711051277e-02 -5.600269530227736103e-02
1.439731815835705575e+01 7.400392998863432048e-01 2.903701832193975596e-01 -1.247558941915496850e-01 -7.203628466417962006e-02
1.449731815835705540e+01 7.258943883958541843e-01 2.824170692227516710e-01 -1.558794570500320331e-01 -8.680610684048364889e-02
1.459731815835705504e+01 7.087975796986810684e-01 2.730561444839874619e-01 -1.873102650067052788e-01 -1.001637507417099254e-01
1.469731815835705468e+01 6.885502369714440185e-01 2.624352199532263841e-01 -2.162847363941519940e-01 -1.119945547207429198e-01
1.479731815835705433e+01 6.657110520715506796e-01 2.507107979855560664e-01 -2.395843582205626210e-01 -1.222183531316692190e-01
1.489731815835705397e+01 6.412079137379140814e-01 2.380485065712622805e-01 -2.430251154148749537e-01 -1.307268753416993279e-01
1.499731815835705362e+01 6.191078816093107395e-01 2.246344124456458036e-01 -1.945715275509510844e-01 -1.371400647430160158e-01
1.509731815835705326e+01 6.013719024735955099e-01 2.107194771827444468e-01 -1.642061076156159649e-01 -1.406016712891047515e-01
1.519731815835705291e+01 5.871245297243827821e-01 1.966339538818650812e-01 -1.147582763087656027e-01 -1.404584316410761313e-01
1.529731815835705255e+01 5.784903512308919860e-01 1.827706548627520688e-01 -6.037742815437682070e-02 -1.360350564121372563e-01
1.539731815835705220e+01 5.745707034305426175e-01 1.695891713255674726e-01 -2.111922517002771948e-02 -1.267581882491374823e-01
1.549731815835705184e+01 5.736267903387789469e-01 1.575865909400847031e-01 -2.083770864433856507e-03 -1.124705334046097044e-01
1.559731815835705149e+01 5.728943650943407739e-01 1.472505689018923924e-01 -1.632331916659940374e-02 -9.354243712531576382e-02
1.569731815835705113e+01 5.707172905956671149e-01 1.390011142072072881e-01 -2.597032407979794205e-02 -7.092381391194556295e-02
1.579731815835705078e+01 5.671532753557839701e-01 1.331512260563918193e-01 -4.488558547332402449e-02 -4.575446060565049877e-02
1.589731815835705042e+01 5.631979470855996706e-01 1.298928858093849892e-01 -2.718066550581180532e-02 -1.928550159748311857e-02
1.599731815835705007e+01 5.619151624962203107e-01 1.293072864301786362e-01 -3.813964034053290986e-04 7.579553977702300355e-03
1.609731815835705149e+01 5.627964511510575862e-01 1.313966688343245481e-01 1.733838011378574517e-02 3.407691926141292321e-02
1.619731815835705291e+01 5.658346652896415474e-01 1.360824572911906449e-01 4.666649065475392960e-02 5.937622465015845313e-02
1.629731815835705433e+01 5.720448811131924050e-01 1.432099626387743907e-01 7.631252281426592621e-02 8.281796767781816893e-02
1.639731815835705575e+01 5.819258468695022168e-01 1.525663591436026423e-01 1.271273220767165368e-01 1.038848108834956180e-01
1.649731815835705717e+01 5.971462630611593658e-01 1.639015171621557576e-01 1.700659104050930570e-01 1.223871477793085916e-01
1.659731815835705859e+01 6.151094272994304113e-01 1.769524709919942373e-01 1.894451467496417740e-01 1.381427829289903486e-01
1.669731815835706001e+01 6.355617305489588142e-01 1.914270858275071707e-01 2.236223775342824349e-01 1.508208413749785315e-01
1.679731815835706144e+01 6.599020757217768374e-01 2.070123963087816821e-01 2.564897844034305097e-01 1.603761330549063058e-01
1.689731815835706286e+01 6.854144562279272934e-01 2.233989162344312551e-01 2.528192622479316087e-01 1.668135610262089230e-01
1.699731815835706428e+01 7.106728576653368323e-01 2.402624277452478641e-01 2.482820780922729287e-01 1.698780047128564119e-01
1.709731815835706570e+01 7.341056397210700135e-01 2.572540971607598093e-01 2.218856388303915572e-01 1.693213156267308339e-01
1.719731815835706712e+01 7.558383311509805358e-01 2.739961166277476989e-01 2.130317484424445462e-01 1.648641484254831924e-01
1.729731815835706854e+01 7.767077888116751261e-01 2.900978116202124202e-01 2.078900904750764778e-01 1.565390674902140122e-01
1.739731815835706996e+01 7.981173185742543863e-01 3.051850330613024576e-01 2.227211526343730319e-01 1.446621771835241710e-01
1.749731815835707138e+01 8.220571945126995406e-01 3.189357588294757795e-01 2.579092899147570894e-01 1.299661616295869904e-01
1.759731815835707280e+01 8.485732540179765637e-01 3.311199370305677459e-01 2.655797255201591822e-01 1.135059362987850956e-01
1.769731815835707422e+01 8.749337917650173990e-01 3.416061342916029142e-01 2.597949069541571343e-01 9.611986989085247179e-02
1.779731815835707565e+01 8.989975062376525106e-01 3.503333190527709307e-01 2.151946167425794476e-01 7.839379287904488236e-02
1.789731815835707707e+01 9.180322949266088717e-01 3.572788140914746613e-01 1.678542175037749384e-01 6.048735403452840109e-02
1.799731815835707849e+01 9.330339309659887448e-01 3.624273869926703528e-01 1.347066037649267134e-01 4.248519310193976661e-02
1.809731815835707991e+01 9.438803305673879596e-01 3.657807230192536840e-01 6.818441958086920995e-02 2.461194950886215482e-02
1.819731815835708133e+01 9.455815011192489905e-01 3.673468349962524804e-01 -2.560413076751441586e-02 6.636597529087927272e-03
1.829731815835708275e+01 9.400416803076107053e-01 3.670875078600600028e-01 -8.842851483634325827e-02 -1.193678145797231333e-02
1.839731815835708417e+01 9.276967229321160247e-01 3.649334118318638964e-01 -1.522599182645837379e-01 -3.129329526136083450e-02
1.849731815835708559e+01 9.104365433484964409e-01 3.608004456123208858e-01 -1.927807094071650740e-01 -5.148924339140029116e-02
1.859731815835708701e+01 8.898082869453556309e-01 3.546160528910352605e-01 -2.141383945215326323e-01 -7.225946951760285619e-02
1.869731815835708844e+01 8.682745695700412325e-01 3.463481889314888318e-01 -2.125396787737754700e-01 -9.303125481911406203e-02
1.879731815835708986e+01 8.481343692817141511e-01 3.360400777893283175e-01 -1.925604974726184415e-01 -1.128842814064304340e-01
1.889731815835709128e+01 8.288628912627062917e-01 3.238373744552137667e-01 -1.900606589710698291e-01 -1.307714533808450597e-01
1.899731815835709270e+01 8.108901682731562977e-01 3.099799065638736972e-01 -1.757441233291230365e-01 -1.458285306750308763e-01
1.909731815835709412e+01 7.919119881993796906e-01 2.947910082028583068e-01 -2.040659936772165617e-01 -1.573359256876638024e-01
1.919731815835709554e+01 7.708076263258663019e-01 2.786366063652104264e-01 -2.187632752481898646e-01 -1.651214406606803797e-01
1.929731815835709696e+01 7.477272554513383351e-01 2.618931852931683513e-01 -2.428622104864766318e-01 -1.691246343077385250e-01
1.939731815835709838e+01 7.223497753385185183e-01 2.449323601836274622e-01 -2.619291083717724122e-01 -1.695106252901909527e-01
1.949731815835709980e+01 6.967321461177768960e-01 2.281042388894489459e-01 -2.440415438729326147e-01 -1.664856686642585959e-01
1.959731815835710123e+01 6.739872504030198774e-01 2.117521244296464988e-01 -2.095165265548125932e-01 -1.599528634504375491e-01
1.969731815835710265e+01 6.547528339432916455e-01 1.962376904200941186e-01 -1.791999854343303278e-01 -1.497057232701604068e-01
1.979731815835710407e+01 6.378790653702192115e-01 1.819346197077178762e-01 -1.546181946829626730e-01 -1.357578355528387959e-01
1.989731815835710549e+01 6.243393212039788365e-01 1.692025985050292503e-01 -1.152045728952657000e-01 -1.183134659221520835e-01
1.999731815835710691e+01 6.152863946682616270e-01 1.583829246279535585e-01 -6.751450968663784413e-02 -9.753752801509213421e-02
2.009731815835710833e+01 6.092835209416145315e-01 1.497977268204876977e-01 -5.666141271143088076e-02 -7.370953744339511782e-02
2.019731815835710975e+01 6.047862487628675732e-01 1.437172008496171716e-01 -2.992491010202816965e-02 -4.758650384494650387e-02
2.029731815835711117e+01 6.031578127654713128e-01 1.403317708571492906e-01 -1.324029967455508938e-03 -1.992792178202743014e-02
2.039731815835711259e+01 6.047719243384156451e-01 1.397583387430120505e-01 3.153253597783636092e-02 8.534882581784714733e-03
2.049731815835711402e+01 6.098790797779405359e-01 1.420412560929786572e-01 7.772427547538106329e-02 3.707938140270418403e-02
2.059731815835711544e+01 6.202546446645582634e-01 1.471588201604913659e-01 1.217255498704105099e-01 6.516052703911980049e-02
2.069731815835711686e+01 6.335995660596949186e-01 1.550389600996521788e-01 1.468249516545484523e-01 9.220311905226064031e-02
2.079731815835711828e+01 6.492288511577506416e-01 1.655391903684718391e-01 1.642035817455008428e-01 1.174346432741696505e-01
2.089731815835711970e+01 6.682299051038325111e-01 1.784404547514444050e-01 2.311507715819274278e-01 1.401340789278945065e-01
2.099731815835712112e+01 6.965951654165642992e-01 1.934814141133525678e-01 3.282082316730209337e-01 1.603136753767418765e-01
2.109731815835712254e+01 7.314699150029098096e-01 2.104338999014865319e-01 3.609941001412872996e-01 1.783833578351260163e-01
2.119731815835712396e+01 7.678550325964029755e-01 2.290800422161779204e-01 3.615270764650931890e-01 1.941017779175910341e-01
2.129731815835712538e+01 8.030466398541776796e-01 2.491541271853555950e-01 3.430094616876314673e-01 2.068102417014422434e-01
2.139731815835712680e+01 8.359517088933170470e-01 2.703155755815427330e-01 3.045289936870368974e-01 2.157202418555814460e-01
2.149731815835712823e+01 8.620924939745971960e-01 2.921389285889997023e-01 2.157325472930467225e-01 2.198331146177643358e-01
2.159731815835712965e+01 8.785315179113533102e-01 3.140753585617195864e-01 1.082485316776672646e-01 2.177408504570101100e-01
2.169731815835713107e+01 8.844356264350188290e-01 3.354323485192678977e-01 2.220868494030396600e-02 2.080278206882134606e-01
2.179731815835713249e+01 8.843399888616094717e-01 3.553999250810584432e-01 -2.659208839885687098e-02 1.899147920166481818e-01
2.189731815835713391e+01 8.791128069410797385e-01 3.731354459290809888e-01 -6.962097049416129946e-02 1.634187993402141381e-01
2.199731815835713533e+01 8.724797541423928715e-01 3.878230364900827065e-01 -5.821761487593171691e-02 1.291436095381778837e-01
2.209731815835713675e+01 8.672564967827298688e-01 3.987559509620688947e-01 -4.650118962305377357e-02 8.862748666382161411e-02
2.219731815835713817e+01 8.641947735023177701e-01 4.054044747885574562e-01 -9.216939426495249221e-03 4.381104862250922299e-02
2.229731815835713959e+01 8.654954414725567480e-01 4.074547619530895504e-01 3.333948043407089501e-02 -2.903986703399065450e-03
2.239731815835714102e+01 8.703013963217246518e-01 4.048461755024447828e-01 5.594895070091329692e-02 -4.895299339030697444e-02
2.249731815835714244e+01 8.753887498560305458e-01 3.977610962403759776e-01 4.697369022605055872e-02 -9.211590319242662916e-02
2.259731815835714386e+01 8.807969647875150132e-01 3.865783470814081468e-01 6.145366865081039465e-02 -1.306088855848651920e-01
2.269731815835714528e+01 8.864901220266134807e-01 3.718535223338678142e-01 4.723302547462895906e-02 -1.627023573760710273e-01
2.279731815835714670e+01 8.892260183865835499e-01 3.542900912821521087e-01 -2.845991458313865130e-03 -1.872548924800660486e-01
2.289731815835714812e+01 8.838051604169214759e-01 3.346629647391725082e-01 -1.065553742112971686e-01 -2.040355343499899443e-01
2.299731815835714954e+01 8.701548162504953998e-01 3.137201923754060484e-01 -1.522944835253786100e-01 -2.136767799448993088e-01
2.309731815835715096e+01 8.545685850782370752e-01 2.921557730252574148e-01 -1.582793111425225274e-01 -2.164664161278074817e-01
2.319731815835715238e+01 8.393326358550640132e-01 2.706558223372311223e-01 -1.406065601548607824e-01 -2.123856703376207633e-01
2.329731815835715381e+01 8.270775589086302171e-01 2.499100810238168713e-01 -1.006931831723120868e-01 -2.013624536578718094e-01
2.339731815835715523e+01 8.209539543453404642e-01 2.306195948698440412e-01 -1.441623987748429092e-02 -1.832355362717110747e-01
2.349731815835715665e+01 8.233293909892555051e-01 2.135132066299783582e-01 5.019886948706210605e-02 -1.576261253441905708e-01
2.359731815835715807e+01 8.292623239104163213e-01 1.993382482118201682e-01 6.134751781167292750e-02 -1.247349014021117558e-01
2.369731815835715949e+01 8.334823708750894733e-01 1.887678562899030021e-01 1.341999200349070637e-02 -8.583430632032405805e-02
2.379731815835716091e+01 8.318468403757450780e-01 1.822959781134788904e-01 -4.008413266978901740e-02 -4.320160410344604102e-02
2.389731815835716233e+01 8.263354007001929569e-01 1.801671149309783393e-01 -6.780846069403927145e-02 6.284983037609659373e-04
2.399731815835716375e+01 8.187091024547732410e-01 1.823860951210336812e-01 -8.435380148619284202e-02 4.339842457050626517e-02
2.409731815835716517e+01 8.093329608790448271e-01 1.887426436388425499e-01 -1.016267546796709997e-01 8.304593297043202926e-02
2.419731815835716660e+01 7.989685548980276497e-01 1.988279625405073581e-01 -1.051019246116436240e-01 1.176890836655238026e-01
2.429731815835716802e+01 7.881010134615661356e-01 2.120622961818842134e-01 -1.120167359109099370e-01 1.457931902164296412e-01
2.439731815835716944e+01 7.767220110025027102e-01 2.277262617862905736e-01 -1.159606625840476496e-01 1.661002040821618619e-01
2.449731815835717086e+01 7.650488950035118085e-01 2.449918061173734229e-01 -1.132724032888766386e-01 1.777058855280625460e-01
2.459731815835717228e+01 7.555680099885470069e-01 2.629636925574346806e-01 -6.815094809449515068e-02 1.802339194164712388e-01
2.469731815835717370e+01 7.523694041440376346e-01 2.807535460800341109e-01 5.545669972134487091e-03 1.742360593643815514e-01
2.479731815835717512e+01 7.573202791702159375e-01 2.975701835376042270e-01 9.973811192020204386e-02 1.610367371369559875e-01
2.489731815835717654e+01 7.729254135222805022e-01 3.127849263228517640e-01 2.093629629175533524e-01 1.425741922549241536e-01
2.499731815835717796e+01 7.981279201563407089e-01 3.259866920392971434e-01 2.886477580365669482e-01 1.211508522890921702e-01
2.509731815835717939e+01 8.292590844724992971e-01 3.369845616692394019e-01 3.290325110115988050e-01 9.879314883583079077e-02
2.519731815835718081e+01 8.636382665320969654e-01 3.457664664627919660e-01 3.542991395760106688e-01 7.706481097528651569e-02
2.529731815835718223e+01 8.978271647171685022e-01 3.524592484906587941e-01 3.176136674044823249e-01 5.715193402283320206e-02
2.539731815835718365e+01 9.261924494960884768e-01 3.572692817953307953e-01 2.486873763463599007e-01 3.939590677051532652e-02
2.549731815835718507e+01 9.473485477193211990e-01 3.604028017898351921e-01 1.738469744935264294e-01 2.356472980923782212e-02
2.559731815835718649e+01 9.605146429345001735e-01 3.620324650682786305e-01 8.486652950656613237e-02 9.231606975075322408e-03
2.569731815835718791e+01 9.638598825482501686e-01 3.622762446268033010e-01 -1.755726819739125699e-02 -4.295673897627347304e-03
2.579731815835718933e+01 9.567696086374305464e-01 3.611701141310512675e-01 -1.253225654664150701e-01 -1.792320585241957698e-02
2.589731815835719075e+01 9.394595775725343989e-01 3.586563513508669865e-01 -2.161831154103032726e-01 -3.259698712169233070e-02
2.599731815835719217e+01 9.147415314748306159e-01 3.545927832084863063e-01 -2.636394747824496454e-01 -4.898832483078377487e-02
2.609731815835719360e+01 8.906728229963619681e-01 3.488044834641337300e-01 -2.068751771051814958e-01 -6.694683022058323107e-02
2.619731815835719502e+01 8.732147324650066933e-01 3.411990654754366581e-01 -1.429122056549823605e-01 -8.503875039294160609e-02
2.629731815835719644e+01 8.619686032993384428e-01 3.318491522201269528e-01 -9.122911964759203296e-02 -1.015620802060402950e-01
2.639731815835719786e+01 8.532726417495005711e-01 3.209850383141989449e-01 -7.886869909193983119e-02 -1.151612175635851609e-01
2.649731815835719928e+01 8.478888856094614068e-01 3.089433620251480495e-01 -2.616906405375671318e-02 -1.249475416405790851e-01
2.659731815835720070e+01 8.480253228435677970e-01 2.961597192781452725e-01 2.798348227017481704e-02 -1.298155854615231364e-01
2.669731815835720212e+01 8.513509503781881982e-01 2.831753580484557276e-01 2.152476890527877176e-02 -1.288702376012700879e-01
2.679731815835720354e+01 8.509309601942108836e-01 2.705758092020527084e-01 -2.902546882496831113e-02 -1.222474644576028585e-01
2.689731815835720496e+01 8.447278055233853333e-01 2.588821164626814442e-01 -9.928756695485471684e-02 -1.109564695445607874e-01
2.699731815835720639e+01 8.325153696226913480e-01 2.484926279464052534e-01 -1.342939192740638665e-01 -9.640492036524148101e-02
2.709731815835720781e+01 8.174625216183791787e-01 2.396705568173300160e-01 -1.761039127745767097e-01 -7.978162620958534346e-02
2.719731815835720923e+01 7.970298003991205249e-01 2.325618966184805902e-01 -2.257957005098011338e-01 -6.239379571345108483e-02
2.729731815835721065e+01 7.737051062505420074e-01 2.271705242796600577e-01 -2.350599321112540607e-01 -4.562363744243427832e-02
2.739731815835721207e+01 7.511019061726225132e-01 2.233880418883721353e-01 -2.124055098337758740e-01 -3.030969663107343365e-02
2.749731815835721349e+01 7.316023487981131446e-01 2.210486587238996714e-01 -1.774818531716380599e-01 -1.678581714608020498e-02
2.759731815835721491e+01 7.160257297038193913e-01 2.199689833554228646e-01 -1.300028310681943522e-01 -5.109686181991144813e-03
2.769731815835721633e+01 7.058358813106471175e-01 2.199714594558294378e-01 -7.535400513394860389e-02 4.914061182283002011e-03
2.779731815835721775e+01 7.012185113923726787e-01 2.209089242924991425e-01 -1.434956588627078061e-02 1.365776950284427159e-02
2.789731815835721918e+01 7.018791089836330377e-01 2.226763223170782902e-01 1.491893181940072075e-02 2.158503449379130593e-02
2.799731815835722060e+01 7.024895156002903818e-01 2.252010347616223984e-01 -4.030571189220972378e-03 2.874298842827336178e-02
2.809731815835722202e+01 7.016806372326410690e-01 2.283824810767728641e-01 -5.931762229236052161e-03 3.463872390074568264e-02
2.819731815835722344e+01 7.027040678683804664e-01 2.320782536552752628e-01 3.021356870717365611e-02 3.904080019745447688e-02
2.829731815835722486e+01 7.077059032287021934e-01 2.361504801184909352e-01 6.924536052404425823e-02 4.223925475954398712e-02
2.839731815835722628e+01 7.164777208510898499e-01 2.405003939876365626e-01 1.035529498123264058e-01 4.466650717386521502e-02
2.849731815835722770e+01 7.274737464769529538e-01 2.450703179207100457e-01 1.121135659335911056e-01 4.667673673205954138e-02
2.859731815835722912e+01 7.383994525315427104e-01 2.498237434660926515e-01 1.037442908697787242e-01 4.832037063559116441e-02
2.869731815835723054e+01 7.473653921154612689e-01 2.547154716134374386e-01 7.274485880401472537e-02 4.938477565835512617e-02
2.879731815835723197e+01 7.536912467454104370e-01 2.596665530584599813e-01 6.065870584737628746e-02 4.943753612700114292e-02
2.889731815835723339e+01 7.594555697737126465e-01 2.645626321523620872e-01 4.797508884477801744e-02 4.827972240733598847e-02
2.899731815835723481e+01 7.625676521697954957e-01 2.692769246636052549e-01 1.428635657424572741e-02 4.574693431441935465e-02
2.909731815835723623e+01 7.621592985706574508e-01 2.736541031930468382e-01 -2.176097124162110208e-02 4.147673756463643446e-02
2.919731815835723765e+01 7.592761433444599195e-01 2.775042277073475616e-01 -3.092605174187119943e-02 3.518365442257388731e-02
2.929731815835723907e+01 7.560621563608203033e-01 2.806266360591104791e-01 -3.203692921591209941e-02 2.696821671998707662e-02
2.939731815835724049e+01 7.540230543104062821e-01 2.828459832349671244e-01 -4.329709819917763186e-03 1.721538794078358858e-02
2.949731815835724191e+01 7.547310165803808868e-01 2.840438145267819015e-01 1.274605231444432205e-02 6.679096913887769965e-03
2.959731815835724333e+01 7.556295308914728892e-01 2.841783840183366716e-01 1.843449776535943663e-03 -3.972674302846021521e-03
2.969731815835724476e+01 7.549063937949908043e-01 2.832559247210241216e-01 -1.521504518688828952e-02 -1.442788516607608137e-02
2.979731815835724618e+01 7.522848540189470690e-01 2.813058644920988782e-01 -4.245282996104774581e-02 -2.449679538863397052e-02
2.989731815835724760e+01 7.458863642023221274e-01 2.783700677087084796e-01 -8.143902809725689362e-02 -3.416802585983037821e-02
2.999731815835724902e+01 7.374187176617088557e-01 2.744824296404091979e-01 -8.395940644140925668e-02 -4.351434178431493049e-02
3.009731815835725044e+01 7.288851570877603603e-01 2.696880721772332290e-01 -8.704618137198033567e-02 -5.223861690310054734e-02
3.019731815835725186e+01 7.214490178433140555e-01 2.640678188703315943e-01 -5.021803157751651009e-02 -5.994903225639537647e-02
3.029731815835725328e+01 7.197522161965950183e-01 2.577601441340889865e-01 1.262138871502439114e-02 -6.579373446189241970e-02
3.039731815835725470e+01 7.231297981534537955e-01 2.510079456257994224e-01 5.110021310419272239e-02 -6.868824859984827558e-02
3.049731815835725612e+01 7.283961862069063820e-01 2.441429195334795799e-01 4.500310434778505286e-02 -6.799811295887890628e-02
3.059731815835725754e+01 7.312599248590682111e-01 2.375247813471036418e-01 9.688089617831102673e-03 -6.383104963948088573e-02
3.069731815835725897e+01 7.299218592743674794e-01 2.314699377796178570e-01 -2.975580649046003640e-02 -5.687651843539104357e-02
3.079731815835726039e+01 7.278807976631888055e-01 2.262170019922091213e-01 -9.053764344415772547e-03 -4.786259402357692649e-02
3.089731815835726181e+01 7.260798745755449035e-01 2.219580293509653135e-01 -2.944403079093319345e-02 -3.706274893103198714e-02
3.099731815835726323e+01 7.235927874445479135e-01 2.188433763568079782e-01 -2.014258156349728324e-02 -2.507327340946223851e-02
3.109731815835726465e+01 7.204120291668879572e-01 2.169667123918196383e-01 -4.452130583531569569e-02 -1.240895488569191719e-02
3.119731815835726607e+01 7.151887301582022793e-01 2.163573480345390987e-01 -6.461123715380308330e-02 1.356249359450393405e-04
3.129731815835726749e+01 7.069843307600027771e-01 2.169609616170080635e-01 -9.287848669821249792e-02 1.168862855128398846e-02
3.139731815835726891e+01 6.973217313797739347e-01 2.186337448718010112e-01 -1.039609976247481277e-01 2.141364185108340923e-02
3.149731815835727033e+01 6.861284233959709100e-01 2.211627164489671782e-01 -1.168252178347315290e-01 2.871255529327105399e-02
3.159731815835727176e+01 6.740430416875182740e-01 2.242790344464284658e-01 -1.232706379325635565e-01 3.309974765152322307e-02
3.169731815835727318e+01 6.624943936694975832e-01 2.276773691680618883e-01 -1.044098507388723091e-01 3.434762408073875617e-02
3.179731815835727460e+01 6.536876632397964348e-01 2.310504547532852837e-01 -6.698085832034572640e-02 3.266397889082988532e-02
3.189731815835727602e+01 6.489774635545110248e-01 2.341323991508988955e-01 -3.230547789662949199e-02 2.864858785638157296e-02
3.199731815835727744e+01 6.482164442978639585e-01 2.367256938043148795e-01 2.888208388935650101e-02 2.301687791574465181e-02
3.209731815835727531e+01 6.545098696743186784e-01 2.387182496732323522e-01 8.576721000347667379e-02 1.685477320221598005e-02
3.219731815835727673e+01 6.645364874841219738e-01 2.401144986554963057e-01 1.142564849889981804e-01 1.121688711339660291e-02
3.229731815835727815e+01 6.761495498167666707e-01 2.410004070886793970e-01 1.124324402984269583e-01 6.722562961985320898e-03
3.239731815835727957e+01 6.869754322281321768e-01 2.415039914236422613e-01 1.038913690580991200e-01 3.575859519687068361e-03
3.249731815835728099e+01 6.970481848862953855e-01 2.417607020500709136e-01 1.027465521113661157e-01 1.782763708864241103e-03
3.259731815835728241e+01 7.079442999768689182e-01 2.419082136117064741e-01 1.102348781444761616e-01 1.423083878114401622e-03
3.269731815835728383e+01 7.186965173350251535e-01 2.420960859759513362e-01 1.094840491259198578e-01 2.579373438101275999e-03
3.279731815835728526e+01 7.302985141813193026e-01 2.424737715667970306e-01 1.183222363759799112e-01 5.229727608311448943e-03
3.289731815835728668e+01 7.411734521155035615e-01 2.431905594920861224e-01 9.657815251747489671e-02 9.317162911312956014e-03
3.299731815835728810e+01 7.506050597765142607e-01 2.443710805582469114e-01 1.010149802303099698e-01 1.443443415121854582e-02
3.309731815835728952e+01 7.614480991770011808e-01 2.461059123573847984e-01 1.070691102283987672e-01 2.040406151360144374e-02
3.319731815835729094e+01 7.710481424747752666e-01 2.484736125557609199e-01 8.648660757716218617e-02 2.701141381026440913e-02
3.329731815835729236e+01 7.785073155810607881e-01 2.515112398854366105e-01 5.712209637324169864e-02 3.370558183851550538e-02
3.339731815835729378e+01 7.815627743388730009e-01 2.551933557850947221e-01 1.289013083163516316e-03 3.974654203208956293e-02
3.349731815835729520e+01 7.787595426937767851e-01 2.594042077102131638e-01 -5.259356239306084424e-02 4.409981851914905604e-02
3.359731815835729662e+01 7.724364159960801501e-01 2.639263913624151359e-01 -6.814744623409223212e-02 4.586893567994033971e-02
3.369731815835729805e+01 7.661703932782120141e-01 2.684812930921016139e-01 -5.278289258003462242e-02 4.475583583858821352e-02
3.379731815835729947e+01 7.617330498249075266e-01 2.727892853890815372e-01 -3.985413817436320172e-02 4.099563700822564383e-02
3.389731815835730089e+01 7.580116847882955033e-01 2.766036871086370863e-01 -3.404366607868122840e-02 3.493454565112901616e-02
3.399731815835730231e+01 7.547963374979016482e-01 2.797108148583012932e-01 -2.901969851868859557e-02 2.691291327411440837e-02
3.409731815835730373e+01 7.528060865247440114e-01 2.819354836443443424e-01 -1.026226711710175390e-02 1.737862036368853155e-02
3.419731815835730515e+01 7.525644614398698806e-01 2.831576113297175068e-01 5.781050395256635832e-03 6.974983875841351405e-03
3.429731815835730657e+01 7.533441951014616667e-01 2.833236603901483353e-01 3.071899834917781076e-03 -3.642166062017979794e-03
3.439731815835730799e+01 7.534480547157563768e-01 2.824363376505314438e-01 8.982416867290711482e-03 -1.403961141751666752e-02
3.449731815835730941e+01 7.555800437362845123e-01 2.805409979100082496e-01 2.534482603022508718e-02 -2.367555002074381645e-02
3.459731815835731084e+01 7.579803951168323506e-01 2.777467268585591120e-01 2.922888600706442103e-02 -3.195463720895842102e-02
3.469731815835731226e+01 7.621865858345706624e-01 2.742103661620228783e-01 5.299852264826891701e-02 -3.841725785745730981e-02
3.479731815835731368e+01 7.683100120904513552e-01 2.701432218203972391e-01 6.851724624334595837e-02 -4.248844650223168595e-02
3.489731815835731510e+01 7.754095121260768941e-01 2.658053787183836114e-01 7.248029483701146081e-02 -4.378957582012561744e-02
3.499731815835731652e+01 7.826715392203139610e-01 2.614819537030178553e-01 6.848849803496574740e-02 -4.219734154253641095e-02
3.509731815835731794e+01 7.888316205150657234e-01 2.574577190115856506e-01 6.186732229205246791e-02 -3.785796182618968164e-02
3.519731815835731936e+01 7.960315380839536603e-01 2.539943289713087471e-01 7.643712310088308926e-02 -3.098995974738921050e-02
3.529731815835732078e+01 8.030063054909667430e-01 2.513387970943130600e-01 6.606096547870374258e-02 -2.176848756408890362e-02
3.539731815835732220e+01 8.098044305205622795e-01 2.497032642013868042e-01 6.484221273775250816e-02 -1.066333457864464089e-02
3.549731815835732363e+01 8.145576519048929320e-01 2.492504523233609048e-01 2.745901613928029839e-02 1.749397881954750308e-03
3.559731815835732505e+01 8.155506964302560169e-01 2.500631437581022909e-01 -5.765665203603997924e-03 1.446532087440071702e-02
3.569731815835732647e+01 8.130582389175082803e-01 2.521191186358698877e-01 -4.831077136174657949e-02 2.644462242951107003e-02
3.579731815835732789e+01 8.059153398069003327e-01 2.552904139172081921e-01 -8.904281007768209688e-02 3.657785592993002127e-02
3.589731815835732931e+01 7.961803105382102563e-01 2.593401819705694056e-01 -1.019556279685702727e-01 4.389295449241343433e-02
3.599731815835733073e+01 7.868506828087181715e-01 2.639588471364939792e-01 -7.931591099641982501e-02 4.792724249409720250e-02
3.609731815835733215e+01 7.800993624872073484e-01 2.688197627347363450e-01 -5.621168054421771254e-02 4.878638203309589721e-02
3.619731815835733357e+01 7.768300933536965713e-01 2.736218354105408035e-01 -4.949942093558236389e-03 4.683908930751269628e-02
3.629731815835733499e+01 7.780125673739531900e-01 2.781190293609133724e-01 1.951428333572982274e-02 4.282108977208531203e-02
3.639731815835733642e+01 7.795240851173603769e-01 2.821345884554245509e-01 7.136680893068641021e-03 3.724481481719657538e-02
3.649731815835733784e+01 7.794837625119960256e-01 2.855191645974284320e-01 -4.902340119890047365e-03 3.020669059858685848e-02
3.659731815835733926e+01 7.783217519343998969e-01 2.881311198652860006e-01 -2.278310708198424614e-02 2.182246832922783708e-02
3.669731815835734068e+01 7.749313661363330663e-01 2.898421303798218718e-01 -4.195241421144905308e-02 1.219492681405955591e-02
3.679731815835734210e+01 7.701012805366196368e-01 2.905330362510353814e-01 -5.212122840727140272e-02 1.459224475469197285e-03
3.689731815835734352e+01 7.663256348570021137e-01 2.901088351932558651e-01 -1.274987389392918252e-02 -1.000249450061672929e-02
3.699731815835734494e+01 7.688648575152520204e-01 2.885426622643120220e-01 6.817582265389565688e-02 -2.114243996847644386e-02
3.709731815835734636e+01 7.801568286211816305e-01 2.859447875092990810e-01 1.517412957578014587e-01 -3.034932170604107832e-02
3.719731815835734778e+01 7.976640209955403460e-01 2.825886432937785853e-01 1.923641248862601738e-01 -3.610788487849430489e-02
3.729731815835734920e+01 8.166368867956750321e-01 2.788658453256211978e-01 1.721531732783872781e-01 -3.762273812772285592e-02
3.739731815835735063e+01 8.302733693160979644e-01 2.751980833158412798e-01 9.943404454398062364e-02 -3.514896491826457331e-02
3.749731815835735205e+01 8.357763582885471276e-01 2.719318931478892365e-01 2.754524365159938259e-03 -2.981578006878745843e-02
3.759731815835735347e+01 8.306096215519007675e-01 2.692764452057957447e-01 -9.905148830005869320e-02 -2.324101545011703074e-02
3.769731815835735489e+01 8.167067493863472416e-01 2.672678751596891944e-01 -1.810447934021028882e-01 -1.713060450822917816e-02
3.779731815835735631e+01 7.944943143228530014e-01 2.657858170818510612e-01 -2.582770222545005545e-01 -1.295084861025542697e-02
3.789731815835735773e+01 7.660201402446750185e-01 2.645711121462877013e-01 -3.068374882356569855e-01 -1.195086918113590774e-02
3.799731815835735915e+01 7.344792510893193294e-01 2.632650188133481839e-01 -3.153106965918894833e-01 -1.484439145085905166e-02
3.809731815835736057e+01 7.044675869257009948e-01 2.614724764207274621e-01 -2.797846569170761022e-01 -2.160379248489081166e-02
3.819731815835736199e+01 6.795401419343444216e-01 2.588412376620255473e-01 -2.095576346392393208e-01 -3.143417332254369589e-02
3.829731815835736342e+01 6.649702758784460377e-01 2.551324545638943286e-01 -7.657397956131362093e-02 -4.282326273304343234e-02
3.839731815835736484e+01 6.624804288274844799e-01 2.503004401551180425e-01 1.255120809136844873e-02 -5.352409926665433609e-02
3.849731815835736626e+01 6.657197054590785479e-01 2.445089050448432944e-01 4.687647243806668251e-02 -6.181418899708231857e-02
3.859731815835736768e+01 6.713230970018286836e-01 2.380473371078747069e-01 6.847686600662911127e-02 -6.682392398428262104e-02
3.869731815835736910e+01 6.803633428590787346e-01 2.312726262280238032e-01 1.125171005315382666e-01 -6.797026424853486182e-02
3.879731815835737052e+01 6.933859016616032989e-01 2.246033350804088613e-01 1.449985578990847235e-01 -6.462810754793206491e-02
3.889731815835737194e+01 7.074744380905585439e-01 2.185064445317328186e-01 1.221862540284669035e-01 -5.653752955047688239e-02
3.899731815835737336e+01 7.159777955511567038e-01 2.134318538006928778e-01 4.479759017302685498e-02 -4.439761412737613239e-02
3.909731815835737478e+01 7.160190899595766378e-01 2.097090723897658826e-01 -4.438559129589908503e-02 -2.980309068466465566e-02
3.919731815835737621e+01 7.074420814762139020e-01 2.074903412799430358e-01 -1.258391786239726473e-01 -1.463147476320503758e-02
3.929731815835737763e+01 6.915902740097649160e-01 2.067415093823361250e-01 -1.819223276779756704e-01 -6.853050548968099565e-04
3.939731815835737905e+01 6.732473952519145710e-01 2.072671768672320058e-01 -1.748568278084368377e-01 1.071294039110799214e-02
3.949731815835738047e+01 6.586996320619753487e-01 2.087861979696810921e-01 -1.090236159421433121e-01 1.920801065045278644e-02
3.959731815835738189e+01 6.513462178993646434e-01 2.110294008260397425e-01 -3.907714268071157959e-02 2.532325680111371588e-02
3.969731815835738331e+01 6.518179730242504855e-01 2.137978479290791878e-01 5.167729490601910558e-02 2.986496255303641711e-02
3.979731815835738473e+01 6.606603215905333393e-01 2.169852546315944319e-01 1.168809734527031241e-01 3.387759392402266839e-02
3.989731815835738615e+01 6.739745638420365781e-01 2.205815132628514419e-01 1.463135004446640408e-01 3.811771036262530388e-02
3.999731815835738757e+01 6.903812046000848968e-01 2.246263262302946040e-01 1.855426971163164351e-01 4.288993417106233552e-02
4.009731815835738900e+01 7.099410246182578099e-01 2.291879847561328620e-01 1.928125404983089541e-01 4.849769642009653381e-02
4.019731815835739042e+01 7.275004248100194193e-01 2.343490295786672672e-01 1.585847067563344037e-01 5.477998942797505239e-02
4.029731815835739184e+01 7.423055396938986750e-01 2.401432930235777863e-01 1.422319696533229649e-01 6.105091659891485195e-02
4.039731815835739326e+01 7.563828261777583162e-01 2.465419789548142782e-01 1.360287463651529416e-01 6.681110748546550959e-02
4.049731815835739468e+01 7.684111936608075677e-01 2.534757554513899502e-01 1.009127967352859978e-01 7.166380523029551586e-02
4.059731815835739610e+01 7.768059742454047623e-01 2.608220947218940489e-01 7.319348496316707697e-02 7.494339052533646739e-02
4.069731815835739752e+01 7.836441083585243828e-01 2.683946382548876852e-01 5.617632145862535425e-02 7.613936937954661477e-02
4.079731815835739894e+01 7.860853845858479794e-01 2.759676995617273976e-01 -8.651434678757403962e-03 7.484293088961348206e-02
4.089731815835740036e+01 7.825312993441999598e-01 2.832537863591172989e-01 -6.327864211597376831e-02 7.027671862126820546e-02
4.099731815835740178e+01 7.731944827977582646e-01 2.898929515169617610e-01 -1.214466001658870697e-01 6.180965013225672711e-02
4.109731815835740321e+01 7.584394417414354050e-01 2.954700284366518770e-01 -1.706567115877702101e-01 4.898106180852201952e-02
4.119731815835740463e+01 7.416367712019656944e-01 2.995403175369358850e-01 -1.495776348023073465e-01 3.173152443954731228e-02
4.129731815835740605e+01 7.298745404904966039e-01 3.017018572272529009e-01 -8.280155826109793227e-02 1.107084574948034514e-02
4.139731815835740747e+01 7.257101029022249294e-01 3.017015007078926447e-01 -3.700410631687828245e-03 -1.116774068745790549e-02
4.149731815835740889e+01 7.277510200861259104e-01 2.994828243619238606e-01 4.203467635128353697e-02 -3.299130573576428138e-02
4.159731815835741031e+01 7.336508347243921868e-01 2.951712168080963816e-01 6.866773585057031615e-02 -5.278506317599498260e-02
4.169731815835741173e+01 7.407486341798319440e-01 2.890336325811523333e-01 7.620413982309394429e-02 -6.935847659527107079e-02
4.179731815835741315e+01 7.489685052572989665e-01 2.814348393485850419e-01 8.542405937319394460e-02 -8.187735607047696984e-02
4.189731815835741457e+01 7.577965732919003106e-01 2.728152649611745861e-01 8.966283919514481116e-02 -8.968994429489074438e-02
4.199731815835741600e+01 7.657162979967054861e-01 2.636654716838225387e-01 6.610975830991595859e-02 -9.246833598116116493e-02
4.209731815835741742e+01 7.715562283652261932e-01 2.544840314880741916e-01 4.972564917447250266e-02 -9.037255870585164663e-02
4.219731815835741884e+01 7.743724763137116440e-01 2.457404878246885194e-01 2.456112678952855621e-03 -8.381637653233324492e-02
4.229731815835742026e+01 7.722395736722299509e-01 2.378391026598468960e-01 -4.140417995420774683e-02 -7.371127068189073372e-02
4.239731815835742168e+01 7.673274303044601563e-01 2.310821072234235662e-01 -5.194610841921371014e-02 -6.107605333700604627e-02
4.249731815835742310e+01 7.608866859336416155e-01 2.256832155634999337e-01 -8.764992454729017557e-02 -4.667895716367454623e-02
4.259731815835742452e+01 7.488742815360248661e-01 2.217676434504310956e-01 -1.512064799112808888e-01 -3.165521523900548945e-02
4.269731815835742594e+01 7.307940528002414560e-01 2.193223866872117955e-01 -2.084399382763911235e-01 -1.752203407277248826e-02
4.279731815835742736e+01 7.088795999128539860e-01 2.181875034314401107e-01 -2.188255211721850946e-01 -5.632708697469348061e-03
4.289731815835742879e+01 6.879132586246010650e-01 2.180983778010759100e-01 -2.003947556436447286e-01 3.348489179793317019e-03
4.299731815835743021e+01 6.699754189906936830e-01 2.187565727523193282e-01 -1.467459122468919852e-01 9.333206323005988417e-03
4.309731815835743163e+01 6.601348744028412430e-01 2.198830025169103419e-01 -4.850924067063537570e-02 1.288276324805324134e-02
4.319731815835743305e+01 6.599229209873825885e-01 2.212923539856372634e-01 3.859118829817201335e-02 1.520574796626597211e-02
4.329731815835743447e+01 6.659745155081626677e-01 2.229204899475495938e-01 7.585775311831940981e-02 1.739226340213881339e-02
4.339731815835743589e+01 6.754042675433213905e-01 2.247835786330607544e-01 1.160526364558587542e-01 1.996685905083282059e-02
4.349731815835743731e+01 6.891693352147771900e-01 2.269419633684018611e-01 1.627648916128682233e-01 2.338313404384815761e-02
4.359731815835743873e+01 7.095637623820556517e-01 2.295079415658940192e-01 2.444289716804028401e-01 2.825246596200407800e-02
4.369731815835744015e+01 7.349464217789626330e-01 2.326683951556648700e-01 2.484875388599383506e-01 3.535094499054337869e-02
4.379731815835744158e+01 7.594313469516680293e-01 2.366481093210205666e-01 2.480083633674270982e-01 4.455024071524930906e-02
4.389731815835744300e+01 7.838218191364259013e-01 2.416344137268310599e-01 2.289655324838429928e-01 5.541373810915378728e-02
4.399731815835744442e+01 8.035733473947944683e-01 2.477610829421000860e-01 1.606851576114365354e-01 6.715956374450911259e-02
4.409731815835744584e+01 8.156976701192498735e-01 2.550476451427420854e-01 8.651961637922753190e-02 7.834224352787752532e-02
4.419731815835744726e+01 8.217338719985203266e-01 2.633606067155409569e-01 3.217308992663906603e-02 8.747161864696575972e-02
4.429731815835744868e+01 8.215245937792063913e-01 2.724326833998669262e-01 -3.414318409343868738e-02 9.331836530736897783e-02
4.439731815835745010e+01 8.158290845722054874e-01 2.818763866444971566e-01 -7.639109047030856470e-02 9.474775760442276373e-02
4.449731815835745152e+01 8.073654720357513748e-01 2.912124942602012379e-01 -8.391029532674453006e-02 9.110849456105465927e-02
4.459731815835745294e+01 8.002101370479509646e-01 2.999307140572777253e-01 -5.874447765066689864e-02 8.247116379157004573e-02
4.469731815835745437e+01 7.954242835121576594e-01 3.075629137097740107e-01 -3.759549407519786890e-02 6.952284449661724763e-02
4.479731815835745579e+01 7.927105001203693657e-01 3.137202185210531402e-01 -1.531053754928615382e-02 5.312792985203927676e-02
4.489731815835745721e+01 7.923327079352389113e-01 3.181075248014273438e-01 2.886656698618057099e-03 3.430638347248306935e-02
4.499731815835745863e+01 7.921676250022666732e-01 3.205345794807911153e-01 -6.134759361173962311e-03 1.406374676875102661e-02
4.509731815835746005e+01 7.919029146114904272e-01 3.208992706739583478e-01 2.799294741890846414e-04 -6.796706814439459898e-03
4.519731815835746147e+01 7.906965901506093353e-01 3.191845158459259424e-01 -3.009822579975104592e-02 -2.740156164636679825e-02
4.529731815835746289e+01 7.869449698015161809e-01 3.154444952559230519e-01 -3.341629615471317094e-02 -4.722456308819916737e-02
4.539731815835746431e+01 7.853982165394600701e-01 3.097921557818640870e-01 4.438527360332109040e-03 -6.545421340698079349e-02
4.549731815835746573e+01 7.879314195864790538e-01 3.024493199963870227e-01 4.420784655792667217e-02 -8.081637397598896710e-02
4.559731815835746715e+01 7.932630294277885907e-01 2.937641743641637992e-01 5.735066436540273843e-02 -9.213964134712167298e-02
4.569731815835746858e+01 7.986884015937655290e-01 2.841786819495223937e-01 4.889348116881018363e-02 -9.876065001980878499e-02
4.579731815835747000e+01 8.029311131473342300e-01 2.741746918099506880e-01 3.452915444423412111e-02 -1.005108006243516650e-01
4.589731815835747142e+01 8.042930401153707276e-01 2.642332600764293327e-01 -1.451708521342796182e-02 -9.758467990841813988e-02
4.599731815835747284e+01 7.999077098946902886e-01 2.547871527853733387e-01 -7.050248570280642779e-02 -9.078303976969144540e-02
4.609731815835747426e+01 7.904613770074380152e-01 2.461694881928458978e-01 -1.139744954297256530e-01 -8.119658579510163898e-02
4.619731815835747568e+01 7.787677701893105375e-01 2.386077078089089420e-01 -1.147787162991724536e-01 -6.979260795370111070e-02
4.629731815835747710e+01 7.676298670089194420e-01 2.322532739395885004e-01 -1.069832310791927893e-01 -5.712008153970614399e-02
4.639731815835747852e+01 7.573619287999698857e-01 2.272119777439846056e-01 -1.014378603352192321e-01 -4.360041534969294474e-02
4.649731815835747994e+01 7.473511899436461325e-01 2.235449068507459891e-01 -9.373621965992211258e-02 -2.972894534232866509e-02
4.659731815835748137e+01 7.395983312824859768e-01 2.212631284969447387e-01 -5.765030902403011498e-02 -1.593514331820079441e-02
4.669731815835748279e+01 7.362736733631687347e-01 2.203527614578884297e-01 -1.085474054198710958e-02 -2.288389909778270129e-03
4.679731815835748421e+01 7.361683512839234389e-01 2.208022088151528617e-01 5.813253095867023518e-04 1.124242685276192685e-02
4.689731815835748563e+01 7.344550986306360718e-01 2.225833761000002575e-01 -4.181508941017719749e-02 2.421030543471302393e-02
4.699731815835748705e+01 7.291168370508200880e-01 2.255899690799136603e-01 -4.869376145447550097e-02 3.557196570535932356e-02
4.709731815835748847e+01 7.263137926088012453e-01 2.296252444131238746e-01 -8.952999902632784168e-03 4.478214982935534855e-02
4.719731815835748989e+01 7.268149183976191363e-01 2.344787246329352315e-01 1.405231900232121675e-02 5.195779814965623133e-02
4.729731815835749131e+01 7.279633540312320239e-01 2.399491888221826630e-01 9.717177976887307611e-03 5.709141680107458067e-02
4.739731815835749273e+01 7.292622129622218230e-01 2.458217989062752018e-01 1.045926431822442187e-02 5.997885997252298818e-02
4.749311316884676870e+01 7.289949515357388998e-01 2.516100247069815166e-01 -1.137187593683659792e-02 6.046694163632959640e-02
4.759111431444686957e+01 7.283932610678688357e-01 2.574570993346173564e-01 -1.375102844018247228e-03 5.844255929452561726e-02
4.769111431444687099e+01 7.286477699978255451e-01 2.630947178802207631e-01 1.360258486291759071e-02 5.391783166645006120e-02
4.779111431444687241e+01 7.320751952571645793e-01 2.681728850720720425e-01 5.036963717652596928e-02 4.737549843336467253e-02
4.789111431444687383e+01 7.377154498215384715e-01 2.725271533770584065e-01 6.359925453770115533e-02 3.954124606572524681e-02
4.799111431444687526e+01 7.455375468103984105e-01 2.760574703926260698e-01 9.461320514513739399e-02 3.100879494377448836e-02
4.809111431444687668e+01 7.567170850746928190e-01 2.787317193734649701e-01 1.313029610148911119e-01 2.256181309383516534e-02
4.819111431444687810e+01 7.725136054817000053e-01 2.806030448006007760e-01 1.837926742920997225e-01 1.511998304185873873e-02
4.829111431444687952e+01 7.918197475750529124e-01 2.818225501416398715e-01 1.929528300458712986e-01 9.655980555436460486e-03
4.839111431444688094e+01 8.107439915144559750e-01 2.826136589800778975e-01 1.905602784575723407e-01 6.567475520904163255e-03
4.849111431444688236e+01 8.308221850248670437e-01 2.832198369791031345e-01 2.080890807295207867e-01 6.001031884010704469e-03
4.859111431444688378e+01 8.496169975104879146e-01 2.839035239617760387e-01 1.519354265025745221e-01 8.080113038244018941e-03
4.869111431444688520e+01 8.604486792146361918e-01 2.848962179988129284e-01 6.914853177540637719e-02 1.195802321536789184e-02
4.879111431444688662e+01 8.632153247994270862e-01 2.863103718768548189e-01 -1.979821158485499388e-02 1.628776982473824700e-02
4.889111431444688805e+01 8.562577889783928864e-01 2.881197292842739288e-01 -1.143886000991965052e-01 1.959523821114357231e-02
4.899111431444688947e+01 8.419447258238843546e-01 2.901468631612815208e-01 -1.631106746613809055e-01 2.045240862218212011e-02
4.909111431444689089e+01 8.247616424838486449e-01 2.921031945731666357e-01 -1.770844829997020586e-01 1.811939189534178887e-02
4.919111431444689231e+01 8.075609041931324228e-01 2.936607415482905825e-01 -1.620429460152540968e-01 1.250617937296324977e-02
4.929111431444689373e+01 7.932434527647390654e-01 2.945097743917307054e-01 -1.145066003944673061e-01 4.070544564487401859e-03
4.939111431444689515e+01 7.871424378126862242e-01 2.944173387884528315e-01 -2.967903220545450860e-03 -6.052280966744255988e-03
4.949111431444689657e+01 7.921436197949848212e-01 2.933076524907901605e-01 1.011894034498091038e-01 -1.593305172670824582e-02
4.959111431444689799e+01 8.062550317392921384e-01 2.913028055404217054e-01 1.678257215438082595e-01 -2.367097215044934935e-02
4.969111431444689941e+01 8.239059182443300156e-01 2.886870695835648815e-01 1.836768210761762221e-01 -2.803018196846114585e-02
4.979111431444690083e+01 8.420543644968614405e-01 2.858244017346398547e-01 1.712585892628606665e-01 -2.857989672515258081e-02
4.989111431444690226e+01 8.575771980726908383e-01 2.830932261843752129e-01 1.392239153646209204e-01 -2.547827683626491604e-02
4.999111431444690368e+01 8.695740961935755076e-01 2.808308706524964560e-01 1.001587133404976404e-01 -1.932265393843628914e-02
5.009111431444690510e+01 8.767479296750347872e-01 2.793028567505376758e-01 3.058601871091329305e-02 -1.095869873042447720e-02
5.019111431444690652e+01 8.740488620655715302e-01 2.786662801508104081e-01 -7.961381323807886767e-02 -1.803996715921131824e-03
5.029111431444690794e+01 8.623750139063680598e-01 2.789060023608772587e-01 -1.507604438424026416e-01 6.292350511358400442e-03
5.039111431444690936e+01 8.448365518391248719e-01 2.798427093878290139e-01 -1.912589810060633111e-01 1.194481128105780512e-02
5.049111431444691078e+01 8.258325583599877007e-01 2.811866843299817842e-01 -1.799610224719460083e-01 1.437785674997189150e-02
5.059111431444691220e+01 8.104625738903742382e-01 2.826128443580694927e-01 -1.237805050584499245e-01 1.367550392363145635e-02
5.069111431444691362e+01 8.016851833521781989e-01 2.838439990979505501e-01 -4.565637447230648516e-02 1.065187017335010762e-02
5.079111431444691505e+01 8.018068453989105615e-01 2.847078389971241519e-01 4.426553530166517370e-02 6.574819187339812909e-03
5.089111431444691647e+01 8.098604258412422929e-01 2.851717188607174602e-01 1.132683641856677692e-01 2.870628907770781790e-03
5.099111431444691789e+01 8.229747575246526559e-01 2.853321218151418370e-01 1.433883515812473253e-01 6.476562753096595446e-04
5.109111431444691931e+01 8.382404427719237772e-01 2.853698543607270932e-01 1.561412782021077694e-01 4.759054959971932325e-04
5.119111431444692073e+01 8.522637686504392907e-01 2.855001810613521651e-01 1.198503640437309919e-01 2.459155708159347330e-03
5.129111431444692215e+01 8.615613613103643154e-01 2.859151303195207605e-01 5.613983903603331216e-02 6.033675931246815401e-03
5.139111431444692357e+01 8.621669726157643598e-01 2.867230748785574157e-01 -3.777178618325255366e-02 1.007419460724400667e-02
5.149111431444692499e+01 8.561446100567197126e-01 2.878983876688969157e-01 -7.732228219085875154e-02 1.319893196093532839e-02
5.159111431444692641e+01 8.468015275420649468e-01 2.893064643557284876e-01 -1.099469626101925446e-01 1.463490988143476695e-02
5.169111431444692784e+01 8.346444849438779956e-01 2.907516419694584631e-01 -1.264513457799694429e-01 1.386966950122244836e-02
5.179111431444692926e+01 8.224533928470948441e-01 2.920007744753812529e-01 -1.201306680420942963e-01 1.073187129107781683e-02
5.189111431444693068e+01 8.098426423817659536e-01 2.928243649350369959e-01 -1.313756780226114640e-01 5.376690292308260871e-03
5.199111431444693210e+01 7.962857224544780399e-01 2.930054464727376851e-01 -1.408451480886886431e-01 -2.094006691695927784e-03
5.209111431444693352e+01 7.830452156688916254e-01 2.923418968018571262e-01 -1.087843018183660554e-01 -1.145096889508490784e-02
5.219111431444693494e+01 7.762415401188087483e-01 2.906814718214425497e-01 -2.893765965877843904e-02 -2.179652376417957199e-02
5.229111431444693636e+01 7.771046211513363833e-01 2.880004869351371344e-01 4.943144725612096113e-02 -3.160716772021916754e-02
5.239111431444693778e+01 7.860575343189132314e-01 2.844297641824954925e-01 1.245574177083838829e-01 -3.933045222144636310e-02
5.249111431444693920e+01 8.015470279489844696e-01 2.802505519432194059e-01 1.866677755453258758e-01 -4.357982738683065932e-02
5.259111431444694063e+01 8.230765966331795580e-01 2.758658819351054725e-01 2.379448087086133701e-01 -4.327807370002734189e-02
5.269111431444694205e+01 8.483360691452755953e-01 2.717703936660488817e-01 2.660679482209015179e-01 -3.773098911704977909e-02
5.279111431444694347e+01 8.750515708061269438e-01 2.685001908306468565e-01 2.551328493214281568e-01 -2.679521913453234219e-02
5.289111431444694489e+01 8.973645639259684170e-01 2.665694408209815514e-01 1.899647313188971287e-01 -1.115124505691619805e-02
5.299111431444694631e+01 9.133431511081384624e-01 2.663761595670124938e-01 1.265593928343765329e-01 7.678362471928188576e-03
5.309111431444694773e+01 9.215070549612778272e-01 2.681525013275697922e-01 3.591766058758011360e-02 2.791069905745015289e-02
5.319111431444694915e+01 9.220457680360217845e-01 2.719357553388915827e-01 -1.690684751822706111e-02 4.748988635892564120e-02
5.329111431444695057e+01 9.178725728183535493e-01 2.775738133744952152e-01 -7.361120922623176632e-02 6.476704934157742621e-02
5.339111431444695199e+01 9.067705735395318323e-01 2.847604991518219997e-01 -1.472486172366017643e-01 7.818245784399159570e-02
5.349111431444695341e+01 8.888816622145140345e-01 2.930281163866247929e-01 -2.045247331150729098e-01 8.614650282502644973e-02
5.359111431444695484e+01 8.671796675607017502e-01 3.017703209100064954e-01 -2.305563140551378232e-01 8.755367264653070303e-02
5.369111431444695626e+01 8.417443630240133423e-01 3.103029416859317546e-01 -2.752220698312700664e-01 8.187889389624865288e-02
5.379111431444695768e+01 8.145644359926123013e-01 3.179002624623417650e-01 -2.585737946343021343e-01 6.887481457011156161e-02
5.389111431444695910e+01 7.904805577590118260e-01 3.238574679607626461e-01 -2.208446715352809231e-01 4.927264872914198512e-02
5.399111431444696052e+01 7.719252759353053550e-01 3.275817088508957697e-01 -1.402889794581951566e-01 2.450850537365832985e-02
5.409111431444696194e+01 7.641877205767083625e-01 3.286608046828967122e-01 -7.890711769644676021e-03 -3.176972156997324992e-03
5.419111431444696336e+01 7.707465110298031830e-01 3.269503265292472149e-01 1.355678509265514642e-01 -3.073670110205785344e-02
5.429111431444696478e+01 7.897348444155557479e-01 3.226236861614348306e-01 2.347266697270754543e-01 -5.501661899617470153e-02
5.439111431444696620e+01 8.162140923955084615e-01 3.161386099485772316e-01 2.877849198957078136e-01 -7.357712207891804745e-02
5.449111431444696763e+01 8.449664681616402273e-01 3.081499759508812275e-01 2.743945689957835721e-01 -8.493016322959986986e-02
5.459111431444696905e+01 8.700125467592231265e-01 2.994037392410330289e-01 2.258056543253888215e-01 -8.877353776996110835e-02
5.469111431444697047e+01 8.889786121218511417e-01 2.906276627317502803e-01 1.448438599844262820e-01 -8.567263686298742797e-02
5.479111431444697189e+01 8.982143164269604796e-01 2.824577573945836195e-01 3.880699672388725208e-02 -7.693399127347735900e-02
5.489111431444697331e+01 8.961764443751757403e-01 2.753655781022874560e-01 -8.161803275986499739e-02 -6.446809296575209403e-02
5.499111431444697473e+01 8.821351556673469041e-01 2.696136186259607825e-01 -1.956487378065906724e-01 -5.051619544238324100e-02
5.509111431444697615e+01 8.584905950324914770e-01 2.652382378426537679e-01 -2.662079508844278908e-01 -3.726539489623690443e-02
5.519111431444697757e+01 8.310268394864882557e-01 2.620850321002897165e-01 -2.737591497835800691e-01 -2.624629053091848130e-02
5.529111431444697899e+01 8.050979518896088649e-01 2.598946083271360119e-01 -2.445308111182208088e-01 -1.803547083661698192e-02
5.539111431444698042e+01 7.811935326986676476e-01 2.583843445911360170e-01 -2.353631403149743784e-01 -1.264200120866330358e-02
5.549111431444698184e+01 7.585585209407423868e-01 2.572708561305129815e-01 -2.154242158418273601e-01 -1.009689640218857341e-02
5.559111431444698326e+01 7.387255951334845694e-01 2.562758226224081670e-01 -1.740441358164395713e-01 -1.021319967342413162e-02
5.569111431444698468e+01 7.245152530466720808e-01 2.551599483849990579e-01 -1.125495806133085253e-01 -1.236407446435059017e-02
5.579111431444698610e+01 7.160651427090285459e-01 2.537667618162541272e-01 -5.540590223059437686e-02 -1.560231793592460614e-02
5.589111431444698752e+01 7.124126622686796084e-01 2.520346689120639416e-01 -2.722602096701753557e-02 -1.900036184169009990e-02
5.599111431444698894e+01 7.089454751910493346e-01 2.499792918570388212e-01 -5.077240211377431756e-02 -2.204458213681393872e-02
5.609111431444699036e+01 7.014184884283756194e-01 2.476311022806942652e-01 -9.239157695244439028e-02 -2.493964244034058142e-02
5.619111431444699178e+01 6.927741658499616539e-01 2.449838265582130747e-01 -7.569313900695445740e-02 -2.802750860626426754e-02
5.629111431444699321e+01 6.863929287321234307e-01 2.420289261096105204e-01 -5.175442077732048118e-02 -3.101471759495433647e-02
5.639111431444699463e+01 6.808970863110161975e-01 2.387986449741709427e-01 -7.043341611719103335e-02 -3.349245605539302728e-02
5.649111431444699605e+01 6.724836914499618956e-01 2.353434414329496627e-01 -8.577100491105207891e-02 -3.557594087637219044e-02
5.659111431444699747e+01 6.647221130318871074e-01 2.316930096021635188e-01 -7.024415953921994693e-02 -3.736050128638101347e-02
5.669111431444699889e+01 6.595707118416251902e-01 2.278913149721049358e-01 -2.556159118676284980e-02 -3.852925319970301049e-02
5.679111431444700031e+01 6.590848161711155839e-01 2.240291919686625555e-01 7.536630790295296978e-03 -3.844780851833878854e-02
5.689111431444700173e+01 6.600781264718595942e-01 2.202588730073826717e-01 1.139847411595622598e-02 -3.666844608918114895e-02
5.699111431444700315e+01 6.619457909028962916e-01 2.167530450825905231e-01 3.064110345465222845e-02 -3.315659379016274583e-02
5.709111431444700457e+01 6.665215307122462907e-01 2.136893201727946001e-01 6.093944289301821138e-02 -2.779010216232999028e-02
5.719111431444700600e+01 6.743151315559738901e-01 2.112638467876488124e-01 9.353088495148628723e-02 -2.035903133046532490e-02
5.729111431444700742e+01 6.848212748965071262e-01 2.096908235082339256e-01 1.179691925389695500e-01 -1.073760897374026815e-02
5.739111431444700884e+01 6.973366294947438426e-01 2.091878398942533246e-01 1.209915882064641346e-01 1.017253404906269185e-03
5.749111431444701026e+01 7.079529306817355927e-01 2.099494556501158571e-01 9.764521724535180081e-02 1.441118918609475899e-02
5.759111431444701168e+01 7.173846690943395110e-01 2.120966665717543831e-01 8.482855797987511048e-02 2.860792323587710295e-02
5.769111431444701310e+01 7.247913701554075105e-01 2.156705973172313440e-01 7.135427858297781201e-02 4.279082315915853224e-02
5.779111431444701452e+01 7.329911231905745783e-01 2.206294854739765665e-01 9.663057140899564135e-02 5.623294099740473728e-02
5.789111431444701594e+01 7.443801652012057568e-01 2.268847911602359935e-01 1.246374771422192190e-01 6.870770373570581069e-02
5.799111431444701736e+01 7.557562652799947323e-01 2.343321058133355506e-01 9.753690029746397983e-02 7.998532744722149090e-02
5.809111431444701878e+01 7.642109375271297633e-01 2.428158374985653623e-01 7.562671975274797009e-02 8.929062818747621200e-02
5.819111431444702021e+01 7.723655609429986857e-01 2.521017274416283982e-01 9.722994131474212154e-02 9.596599163070815286e-02
5.829111431444702163e+01 7.841663229262588741e-01 2.619215275847351920e-01 1.324604928823507055e-01 1.000257501061081605e-01
5.839111431444702305e+01 7.972860000938948311e-01 2.720288213755227558e-01 1.243097622824867465e-01 1.017248220946432580e-01
5.849111431444702447e+01 8.087959675998465103e-01 2.821829378285087286e-01 1.081624094584174162e-01 1.009178450221355078e-01
5.859111431444702589e+01 8.191749647162064329e-01 2.921226697448011667e-01 1.013660806791326224e-01 9.742683306283964062e-02
5.869111431444702731e+01 8.302439308365729964e-01 3.015814679256813013e-01 1.213922919075780260e-01 9.135119614075225269e-02
5.879111431444702873e+01 8.410770103516229668e-01 3.103212555086838353e-01 8.300748988795191019e-02 8.309355749991156892e-02
5.889111431444703015e+01 8.475513376723433634e-01 3.181239237730371650e-01 5.535675706062201384e-02 7.256344693636566923e-02
5.899111431444703157e+01 8.518083962643865359e-01 3.247584084482198485e-01 2.629501891009318124e-02 5.976402825434225241e-02
5.909111431444703300e+01 8.541809482801759890e-01 3.300068779005319031e-01 3.063197549778740383e-02 4.489320629842855070e-02
5.919111431444703442e+01 8.579842123551623123e-01 3.336895530624497397e-01 4.032527670901889932e-02 2.859872570815459245e-02
5.929111431444703584e+01 8.620707242289288308e-01 3.357064779225600315e-01 4.577380774142252029e-02 1.169939938969664570e-02
5.939111431444703726e+01 8.678324293743938656e-01 3.360366673745864285e-01 6.857776963267385451e-02 -4.973510145933807136e-03
5.949111431444703868e+01 8.758885788009806994e-01 3.347528634229622324e-01 9.861758378798220204e-02 -2.041331284609619948e-02
5.959111431444704010e+01 8.879266140639505700e-01 3.320319871146182322e-01 1.324675492163575330e-01 -3.351269592680449633e-02
5.969111431444704152e+01 8.999109031491328015e-01 3.281600147859476402e-01 9.924737210400699783e-02 -4.336136990501827937e-02
5.979111431444704294e+01 9.065032347933111856e-01 3.234674410699778790e-01 2.905752781776334281e-02 -5.000070640441596492e-02
5.989111431444704436e+01 9.068302525864033736e-01 3.182447142615106306e-01 -1.437806784297222806e-02 -5.408175582679318472e-02
5.999111431444704579e+01 9.033007079926899108e-01 3.127196074097999268e-01 -6.115881027374749784e-02 -5.611627182366344530e-02
6.000000000000000000e+01 9.027367378969791689e-01 3.122205268547306733e-01 -6.573662764205126519e-02 -5.621544197389254094e-02
